0 0 0 0 0 0
2.5 0 0 6.27839e-45 5.24839e-34 0
5 0 0 3.13215e-45 6.0706e-34 0
7.5 0 0 6.75638e-46 6.40801e-34 0
10 0 0 1.23721e-48 5.14785e-34 0
12.5 0 0 3.10714e-46 8.00884e-34 0
15 0 0 4.21812e-46 1.74821e-33 0
17.5 0 0 1.49265e-46 1.86309e-33 0
20 0 0 9.85096e-49 6.17851e-34 0
22.5 0 0 1.3841e-46 1.93181e-33 0
25 0 0 2.24873e-46 8.17053e-33 0
27.5 0 0 9.59181e-47 1.06996e-32 0
30 0 0 2.48298e-49 2.32276e-33 0
32.5 0 0 1.04072e-46 9.97156e-33 0
35 0 0 2.01317e-46 9.2505e-32 0
37.5 0 0 1.07911e-46 2.68266e-31 0
40 0 0 5.88792e-49 4.47139e-31 0
42.5 0 0 9.3467e-47 4.85098e-31 0
45 0 0 2.35706e-46 3.37572e-31 0
47.5 0 0 1.6852e-46 1.25578e-31 0
50 0 0 1.07343e-47 8.54798e-33 0
52.5 0 0 8.38826e-47 1.45296e-32 0
55 0 0 3.20532e-46 4.53392e-32 0
57.5 0 0 3.17895e-46 3.04502e-32 0
60 0 0 6.09237e-47 2.4851e-33 0
62.5 0 0 6.89108e-47 9.34822e-33 0
65 0 0 5.22182e-46 2.95051e-32 0
67.5 0 0 7.60999e-46 2.16286e-32 0
70 0 0 2.97792e-46 1.83854e-33 0
72.5 0 0 6.22789e-47 9.25551e-33 0
75 0 0 1.70155e-45 3.04939e-32 0
77.5 0 0 5.30342e-45 2.48867e-32 0
80 0 0 8.53213e-45 2.89255e-33 0
82.5 0 0 8.76344e-45 9.13805e-33 0
85 0 0 5.87282e-45 3.72987e-32 0
87.5 0 0 2.27882e-45 3.67516e-32 0
90 0 0 2.84779e-46 7.28873e-33 0
92.5 0 0 4.44041e-47 7.24962e-33 0
95 0 0 2.76711e-46 4.74426e-32 0
97.5 0 0 1.85808e-46 6.10189e-32 0
100 0 0 7.96842e-48 2.09794e-32 0
102.5 0 0 6.80193e-47 3.44411e-33 0
105 0 0 1.74813e-46 6.23766e-32 0
107.5 0 0 9.49955e-47 1.16011e-31 0
110 0 0 3.27929e-50 6.78238e-32 0
112.5 0 0 1.00878e-46 1.27031e-33 0
115 0 0 2.27444e-46 1.16197e-31 0
117.5 0 0 1.42324e-46 4.45119e-31 0
120 0 0 3.44209e-48 7.49845e-31 0
122.5 0 0 1.04176e-46 7.72069e-31 0
125 0 0 3.21999e-46 5.16487e-31 0
127.5 0 0 2.86996e-46 2.11487e-31 0
130 0 0 4.8016e-47 4.08936e-32 0
132.5 0 0 6.10723e-47 2.0903e-33 0
135 0 0 4.08694e-46 3.97873e-33 0
137.5 0 0 5.62701e-46 1.31009e-33 0
140 0 0 2.39244e-46 8.91965e-34 0
142.5 0 0 4.28047e-48 4.85883e-33 0
145 0 0 4.53902e-46 3.40719e-33 0
147.5 0 0 1.09825e-45 2.82501e-36 0
150 0 0 9.07294e-46 4.79568e-33 0
152.5 0 0 1.03022e-46 1.19442e-32 0
155 0 0 5.34895e-46 8.9116e-33 0
157.5 0 0 3.54289e-45 8.34846e-34 0
160 0 0 7.81047e-45 3.28369e-33 0
162.5 0 0 1.02e-44 1.48116e-32 0
165 0 0 8.88904e-45 1.77137e-32 0
167.5 0 0 5.13504e-45 7.07489e-33 0
170 0 0 1.72017e-45 1.92933e-34 0
172.5 0 0 1.87762e-46 1.02104e-32 0
175 0 0 3.08249e-47 2.46909e-32 0
177.5 0 0 1.13983e-46 2.26059e-32 0
180 0 0 3.82573e-47 6.20096e-33 0
182.5 0 0 5.3488e-48 1.73374e-33 0
185 0 0 7.01055e-47 2.42421e-32 0
187.5 0 0 6.60238e-47 5.09783e-32 0
190 0 0 3.02489e-48 4.43242e-32 0
192.5 0 0 5.09652e-47 8.4614e-33 0
195 0 0 1.7401e-46 1.3923e-32 0
197.5 0 0 1.58962e-46 1.42291e-31 0
200 0 0 2.43142e-47 3.88483e-31 0
202.5 0 0 4.31892e-47 6.25598e-31 0
205 0 0 2.63075e-46 6.9422e-31 0
207.5 0 0 3.55672e-46 5.44939e-31 0
210 0 0 1.51936e-46 2.86383e-31 0
212.5 0 0 1.66944e-48 8.15335e-32 0
215 0 0 2.51931e-46 3.90931e-33 0
217.5 0 0 6.06395e-46 6.54242e-33 0
220 0 0 5.05063e-46 1.38348e-32 0
222.5 0 0 8.12443e-47 5.1094e-33 0
225 0 0 1.21693e-46 3.40861e-34 0
227.5 0 0 8.38384e-46 4.94234e-33 0
230 0 0 1.29574e-45 5.1317e-33 0
232.5 0 0 7.08421e-46 7.35669e-34 0
235 0 0 9.89905e-48 4.66783e-33 0
237.5 0 0 1.2081e-45 1.31777e-32 0
240 0 0 4.85262e-45 1.00738e-32 0
242.5 0 0 8.77972e-45 9.81164e-34 0
245 0 0 1.00189e-44 8.40541e-33 0
247.5 0 0 7.77187e-45 2.76623e-32 0
250 0 0 4.00083e-45 2.71811e-32 0
252.5 0 0 1.18654e-45 5.92169e-33 0
255 0 0 1.23987e-46 5.99233e-33 0
257.5 0 0 2.34118e-47 4.13254e-32 0
260 0 0 3.20199e-47 6.0813e-32 0
262.5 0 0 1.349e-49 2.90104e-32 0
265 0 0 3.48672e-47 1.00898e-33 0
267.5 0 0 5.91573e-47 4.53057e-32 0
270 0 0 1.10655e-47 1.16795e-31 0
272.5 0 0 2.85383e-47 1.03924e-31 0
275 0 0 1.68505e-46 1.87113e-32 0
277.5 0 0 2.27209e-46 3.73676e-32 0
280 0 0 8.95386e-47 2.80269e-31 0
282.5 0 0 4.76028e-48 6.14905e-31 0
285 0 0 2.04208e-46 7.70968e-31 0
287.5 0 0 4.4606e-46 6.34329e-31 0
290 0 0 3.43263e-46 3.47124e-31 0
292.5 0 0 4.47406e-47 1.19023e-31 0
295 0 0 9.67466e-47 2.32781e-32 0
297.5 0 0 5.54291e-46 3.61496e-33 0
300 0 0 7.68773e-46 5.49191e-34 0
302.5 0 0 3.7342e-46 2.24854e-33 0
305 0 0 1.69781e-48 6.76451e-33 0
307.5 0 0 4.3391e-46 4.479e-33 0
310 0 0 1.27944e-45 1.22231e-34 0
312.5 0 0 1.32544e-45 8.44609e-33 0
315 0 0 3.99118e-46 2.27746e-32 0
317.5 0 0 1.26641e-46 2.06171e-32 0
320 0 0 2.14967e-45 4.24637e-33 0
322.5 0 0 5.85773e-45 2.78315e-33 0
325 0 0 8.62222e-45 2.44615e-32 0
327.5 0 0 8.41467e-45 3.84525e-32 0
330 0 0 5.71082e-45 2.23642e-32 0
332.5 0 0 2.63994e-45 1.16991e-33 0
335 0 0 7.68706e-46 1.1344e-32 0
337.5 0 0 1.29409e-46 4.26882e-32 0
340 0 0 1.97137e-47 4.99232e-32 0
342.5 0 0 8.20145e-48 2.10159e-32 0
345 0 0 2.77407e-47 1.75256e-34 0
347.5 0 0 3.845e-47 2.6564e-32 0
350 0 0 7.06865e-48 7.33452e-32 0
352.5 0 0 2.82856e-47 7.73665e-32 0
355 0 0 1.62376e-46 2.82581e-32 0
357.5 0 0 2.5093e-46 1.55469e-33 0
360 0 0 1.41756e-46 8.46093e-32 0
362.5 0 0 3.21996e-48 2.74604e-31 0
365 0 0 1.19574e-46 4.64303e-31 0
367.5 0 0 4.01069e-46 5.33361e-31 0
370 0 0 4.42051e-46 4.49527e-31 0
372.5 0 0 1.57923e-46 2.81908e-31 0
375 0 0 6.75259e-48 1.28224e-31 0
377.5 0 0 3.22791e-46 3.95826e-32 0
380 0 0 7.23958e-46 7.62963e-33 0
382.5 0 0 6.09839e-46 1.39318e-33 0
385 0 0 1.25341e-46 6.73758e-34 0
387.5 0 0 8.16056e-47 2.0135e-34 0
390 0 0 7.62446e-46 6.16854e-35 0
392.5 0 0 1.33467e-45 1.29184e-33 0
395 0 0 9.36492e-46 4.86971e-33 0
397.5 0 0 1.03894e-46 8.32516e-33 0
400 0 0 4.54307e-46 6.668e-33 0
402.5 0 0 2.75672e-45 1.29763e-33 0
405 0 0 5.75805e-45 2.35571e-33 0
407.5 0 0 7.30041e-45 1.40887e-32 0
410 0 0 6.42782e-45 2.32658e-32 0
412.5 0 0 4.08118e-45 1.56023e-32 0
415 0 0 1.87349e-45 1.77499e-33 0
417.5 0 0 6.2975e-46 7.92229e-33 0
420 0 0 1.77184e-46 3.42137e-32 0
422.5 0 0 6.14865e-47 4.55863e-32 0
425 0 0 4.18921e-47 2.25379e-32 0
427.5 0 0 3.75076e-47 9.48062e-34 0
430 0 0 1.13894e-47 2.70125e-32 0
432.5 0 0 1.32721e-47 8.00173e-32 0
435 0 0 1.19377e-46 8.67534e-32 0
437.5 0 0 2.48586e-46 3.10103e-32 0
440 0 0 2.17242e-46 6.10134e-33 0
442.5 0 0 4.98708e-47 1.13181e-31 0
445 0 0 2.5339e-47 3.22609e-31 0
447.5 0 0 2.64697e-46 4.83977e-31 0
450 0 0 4.71209e-46 4.80761e-31 0
452.5 0 0 3.30747e-46 3.3948e-31 0
455 0 0 4.04686e-47 1.75563e-31 0
457.5 0 0 9.02934e-47 6.97392e-32 0
460 0 0 5.09734e-46 2.42428e-32 0
462.5 0 0 7.29952e-46 9.27639e-33 0
465 0 0 4.03122e-46 6.09028e-33 0
467.5 0 0 1.47004e-47 5.80858e-33 0
470 0 0 2.62126e-46 2.53707e-33 0
472.5 0 0 9.76213e-46 6.58899e-34 0
475 0 0 1.20994e-45 9.47018e-33 0
477.5 0 0 5.71756e-46 2.27612e-32 0
480 0 0 1.3862e-47 2.18321e-32 0
482.5 0 0 8.43432e-46 6.24957e-33 0
485 0 0 3.08394e-45 1.0349e-33 0
487.5 0 0 5.2499e-45 1.95143e-32 0
490 0 0 5.82388e-45 3.79647e-32 0
492.5 0 0 4.65607e-45 2.86011e-32 0
495 0 0 2.80437e-45 4.70776e-33 0
497.5 0 0 1.33166e-45 4.72424e-33 0
500 0 0 5.51398e-46 3.37518e-32 0
502.5 0 0 2.40345e-46 5.17118e-32 0
505 0 0 1.32551e-46 3.1433e-32 0
507.5 0 0 8.36218e-47 2.45946e-33 0
510 0 0 3.01868e-47 1.20359e-32 0
512.5 0 0 3.27537e-48 5.535e-32 0
515 0 0 8.82458e-47 7.62546e-32 0
517.5 0 0 2.48521e-46 4.36442e-32 0
520 0 0 2.90948e-46 2.30382e-33 0
522.5 0 0 1.34853e-46 2.78316e-32 0
525 0 0 1.13666e-48 1.38865e-31 0
527.5 0 0 1.35937e-46 2.71437e-31 0
530 0 0 4.08487e-46 3.40648e-31 0
532.5 0 0 4.39756e-46 3.15041e-31 0
535 0 0 1.67108e-46 2.28758e-31 0
537.5 0 0 2.00034e-48 1.36769e-31 0
540 0 0 2.52705e-46 7.13421e-32 0
542.5 0 0 6.20018e-46 3.49221e-32 0
545 0 0 5.78474e-46 1.66283e-32 0
547.5 0 0 1.68842e-46 6.69129e-33 0
550 0 0 2.16678e-47 1.09822e-33 0
552.5 0 0 4.72383e-46 6.68039e-34 0
555 0 0 9.99236e-46 6.43954e-33 0
557.5 0 0 8.74506e-46 1.40425e-32 0
560 0 0 2.31957e-46 1.50608e-32 0
562.5 0 0 8.16286e-47 7.22329e-33 0
565 0 0 1.14733e-45 2.26237e-34 0
567.5 0 0 2.95272e-45 5.1352e-33 0
570 0 0 4.26109e-45 1.82215e-32 0
572.5 0 0 4.28505e-45 2.29946e-32 0
575 0 0 3.27274e-45 1.22111e-32 0
577.5 0 0 2.0178e-45 7.45425e-34 0
580 0 0 1.08522e-45 7.47022e-33 0
582.5 0 0 5.65916e-46 2.73176e-32 0
585 0 0 3.12753e-46 3.43638e-32 0
587.5 0 0 1.76701e-46 1.75589e-32 0
590 0 0 7.34512e-47 8.99617e-34 0
592.5 0 0 4.60022e-48 1.39397e-32 0
595 0 0 4.02656e-47 4.75713e-32 0
597.5 0 0 1.88941e-46 5.93011e-32 0
600 0 0 3.01416e-46 3.04524e-32 0
602.5 0 0 2.2359e-46 1.9156e-33 0
605 0 0 4.33066e-47 3.41277e-32 0
607.5 0 0 2.72025e-47 1.34481e-31 0
610 0 0 2.46692e-46 2.41424e-31 0
612.5 0 0 4.25105e-46 2.84684e-31 0
615 0 0 3.04322e-46 2.48836e-31 0
617.5 0 0 4.79686e-47 1.7278e-31 0
620 0 0 5.16444e-47 1.01911e-31 0
622.5 0 0 3.66139e-46 5.49971e-32 0
625 0 0 5.74214e-46 2.89576e-32 0
627.5 0 0 3.69628e-46 1.54141e-32 0
630 0 0 3.95641e-47 7.36841e-33 0
632.5 0 0 1.07694e-46 1.56516e-33 0
635 0 0 5.78332e-46 1.10267e-33 0
637.5 0 0 8.58949e-46 9.60179e-33 0
640 0 0 5.4884e-46 2.01901e-32 0
642.5 0 0 6.17688e-47 1.9367e-32 0
645 0 0 2.1565e-46 6.69812e-33 0
647.5 0 0 1.26961e-45 1.82588e-34 0
650 0 0 2.59157e-45 1.21645e-32 0
652.5 0 0 3.3074e-45 2.84079e-32 0
655 0 0 3.1038e-45 2.58364e-32 0
657.5 0 0 2.33291e-45 7.38133e-33 0
660 0 0 1.51671e-45 8.5158e-34 0
662.5 0 0 9.27713e-46 1.88231e-32 0
665 0 0 5.70747e-46 3.7707e-32 0
667.5 0 0 3.50361e-46 3.02554e-32 0
670 0 0 1.81698e-46 6.60431e-33 0
672.5 0 0 4.5168e-47 2.55097e-33 0
675 0 0 3.75984e-48 2.87182e-32 0
677.5 0 0 1.11116e-46 5.26585e-32 0
680 0 0 2.73954e-46 4.16665e-32 0
682.5 0 0 2.98016e-46 9.45905e-33 0
685 0 0 1.37066e-46 3.96601e-33 0
687.5 0 0 2.1628e-48 5.177e-32 0
690 0 0 1.01544e-46 1.28182e-31 0
692.5 0 0 3.28461e-46 1.84274e-31 0
695 0 0 3.74503e-46 1.92777e-31 0
697.5 0 0 1.65906e-46 1.62913e-31 0
700 0 0 1.06917e-48 1.20324e-31 0
702.5 0 0 1.43111e-46 8.33483e-32 0
705 0 0 4.23521e-46 5.6408e-32 0
707.5 0 0 4.53277e-46 3.599e-32 0
710 0 0 1.81015e-46 1.83798e-32 0
712.5 0 0 6.76016e-49 4.67122e-33 0
715 0 0 2.15643e-46 2.25049e-34 0
717.5 0 0 5.89937e-46 7.15679e-33 0
720 0 0 6.34316e-46 1.75822e-32 0
722.5 0 0 2.73224e-46 1.91029e-32 0
725 0 0 6.75983e-48 9.33116e-33 0
727.5 0 0 3.44799e-46 4.02225e-34 0
730 0 0 1.22221e-45 4.2743e-33 0
732.5 0 0 2.07679e-45 1.64059e-32 0
735 0 0 2.41818e-45 2.07557e-32 0
737.5 0 0 2.20424e-45 1.12345e-32 0
740 0 0 1.71635e-45 7.8282e-34 0
742.5 0 0 1.23049e-45 4.44794e-33 0
745 0 0 8.56565e-46 1.84848e-32 0
747.5 0 0 5.79278e-46 2.44147e-32 0
750 0 0 3.46766e-46 1.38994e-32 0
752.5 0 0 1.39595e-46 1.24148e-33 0
755 0 0 1.0561e-47 5.44302e-33 0
757.5 0 0 3.66216e-47 2.42934e-32 0
760 0 0 1.89483e-46 3.51376e-32 0
762.5 0 0 2.98153e-46 2.34415e-32 0
765 0 0 2.23066e-46 3.88085e-33 0
767.5 0 0 5.11946e-47 6.78695e-33 0
770 0 0 1.26726e-47 4.52136e-32 0
772.5 0 0 1.74734e-46 1.00646e-31 0
775 0 0 3.27242e-46 1.41396e-31 0
777.5 0 0 2.57921e-46 1.50125e-31 0
780 0 0 5.87793e-47 1.31991e-31 0
782.5 0 0 1.63304e-47 1.02246e-31 0
785 0 0 2.09993e-46 7.24785e-32 0
787.5 0 0 3.83006e-46 4.72791e-32 0
790 0 0 2.92351e-46 2.72143e-32 0
792.5 0 0 6.08385e-47 1.18278e-32 0
795 0 0 2.54889e-47 2.04448e-33 0
797.5 0 0 2.72654e-46 6.7549e-34 0
800 0 0 4.99691e-46 7.96941e-33 0
802.5 0 0 4.07395e-46 1.66145e-32 0
805 0 0 1.09174e-46 1.6374e-32 0
807.5 0 0 2.45534e-47 6.73017e-33 0
810 0 0 4.01515e-46 1.90377e-35 0
812.5 0 0 1.05567e-45 6.25859e-33 0
815 0 0 1.58777e-45 1.81855e-32 0
817.5 0 0 1.75924e-45 1.95521e-32 0
820 0 0 1.61556e-45 8.02348e-33 0
822.5 0 0 1.33333e-45 1.62636e-35 0
825 0 0 1.04409e-45 8.08122e-33 0
827.5 0 0 7.86032e-46 2.20646e-32 0
830 0 0 5.41507e-46 2.24473e-32 0
832.5 0 0 2.94243e-46 8.36632e-33 0
835 0 0 8.3271e-47 5.38168e-35 0
837.5 0 0 2.07856e-49 1.09218e-32 0
840 0 0 8.72658e-47 2.8128e-32 0
842.5 0 0 2.37959e-46 2.91859e-32 0
845 0 0 2.70405e-46 1.22893e-32 0
847.5 0 0 1.38395e-46 8.61744e-35 0
850 0 0 7.8649e-48 1.32917e-32 0
852.5 0 0 5.32553e-47 4.84031e-32 0
855 0 0 2.18106e-46 8.39314e-32 0
857.5 0 0 2.78621e-46 1.02413e-31 0
860 0 0 1.48814e-46 1.02001e-31 0
862.5 0 0 8.41621e-48 9.09114e-32 0
865 0 0 5.91224e-47 7.70238e-32 0
867.5 0 0 2.391e-46 6.297e-32 0
870 0 0 3.01497e-46 4.71604e-32 0
872.5 0 0 1.57743e-46 2.82255e-32 0
875 0 0 7.80459e-48 9.886e-33 0
877.5 0 0 7.04733e-47 4.6178e-34 0
880 0 0 2.81936e-46 4.41361e-33 0
882.5 0 0 3.73949e-46 1.47515e-32 0
885 0 0 2.25664e-46 1.83228e-32 0
887.5 0 0 2.75026e-47 1.05693e-32 0
890 0 0 6.24776e-47 1.2295e-33 0
892.5 0 0 3.97663e-46 1.93427e-33 0
895 0 0 8.42897e-46 1.10088e-32 0
897.5 0 0 1.16473e-45 1.5852e-32 0
900 0 0 1.27342e-45 9.9187e-33 0
902.5 0 0 1.2196e-45 1.3287e-33 0
905 0 0 1.08697e-45 1.61004e-33 0
907.5 0 0 9.20217e-46 1.01643e-32 0
910 0 0 7.19936e-46 1.53634e-32 0
912.5 0 0 4.75604e-46 1.02731e-32 0
915 0 0 2.16011e-46 1.75652e-33 0
917.5 0 0 3.27272e-47 1.33225e-33 0
920 0 0 1.59333e-47 1.02457e-32 0
922.5 0 0 1.39222e-46 1.78751e-32 0
925 0 0 2.45414e-46 1.49218e-32 0
927.5 0 0 2.02382e-46 4.87342e-33 0
930 0 0 6.19379e-47 6.40078e-34 0
932.5 0 0 1.51353e-48 1.13902e-32 0
935 0 0 9.59147e-47 3.44958e-32 0
937.5 0 0 2.14728e-46 5.94296e-32 0
940 0 0 1.94968e-46 7.69298e-32 0
942.5 0 0 6.33223e-47 8.37287e-32 0
945 0 0 1.2063e-48 8.08956e-32 0
947.5 0 0 9.52236e-47 7.05529e-32 0
950 0 0 2.16727e-46 5.46896e-32 0
952.5 0 0 1.98634e-46 3.5719e-32 0
955 0 0 6.55944e-47 1.72281e-32 0
957.5 0 0 1.14144e-48 3.98876e-33 0
960 0 0 9.95264e-47 7.69265e-35 0
962.5 0 0 2.39803e-46 5.05771e-33 0
965 0 0 2.44798e-46 1.21405e-32 0
967.5 0 0 1.08141e-46 1.29996e-32 0
970 0 0 3.1853e-48 6.42671e-33 0
972.5 0 0 8.57386e-47 3.49308e-34 0
975 0 0 3.43152e-46 2.46752e-33 0
977.5 0 0 6.39223e-46 1.00389e-32 0
980 0 0 8.54622e-46 1.28959e-32 0
982.5 0 0 9.57132e-46 7.02751e-33 0
985 0 0 9.70824e-46 4.69006e-34 0
987.5 0 0 9.21061e-46 2.51482e-33 0
990 0 0 8.09974e-46 1.06376e-32 0
992.5 0 0 6.25409e-46 1.36829e-32 0
995 0 0 3.76913e-46 7.37501e-33 0
997.5 0 0 1.34028e-46 4.71094e-34 0
1000 0 0 6.49313e-48 2.81298e-33 0
1002.5 0 0 4.59192e-47 1.186e-32 0
1005 0 0 1.67382e-46 1.60789e-32 0
1007.5 0 0 2.14876e-46 1.01056e-32 0
1010 0 0 1.29432e-46 1.5015e-33 0
1012.5 0 0 1.79798e-47 1.65084e-33 0
1015 0 0 1.79814e-47 1.37301e-32 0
1017.5 0 0 1.19711e-46 3.14537e-32 0
1020 0 0 1.80796e-46 4.67812e-32 0
1022.5 0 0 1.17937e-46 5.60454e-32 0
1025 0 0 1.7713e-47 5.98608e-32 0
1027.5 0 0 1.57182e-47 5.99501e-32 0
1030 0 0 1.11196e-46 5.65329e-32 0
1032.5 0 0 1.71202e-46 4.78125e-32 0
1035 0 0 1.14132e-46 3.25954e-32 0
1037.5 0 0 1.8481e-47 1.45236e-32 0
1040 0 0 1.35205e-47 2.15352e-33 0
1042.5 0 0 1.07398e-46 1.68328e-33 0
1045 0 0 1.81071e-46 9.35343e-33 0
1047.5 0 0 1.43875e-46 1.42093e-32 0
1050 0 0 4.29555e-47 1.00651e-32 0
1052.5 0 0 2.62376e-48 2.30815e-33 0
1055 0 0 9.12959e-47 4.18138e-34 0
1057.5 0 0 2.74046e-46 5.69033e-33 0
1060 0 0 4.72165e-46 1.01889e-32 0
1062.5 0 0 6.32882e-46 7.75268e-33 0
1065 0 0 7.42284e-46 1.86131e-33 0
1067.5 0 0 7.99852e-46 2.53722e-34 0
1070 0 0 7.95571e-46 4.45153e-33 0
1072.5 0 0 7.066e-46 8.33343e-33 0
1075 0 0 5.19914e-46 6.72335e-33 0
1077.5 0 0 2.7341e-46 1.91439e-33 0
1080 0 0 6.8172e-47 1.02325e-34 0
1082.5 0 0 3.7105e-48 3.38479e-33 0
1085 0 0 7.74988e-47 7.62616e-33 0
1087.5 0 0 1.69935e-46 7.873e-33 0
1090 0 0 1.62594e-46 3.99281e-33 0
1092.5 0 0 6.66771e-47 4.45374e-34 0
1095 0 0 1.11593e-48 1.74205e-33 0
1097.5 0 0 3.95379e-47 9.05283e-33 0
1100 0 0 1.19233e-46 2.05157e-32 0
1102.5 0 0 1.29132e-46 3.33698e-32 0
1105 0 0 5.73115e-47 4.51709e-32 0
1107.5 0 0 1.17971e-48 5.35749e-32 0
1110 0 0 3.23253e-47 5.60485e-32 0
1112.5 0 0 1.02738e-46 5.06597e-32 0
1115 0 0 1.15078e-46 3.77248e-32 0
1117.5 0 0 5.4104e-47 2.09727e-32 0
1120 0 0 1.86203e-48 6.67677e-33 0
1122.5 0 0 2.54498e-47 2.70403e-34 0
1125 0 0 9.27486e-47 2.31661e-33 0
1127.5 0 0 1.19776e-46 7.58337e-33 0
1130 0 0 7.59148e-47 9.32674e-33 0
1132.5 0 0 1.42343e-47 5.58511e-33 0
1135 0 0 7.25869e-48 8.53608e-34 0
1137.5 0 0 7.98359e-47 6.04381e-34 0
1140 0 0 2.06766e-46 4.61886e-33 0
1142.5 0 0 3.51101e-46 7.35401e-33 0
1145 0 0 4.88692e-46 5.14659e-33 0
1147.5 0 0 6.04715e-46 9.85124e-34 0
1150 0 0 6.80549e-46 4.29196e-34 0
1152.5 0 0 6.86812e-46 4.09324e-33 0
1155 0 0 5.93229e-46 6.89854e-33 0
1157.5 0 0 4.01524e-46 5.04723e-33 0
1160 0 0 1.77047e-46 1.09297e-33 0
1162.5 0 0 2.70668e-47 3.34938e-34 0
1165 0 0 1.56566e-47 3.76175e-33 0
1167.5 0 0 9.53729e-47 7.01539e-33 0
1170 0 0 1.48025e-46 6.15636e-33 0
1172.5 0 0 1.07807e-46 2.31773e-33 0
1175 0 0 2.71254e-47 4.54999e-36 0
1177.5 0 0 2.65531e-48 2.35312e-33 0
1180 0 0 5.27754e-47 9.08051e-33 0
1182.5 0 0 1.01024e-46 1.79669e-32 0
1185 0 0 8.13252e-47 2.69013e-32 0
1187.5 0 0 2.21632e-47 3.46385e-32 0
1190 0 0 1.57135e-48 4.04632e-32 0
1192.5 0 0 4.1016e-47 4.32243e-32 0
1195 0 0 8.19824e-47 4.07185e-32 0
1197.5 0 0 6.89725e-47 3.1235e-32 0
1200 0 0 2.10313e-47 1.69125e-32 0
1202.5 0 0 4.99568e-49 4.55203e-33 0
1205 0 0 3.03754e-47 6.06472e-34 0
1207.5 0 0 7.04193e-47 4.58408e-33 0
1210 0 0 7.26216e-47 9.16019e-33 0
1212.5 0 0 3.67527e-47 8.12818e-33 0
1215 0 0 3.56119e-48 2.99891e-33 0
1217.5 0 0 9.98682e-48 1.08952e-34 0
1220 0 0 6.41317e-47 2.21308e-33 0
1222.5 0 0 1.54643e-46 5.49512e-33 0
1225 0 0 2.67558e-46 5.24598e-33 0
1227.5 0 0 3.90301e-46 1.97275e-33 0
1230 0 0 5.05575e-46 2.34374e-35 0
1232.5 0 0 5.83999e-46 1.47814e-33 0
1235 0 0 5.85268e-46 3.82152e-33 0
1237.5 0 0 4.80734e-46 3.80147e-33 0
1240 0 0 2.91925e-46 1.59523e-33 0
1242.5 0 0 1.02991e-46 3.60263e-35 0
1245 0 0 8.8946e-48 7.81419e-34 0
1247.5 0 0 3.21066e-47 2.62207e-33 0
1250 0 0 9.86816e-47 3.3812e-33 0
1252.5 0 0 1.14202e-46 2.38042e-33 0
1255 0 0 6.14759e-47 7.59175e-34 0
1257.5 0 0 6.9506e-48 1.35321e-34 0
1260 0 0 1.08426e-47 1.54662e-33 0
1262.5 0 0 5.47426e-47 5.42432e-33 0
1265 0 0 7.37711e-47 1.19111e-32 0
1267.5 0 0 4.33383e-47 2.07071e-32 0
1270 0 0 5.39043e-48 3.03905e-32 0
1272.5 0 0 6.98592e-48 3.79806e-32 0
1275 0 0 3.94318e-47 3.97878e-32 0
1277.5 0 0 5.5898e-47 3.37374e-32 0
1280 0 0 3.54081e-47 2.16241e-32 0
1282.5 0 0 5.90815e-48 8.90695e-33 0
1285 0 0 3.26778e-48 1.32048e-33 0
1287.5 0 0 2.69343e-47 7.20713e-34 0
1290 0 0 4.6344e-47 3.92447e-33 0
1292.5 0 0 4.02474e-47 5.8774e-33 0
1295 0 0 1.70922e-47 4.28226e-33 0
1297.5 0 0 8.36142e-49 1.18211e-33 0
1300 0 0 9.28869e-48 3.78116e-35 0
1302.5 0 0 4.83685e-47 1.65209e-33 0
1305 0 0 1.1765e-46 3.5227e-33 0
1307.5 0 0 2.13498e-46 3.15016e-33 0
1310 0 0 3.26222e-46 1.09357e-33 0
1312.5 0 0 4.34285e-46 1.51333e-35 0
1315 0 0 5.00805e-46 1.13702e-33 0
1317.5 0 0 4.83941e-46 2.78281e-33 0
1320 0 0 3.68331e-46 2.74327e-33 0
1322.5 0 0 1.95824e-46 1.13552e-33 0
1325 0 0 5.29221e-47 4.75486e-35 0
1327.5 0 0 6.21879e-48 7.57352e-34 0
1330 0 0 4.32198e-47 2.29319e-33 0
1332.5 0 0 8.73619e-47 2.85671e-33 0
1335 0 0 7.84843e-47 1.90095e-33 0
1337.5 0 0 3.03359e-47 4.68476e-34 0
1340 0 0 1.01534e-48 6.13959e-35 0
1342.5 0 0 1.73685e-47 1.66354e-33 0
1345 0 0 4.7376e-47 5.49733e-33 0
1347.5 0 0 4.80254e-47 1.11189e-32 0
1350 0 0 2.01001e-47 1.7658e-32 0
1352.5 0 0 6.18224e-49 2.40743e-32 0
1355 0 0 1.08848e-47 2.89762e-32 0
1357.5 0 0 3.19563e-47 3.02551e-32 0
1360 0 0 3.43652e-47 2.59375e-32 0
1362.5 0 0 1.62501e-47 1.65697e-32 0
1365 0 0 1.06374e-48 6.4691e-33 0
1367.5 0 0 5.16493e-48 1.01373e-33 0
1370 0 0 2.03748e-47 1.75554e-33 0
1372.5 0 0 2.82732e-47 4.91548e-33 0
1375 0 0 2.16226e-47 5.59484e-33 0
1377.5 0 0 8.13408e-48 2.98631e-33 0
1380 0 0 3.26491e-49 4.14405e-34 0
1382.5 0 0 7.94109e-48 5.97308e-34 0
1385 0 0 3.76164e-47 2.4311e-33 0
1387.5 0 0 9.37667e-47 3.02968e-33 0
1390 0 0 1.76738e-46 1.64241e-33 0
1392.5 0 0 2.77999e-46 1.88944e-34 0
1395 0 0 3.7339e-46 3.2851e-34 0
1397.5 0 0 4.22576e-46 1.42821e-33 0
1400 0 0 3.8806e-46 1.81656e-33 0
1402.5 0 0 2.70039e-46 1.04993e-33 0
1405 0 0 1.23337e-46 1.58562e-34 0
1407.5 0 0 2.48746e-47 8.53977e-35 0
1410 0 0 1.08898e-47 6.64234e-34 0
1412.5 0 0 4.73299e-47 1.13048e-33 0
1415 0 0 6.93235e-47 1.06358e-33 0
1417.5 0 0 4.82696e-47 6.22902e-34 0
1420 0 0 1.21826e-47 2.05217e-34 0
1422.5 0 0 1.59911e-48 1.92012e-34 0
1425 0 0 1.97022e-47 1.02218e-33 0
1427.5 0 0 3.54596e-47 3.35618e-33 0
1430 0 0 2.72771e-47 7.92883e-33 0
1432.5 0 0 7.43419e-48 1.47944e-32 0
1435 0 0 6.51478e-49 2.23268e-32 0
1437.5 0 0 1.13195e-47 2.72076e-32 0
1440 0 0 2.18915e-47 2.63032e-32 0
1442.5 0 0 1.83977e-47 1.93544e-32 0
1445 0 0 6.37799e-48 9.83915e-33 0
1447.5 0 0 1.91591e-49 2.63503e-33 0
1450 0 0 4.7918e-48 3.33473e-34 0
1452.5 0 0 1.28973e-47 1.63159e-33 0
1455 0 0 1.58235e-47 3.18402e-33 0
1457.5 0 0 1.17075e-47 2.85455e-33 0
1460 0 0 4.57601e-48 1.18623e-33 0
1462.5 0 0 5.67059e-49 6.04548e-35 0
1465 0 0 6.6427e-48 3.92587e-34 0
1467.5 0 0 3.03776e-47 1.34408e-33 0
1470 0 0 7.83489e-47 1.57683e-33 0
1472.5 0 0 1.52308e-46 8.45094e-34 0
1475 0 0 2.42394e-46 9.58415e-35 0
1477.5 0 0 3.20852e-46 1.71017e-34 0
1480 0 0 3.47963e-46 8.18734e-34 0
1482.5 0 0 2.9767e-46 1.14679e-33 0
1485 0 0 1.86428e-46 7.72912e-34 0
1487.5 0 0 7.20734e-47 1.90912e-34 0
1490 0 0 1.19271e-47 6.09767e-35 0
1492.5 0 0 1.58616e-47 4.64063e-34 0
1495 0 0 4.34507e-47 9.4537e-34 0
1497.5 0 0 4.93257e-47 1.05102e-33 0
1500 0 0 2.68566e-47 6.8708e-34 0
1502.5 0 0 4.1027e-48 1.61874e-34 0
1505 0 0 3.68746e-48 9.61158e-35 0
1507.5 0 0 1.7737e-47 1.18869e-33 0
1510 0 0 2.36686e-47 3.83347e-33 0
1512.5 0 0 1.41145e-47 7.88646e-33 0
1515 0 0 2.33752e-48 1.2736e-32 0
1517.5 0 0 1.65676e-48 1.733e-32 0
1520 0 0 9.34805e-48 2.00415e-32 0
1522.5 0 0 1.35154e-47 1.91054e-32 0
1525 0 0 9.23654e-48 1.40967e-32 0
1527.5 0 0 2.42247e-48 7.15952e-33 0
1530 0 0 2.9983e-49 1.97439e-33 0
1532.5 0 0 3.46423e-48 7.25168e-34 0
1535 0 0 7.59131e-48 2.1822e-33 0
1537.5 0 0 9.01416e-48 3.26612e-33 0
1540 0 0 7.0092e-48 2.39523e-33 0
1542.5 0 0 3.1787e-48 7.29318e-34 0
1545 0 0 1.1234e-48 1.46629e-34 0
1547.5 0 0 6.54159e-48 8.38299e-34 0
1550 0 0 2.66014e-47 1.45434e-33 0
1552.5 0 0 6.81501e-47 1.09962e-33 0
1555 0 0 1.33103e-46 3.15656e-34 0
1557.5 0 0 2.10187e-46 5.41381e-35 0
1560 0 0 2.70343e-46 4.01314e-34 0
1562.5 0 0 2.78415e-46 7.02911e-34 0
1565 0 0 2.20616e-46 5.52814e-34 0
1567.5 0 0 1.23747e-46 1.86751e-34 0
1570 0 0 4.05129e-47 5.64151e-36 0
1572.5 0 0 7.92336e-48 9.35037e-35 0
1575 0 0 1.87687e-47 2.65723e-34 0
1577.5 0 0 3.58368e-47 3.53496e-34 0
1580 0 0 3.22208e-47 3.28801e-34 0
1582.5 0 0 1.34104e-47 2.55265e-34 0
1585 0 0 1.29271e-48 2.09513e-34 0
1587.5 0 0 5.00258e-48 2.91551e-34 0
1590 0 0 1.3672e-47 8.15192e-34 0
1592.5 0 0 1.40287e-47 2.49687e-33 0
1595 0 0 6.38568e-48 6.09983e-33 0
1597.5 0 0 6.27962e-49 1.13824e-32 0
1600 0 0 2.01886e-48 1.6351e-32 0
1602.5 0 0 6.30105e-48 1.81471e-32 0
1605 0 0 7.2588e-48 1.53197e-32 0
1607.5 0 0 4.21751e-48 9.34215e-33 0
1610 0 0 9.3762e-49 3.59961e-33 0
1612.5 0 0 2.4497e-49 6.75177e-34 0
1615 0 0 1.86408e-48 5.80083e-34 0
1617.5 0 0 4.05437e-48 1.45372e-33 0
1620 0 0 5.31694e-48 1.63873e-33 0
1622.5 0 0 4.84918e-48 9.41352e-34 0
1625 0 0 2.99678e-48 1.90771e-34 0
1627.5 0 0 2.04459e-48 4.07387e-35 0
1630 0 0 6.69808e-48 3.64414e-34 0
1632.5 0 0 2.39518e-47 6.11359e-34 0
1635 0 0 6.09538e-47 4.8132e-34 0
1637.5 0 0 1.18437e-46 1.63011e-34 0
1640 0 0 1.82224e-46 1.25165e-35 0
1642.5 0 0 2.23366e-46 1.34791e-34 0
1645 0 0 2.15007e-46 3.27111e-34 0
1647.5 0 0 1.56099e-46 3.60661e-34 0
1650 0 0 7.80368e-47 2.18698e-34 0
1652.5 0 0 2.22405e-47 5.82863e-35 0
1655 0 0 7.31932e-48 2.92395e-35 0
1657.5 0 0 1.8103e-47 1.67129e-34 0
1660 0 0 2.64037e-47 3.84186e-34 0
1662.5 0 0 1.94292e-47 5.04768e-34 0
1665 0 0 6.2957e-48 3.89144e-34 0
1667.5 0 0 8.60536e-49 1.40518e-34 0
1670 0 0 4.81847e-48 1.84685e-34 0
1672.5 0 0 9.25025e-48 1.05297e-33 0
1675 0 0 7.73813e-48 3.03703e-33 0
1677.5 0 0 2.83226e-48 6.00089e-33 0
1680 0 0 3.40948e-49 9.34556e-33 0
1682.5 0 0 1.68685e-48 1.20004e-32 0
1685 0 0 3.73726e-48 1.26659e-32 0
1687.5 0 0 3.76606e-48 1.06158e-32 0
1690 0 0 2.09679e-48 6.59649e-33 0
1692.5 0 0 5.15688e-49 2.67902e-33 0
1695 0 0 1.05683e-49 7.27707e-34 0
1697.5 0 0 9.07852e-49 8.60804e-34 0
1700 0 0 2.39775e-48 1.60303e-33 0
1702.5 0 0 3.69232e-48 1.5786e-33 0
1705 0 0 3.94818e-48 7.92804e-34 0
1707.5 0 0 3.17386e-48 1.71004e-34 0
1710 0 0 2.95819e-48 2.21183e-34 0
1712.5 0 0 7.17881e-48 5.52239e-34 0
1715 0 0 2.23728e-47 5.88747e-34 0
1717.5 0 0 5.50754e-47 3.00605e-34 0
1720 0 0 1.04252e-46 6.21993e-35 0
1722.5 0 0 1.54278e-46 7.65328e-35 0
1725 0 0 1.79266e-46 1.98888e-34 0
1727.5 0 0 1.61247e-46 2.26869e-34 0
1730 0 0 1.07595e-46 1.38546e-34 0
1732.5 0 0 4.84205e-47 3.64967e-35 0
1735 0 0 1.30487e-47 6.08584e-37 0
1737.5 0 0 7.64022e-48 3.56373e-35 0
1740 0 0 1.56485e-47 9.42694e-35 0
1742.5 0 0 1.81652e-47 1.32807e-34 0
1745 0 0 1.10423e-47 1.67857e-34 0
1747.5 0 0 2.84488e-48 2.42064e-34 0
1750 0 0 9.67238e-49 3.21698e-34 0
1752.5 0 0 3.84594e-48 3.78485e-34 0
1755 0 0 5.60238e-48 7.23408e-34 0
1757.5 0 0 3.90978e-48 2.09002e-33 0
1760 0 0 1.21511e-48 4.96042e-33 0
1762.5 0 0 2.65429e-49 8.6124e-33 0
1765 0 0 1.03177e-48 1.11344e-32 0
1767.5 0 0 1.87125e-48 1.08395e-32 0
1770 0 0 1.82944e-48 7.81227e-33 0
1772.5 0 0 1.12109e-48 3.91617e-33 0
1775 0 0 3.43811e-49 1.1982e-33 0
1777.5 0 0 9.20615e-52 3.36258e-34 0
1780 0 0 4.14993e-49 5.64782e-34 0
1782.5 0 0 1.53676e-48 8.00787e-34 0
1785 0 0 2.86382e-48 6.1217e-34 0
1787.5 0 0 3.72248e-48 2.36872e-34 0
1790 0 0 3.72578e-48 2.49658e-35 0
1792.5 0 0 3.66847e-48 5.12596e-35 0
1795 0 0 7.12649e-48 1.59545e-34 0
1797.5 0 0 2.08039e-47 1.93572e-34 0
1800 0 0 5.02351e-47 1.29009e-34 0
1802.5 0 0 9.1728e-47 4.21304e-35 0
1805 0 0 1.28656e-46 8.98789e-36 0
1807.5 0 0 1.3994e-46 4.19501e-35 0
1810 0 0 1.16672e-46 9.97144e-35 0
1812.5 0 0 7.14284e-47 1.31476e-34 0
1815 0 0 2.93644e-47 1.08393e-34 0
1817.5 0 0 8.34726e-48 4.31971e-35 0
1820 0 0 7.16429e-48 2.21736e-36 0
1822.5 0 0 1.19278e-47 6.63621e-35 0
1825 0 0 1.16041e-47 2.3066e-34 0
1827.5 0 0 6.10452e-48 3.5844e-34 0
1830 0 0 1.44928e-48 3.11499e-34 0
1832.5 0 0 9.32723e-49 1.65278e-34 0
1835 0 0 2.576e-48 2.5876e-34 0
1837.5 0 0 3.16354e-48 9.84333e-34 0
1840 0 0 2.03952e-48 2.49876e-33 0
1842.5 0 0 6.69537e-49 4.56387e-33 0
1845 0 0 1.99856e-49 6.55451e-33 0
1847.5 0 0 4.97152e-49 7.63522e-33 0
1850 0 0 9.16189e-49 7.17182e-33 0
1852.5 0 0 1.05152e-48 5.24768e-33 0
1855 0 0 8.08676e-49 2.79998e-33 0
1857.5 0 0 3.41326e-49 1.02477e-33 0
1860 0 0 4.42838e-50 4.64003e-34 0
1862.5 0 0 3.2188e-49 6.80756e-34 0
1865 0 0 1.26907e-48 8.59951e-34 0
1867.5 0 0 2.60158e-48 6.35729e-34 0
1870 0 0 3.72465e-48 2.58848e-34 0
1872.5 0 0 3.9961e-48 9.04706e-35 0
1875 0 0 3.92587e-48 1.58517e-34 0
1877.5 0 0 7.04189e-48 2.41662e-34 0
1880 0 0 1.955e-47 2.01283e-34 0
1882.5 0 0 4.52118e-47 9.40822e-35 0
1885 0 0 7.84854e-47 2.8106e-35 0
1887.5 0 0 1.03977e-46 3.20168e-35 0
1890 0 0 1.06253e-46 6.44577e-35 0
1892.5 0 0 8.27813e-47 7.63744e-35 0
1895 0 0 4.71528e-47 5.02677e-35 0
1897.5 0 0 1.83442e-47 1.33411e-35 0
1900 0 0 6.108e-48 9.23917e-36 0
1902.5 0 0 6.27075e-48 3.88346e-35 0
1905 0 0 8.59402e-48 6.12905e-35 0
1907.5 0 0 7.20522e-48 7.97981e-35 0
1910 0 0 3.39786e-48 1.60715e-34 0
1912.5 0 0 8.52924e-49 3.00533e-34 0
1915 0 0 7.38032e-49 3.65484e-34 0
1917.5 0 0 1.53315e-48 3.39753e-34 0
1920 0 0 1.68742e-48 6.20741e-34 0
1922.5 0 0 1.08784e-48 1.79903e-33 0
1925 0 0 4.07849e-49 3.91965e-33 0
1927.5 0 0 9.28252e-50 6.05303e-33 0
1930 0 0 1.61183e-49 6.87776e-33 0
1932.5 0 0 4.33081e-49 5.82975e-33 0
1935 0 0 6.61891e-49 3.61528e-33 0
1937.5 0 0 6.50059e-49 1.54791e-33 0
1940 0 0 4.13404e-49 4.53948e-34 0
1942.5 0 0 1.92011e-49 2.38852e-34 0
1945 0 0 3.17356e-49 3.3232e-34 0
1947.5 0 0 1.09391e-48 3.29134e-34 0
1950 0 0 2.53199e-48 1.9449e-34 0
1952.5 0 0 3.91755e-48 6.13365e-35 0
1955 0 0 4.16253e-48 7.64643e-36 0
1957.5 0 0 3.73318e-48 1.72251e-35 0
1960 0 0 6.52665e-48 4.41886e-35 0
1962.5 0 0 1.82404e-47 5.879e-35 0
1965 0 0 4.05758e-47 5.24175e-35 0
1967.5 0 0 6.63983e-47 3.04225e-35 0
1970 0 0 8.23349e-47 8.285e-36 0
1972.5 0 0 7.85569e-47 7.74618e-36 0
1975 0 0 5.71225e-47 4.12142e-35 0
1977.5 0 0 3.05193e-47 8.72642e-35 0
1980 0 0 1.15907e-47 9.52514e-35 0
1982.5 0 0 4.56065e-48 4.51203e-35 0
1985 0 0 4.8273e-48 4.83002e-37 0
1987.5 0 0 5.72201e-48 5.57931e-35 0
1990 0 0 4.38741e-48 2.05758e-34 0
1992.5 0 0 2.0275e-48 3.11891e-34 0
1995 0 0 5.89426e-49 2.59799e-34 0
1997.5 0 0 4.62951e-49 1.48677e-34 0
2000 0 0 8.27194e-49 2.75228e-34 0
2002.5 0 0 9.54118e-49 8.98653e-34 0
2005 0 0 7.202e-49 2.00852e-33 0
2007.5 0 0 3.37667e-49 3.28124e-33 0
2010 0 0 5.64064e-50 4.221e-33 0
2012.5 0 0 4.16355e-50 4.39637e-33 0
2015 0 0 2.79512e-49 3.68978e-33 0
2017.5 0 0 5.64809e-49 2.42236e-33 0
2020 0 0 6.67595e-49 1.1931e-33 0
2022.5 0 0 5.21746e-49 4.7737e-34 0
2025 0 0 2.86834e-49 3.17016e-34 0
2027.5 0 0 3.40388e-49 3.96662e-34 0
2030 0 0 1.11983e-48 4.01091e-34 0
2032.5 0 0 2.60482e-48 2.65921e-34 0
2035 0 0 3.86656e-48 1.15329e-34 0
2037.5 0 0 3.8228e-48 5.4018e-35 0
2040 0 0 3.30802e-48 7.10306e-35 0
2042.5 0 0 6.19177e-48 9.68311e-35 0
2045 0 0 1.6898e-47 8.62662e-35 0
2047.5 0 0 3.53179e-47 4.45989e-35 0
2050 0 0 5.42428e-47 8.40211e-36 0
2052.5 0 0 6.33285e-47 7.37528e-36 0
2055 0 0 5.70637e-47 3.12089e-35 0
2057.5 0 0 3.93545e-47 4.15529e-35 0
2060 0 0 2.01899e-47 2.61152e-35 0
2062.5 0 0 7.76928e-48 1.675e-35 0
2065 0 0 3.51064e-48 3.36719e-35 0
2067.5 0 0 3.57407e-48 4.77147e-35 0
2070 0 0 3.79439e-48 4.1827e-35 0
2072.5 0 0 2.76813e-48 7.24233e-35 0
2075 0 0 1.30426e-48 1.88469e-34 0
2077.5 0 0 4.05129e-49 3.0554e-34 0
2080 0 0 2.41889e-49 2.89895e-34 0
2082.5 0 0 4.30247e-49 2.35097e-34 0
2085 0 0 5.79779e-49 5.34586e-34 0
2087.5 0 0 5.15167e-49 1.49869e-33 0
2090 0 0 2.78009e-49 2.87584e-33 0
2092.5 0 0 5.38573e-50 3.8949e-33 0
2095 0 0 2.05761e-50 3.89762e-33 0
2097.5 0 0 2.09501e-49 2.91805e-33 0
2100 0 0 5.00827e-49 1.60571e-33 0
2102.5 0 0 6.99843e-49 6.28424e-34 0
2105 0 0 6.32298e-49 2.02694e-34 0
2107.5 0 0 3.47098e-49 1.32584e-34 0
2110 0 0 3.15863e-49 1.45947e-34 0
2112.5 0 0 1.14082e-48 1.20382e-34 0
2115 0 0 2.69664e-48 6.75033e-35 0
2117.5 0 0 3.76641e-48 2.5115e-35 0
2120 0 0 3.33332e-48 4.81519e-36 0
2122.5 0 0 2.70385e-48 1.81464e-36 0
2125 0 0 5.70925e-48 1.19524e-35 0
2127.5 0 0 1.55022e-47 3.06483e-35 0
2130 0 0 3.0456e-47 4.45964e-35 0
2132.5 0 0 4.37195e-47 3.71574e-35 0
2135 0 0 4.78594e-47 1.19172e-35 0
2137.5 0 0 4.0665e-47 3.01578e-36 0
2140 0 0 2.66835e-47 3.84887e-35 0
2142.5 0 0 1.32715e-47 9.01509e-35 0
2145 0 0 5.19757e-48 9.27476e-35 0
2147.5 0 0 2.50323e-48 3.52838e-35 0
2150 0 0 2.42106e-48 1.65546e-36 0
2152.5 0 0 2.46132e-48 7.40493e-35 0
2155 0 0 1.83425e-48 2.07347e-34 0
2157.5 0 0 9.31734e-49 2.59993e-34 0
2160 0 0 2.92639e-49 1.76526e-34 0
2162.5 0 0 1.06707e-49 1.01185e-34 0
2165 0 0 2.43518e-49 2.68026e-34 0
2167.5 0 0 4.36456e-49 7.79783e-34 0
2170 0 0 4.66105e-49 1.50355e-33 0
2172.5 0 0 2.97229e-49 2.15717e-33 0
2175 0 0 8.31132e-50 2.47528e-33 0
2177.5 0 0 2.57554e-50 2.33519e-33 0
2180 0 0 2.15686e-49 1.80748e-33 0
2182.5 0 0 5.49936e-49 1.12362e-33 0
2185 0 0 7.62646e-49 5.53543e-34 0
2187.5 0 0 6.27223e-49 2.50681e-34 0
2190 0 0 2.86306e-49 1.83261e-34 0
2192.5 0 0 3.3448e-49 2.07413e-34 0
2195 0 0 1.26384e-48 2.01376e-34 0
2197.5 0 0 2.66008e-48 1.38184e-34 0
2200 0 0 3.2943e-48 6.19851e-35 0
2202.5 0 0 2.61313e-48 2.28842e-35 0
2205 0 0 2.24953e-48 3.08532e-35 0
2207.5 0 0 5.40045e-48 5.31874e-35 0
2210 0 0 1.38371e-47 5.12606e-35 0
2212.5 0 0 2.52686e-47 2.27789e-35 0
2215 0 0 3.41062e-47 9.97049e-37 0
2217.5 0 0 3.54785e-47 7.90706e-36 0
2220 0 0 2.89224e-47 2.50937e-35 0
2222.5 0 0 1.84159e-47 2.62408e-35 0
2225 0 0 9.04857e-48 1.94083e-35 0
2227.5 0 0 3.61157e-48 2.76172e-35 0
2230 0 0 1.78232e-48 4.12474e-35 0
2232.5 0 0 1.67366e-48 3.43198e-35 0
2235 0 0 1.70046e-48 2.86771e-35 0
2237.5 0 0 1.31018e-48 8.30957e-35 0
2240 0 0 6.85509e-49 1.88666e-34 0
2242.5 0 0 1.92761e-49 2.37255e-34 0
2245 0 0 3.68676e-50 1.73455e-34 0
2247.5 0 0 1.6485e-49 1.56473e-34 0
2250 0 0 3.56495e-49 4.62176e-34 0
2252.5 0 0 4.11914e-49 1.1609e-33 0
2255 0 0 2.88147e-49 1.94023e-33 0
2257.5 0 0 1.01069e-49 2.32474e-33 0
2260 0 0 3.5166e-50 2.08622e-33 0
2262.5 0 0 2.16946e-49 1.41631e-33 0
2265 0 0 5.68772e-49 7.1601e-34 0
2267.5 0 0 7.79838e-49 2.64691e-34 0
2270 0 0 5.89171e-49 8.67861e-35 0
2272.5 0 0 2.17246e-49 5.68079e-35 0
2275 0 0 3.41493e-49 5.8504e-35 0
2277.5 0 0 1.33795e-48 4.92213e-35 0
2280 0 0 2.55964e-48 3.32232e-35 0
2282.5 0 0 2.81317e-48 1.92537e-35 0
2285 0 0 1.94878e-48 7.52686e-36 0
2287.5 0 0 1.81186e-48 5.05982e-37 0
2290 0 0 5.00366e-48 8.20982e-36 0
2292.5 0 0 1.22139e-47 3.21027e-35 0
2295 0 0 2.08094e-47 5.01374e-35 0
2297.5 0 0 2.63875e-47 3.76519e-35 0
2300 0 0 2.60361e-47 7.82903e-36 0
2302.5 0 0 2.03452e-47 7.22557e-36 0
2305 0 0 1.25681e-47 5.23674e-35 0
2307.5 0 0 6.0699e-48 9.26549e-35 0
2310 0 0 2.39876e-48 7.11459e-35 0
2312.5 0 0 1.16538e-48 1.35654e-35 0
2315 0 0 1.12109e-48 1.07704e-35 0
2317.5 0 0 1.21209e-48 9.70415e-35 0
2320 0 0 9.97771e-49 1.87491e-34 0
2322.5 0 0 5.48416e-49 1.77254e-34 0
2325 0 0 1.48255e-49 8.73117e-35 0
2327.5 0 0 1.39571e-50 6.87566e-35 0
2330 0 0 1.44134e-49 2.53304e-34 0
2332.5 0 0 3.51814e-49 6.2232e-34 0
2335 0 0 4.25816e-49 1.02541e-33 0
2337.5 0 0 2.94505e-49 1.29864e-33 0
2340 0 0 8.62178e-50 1.35434e-33 0
2342.5 0 0 3.7069e-50 1.19491e-33 0
2345 0 0 2.72271e-49 8.89552e-34 0
2347.5 0 0 6.23208e-49 5.46275e-34 0
2350 0 0 7.27223e-49 2.72817e-34 0
2352.5 0 0 4.38697e-49 1.28773e-34 0
2355 0 0 1.35535e-49 1.00182e-34 0
2357.5 0 0 4.23119e-49 1.20221e-34 0
2360 0 0 1.38247e-48 1.21719e-34 0
2362.5 0 0 2.24533e-48 8.25849e-35 0
2365 0 0 2.14676e-48 3.11908e-35 0
2367.5 0 0 1.366e-48 8.39932e-36 0
2370 0 0 1.60193e-48 2.16452e-35 0
2372.5 0 0 4.61692e-48 3.9523e-35 0
2375 0 0 1.0366e-47 3.30596e-35 0
2377.5 0 0 1.65051e-47 1.0781e-35 0
2380 0 0 1.99274e-47 1.26238e-36 0
2382.5 0 0 1.89876e-47 1.08335e-35 0
2385 0 0 1.44919e-47 1.96317e-35 0
2387.5 0 0 8.81757e-48 1.76588e-35 0
2390 0 0 4.20222e-48 1.85214e-35 0
2392.5 0 0 1.62264e-48 2.86142e-35 0
2395 0 0 7.90706e-49 3.04106e-35 0
2397.5 0 0 8.28464e-49 1.84304e-35 0
2400 0 0 9.46957e-49 2.73629e-35 0
2402.5 0 0 7.8819e-49 8.5551e-35 0
2405 0 0 4.17449e-49 1.50818e-34 0
2407.5 0 0 9.39753e-50 1.46922e-34 0
2410 0 0 7.0872e-51 8.71801e-35 0
2412.5 0 0 1.43187e-49 1.17316e-34 0
2415 0 0 3.31532e-49 3.78632e-34 0
2417.5 0 0 3.88254e-49 8.26026e-34 0
2420 0 0 2.56143e-49 1.22048e-33 0
2422.5 0 0 6.52103e-50 1.32345e-33 0
2425 0 0 4.59866e-50 1.09209e-33 0
2427.5 0 0 2.97036e-49 6.87554e-34 0
2430 0 0 6.11386e-49 3.21119e-34 0
2432.5 0 0 6.37442e-49 1.06313e-34 0
2435 0 0 3.17135e-49 3.07047e-35 0
2437.5 0 0 9.08804e-50 2.30653e-35 0
2440 0 0 4.70544e-49 2.72851e-35 0
2442.5 0 0 1.34818e-48 2.67127e-35 0
2445 0 0 1.93027e-48 2.42634e-35 0
2447.5 0 0 1.61093e-48 1.88694e-35 0
2450 0 0 9.2505e-49 7.65097e-36 0
2452.5 0 0 1.39326e-48 5.70387e-37 0
2455 0 0 4.16866e-48 1.31477e-35 0
2457.5 0 0 8.75446e-48 3.90025e-35 0
2460 0 0 1.31041e-47 4.76391e-35 0
2462.5 0 0 1.50542e-47 2.50056e-35 0
2465 0 0 1.37982e-47 2.18966e-36 0
2467.5 0 0 1.02183e-47 1.86954e-35 0
2470 0 0 6.0585e-48 6.19868e-35 0
2472.5 0 0 2.79618e-48 7.54618e-35 0
2475 0 0 1.02621e-48 3.72477e-35 0
2477.5 0 0 5.13862e-49 6.98527e-37 0
2480 0 0 6.22755e-49 2.83869e-35 0
2482.5 0 0 7.6194e-49 1.02374e-34 0
2485 0 0 6.50643e-49 1.38025e-34 0
2487.5 0 0 3.44038e-49 9.28121e-35 0
2490 0 0 7.01478e-50 3.11786e-35 0
2492.5 0 0 1.11355e-50 6.1693e-35 0
2495 0 0 1.63466e-49 2.23675e-34 0
2497.5 0 0 3.50708e-49 4.52371e-34 0
2500 0 0 3.75538e-49 6.44313e-34 0
2502.5 0 0 2.05591e-49 7.34953e-34 0
2505 0 0 2.79897e-50 7.16504e-34 0
2507.5 0 0 7.4485e-50 6.1103e-34 0
2510 0 0 3.51164e-49 4.50034e-34 0
2512.5 0 0 5.78131e-49 2.75063e-34 0
2515 0 0 4.84347e-49 1.35288e-34 0
2517.5 0 0 1.7296e-49 6.58006e-35 0
2520 0 0 9.22e-50 6.25603e-35 0
2522.5 0 0 5.38113e-49 8.326e-35 0
2525 0 0 1.22302e-48 8.19911e-35 0
2527.5 0 0 1.49337e-48 4.88334e-35 0
2530 0 0 1.09004e-48 1.32666e-35 0
2532.5 0 0 6.5031e-49 5.72207e-36 0
2535 0 0 1.30704e-48 2.15429e-35 0
2537.5 0 0 3.66225e-48 3.09734e-35 0
2540 0 0 7.09799e-48 1.96622e-35 0
2542.5 0 0 1.00851e-47 3.88849e-36 0
2545 0 0 1.12136e-47 2.67303e-36 0
2547.5 0 0 1.00714e-47 1.13554e-35 0
2550 0 0 7.35033e-48 1.45156e-35 0
2552.5 0 0 4.28108e-48 1.22343e-35 0
2555 0 0 1.90829e-48 1.53046e-35 0
2557.5 0 0 6.67948e-49 2.11134e-35 0
2560 0 0 3.78626e-49 1.72086e-35 0
2562.5 0 0 5.29437e-49 1.05667e-35 0
2565 0 0 6.43789e-49 2.7686e-35 0
2567.5 0 0 5.20415e-49 7.13663e-35 0
2570 0 0 2.46739e-49 9.96175e-35 0
2572.5 0 0 3.43193e-50 7.70417e-35 0
2575 0 0 2.18135e-50 4.26075e-35 0
2577.5 0 0 1.73879e-49 9.39478e-35 0
2580 0 0 3.21324e-49 2.85039e-34 0
2582.5 0 0 3.08226e-49 5.49126e-34 0
2585 0 0 1.4307e-49 7.38465e-34 0
2587.5 0 0 1.20813e-50 7.43189e-34 0
2590 0 0 9.62801e-50 5.72565e-34 0
2592.5 0 0 3.47708e-49 3.32592e-34 0
2595 0 0 4.97529e-49 1.37205e-34 0
2597.5 0 0 3.56844e-49 3.63647e-35 0
2600 0 0 9.33539e-50 9.88484e-36 0
2602.5 0 0 1.02482e-49 1.21766e-35 0
2605 0 0 5.4331e-49 1.6092e-35 0
2607.5 0 0 1.06973e-48 1.87768e-35 0
2610 0 0 1.15548e-48 2.05068e-35 0
2612.5 0 0 7.3607e-49 1.51253e-35 0
2615 0 0 4.56409e-49 3.89995e-36 0
2617.5 0 0 1.17892e-48 2.51236e-36 0
2620 0 0 3.18059e-48 1.99847e-35 0
2622.5 0 0 5.80131e-48 3.87185e-35 0
2625 0 0 7.85394e-48 3.3686e-35 0
2627.5 0 0 8.40829e-48 1.05198e-35 0
2630 0 0 7.31795e-48 3.83879e-36 0
2632.5 0 0 5.18322e-48 2.92413e-35 0
2635 0 0 2.91119e-48 5.60354e-35 0
2637.5 0 0 1.22888e-48 4.66236e-35 0
2640 0 0 4.09652e-49 1.21253e-35 0
2642.5 0 0 2.8301e-49 2.92291e-36 0
2645 0 0 4.49091e-49 4.09034e-35 0
2647.5 0 0 5.46785e-49 8.52691e-35 0
2650 0 0 4.31253e-49 8.2228e-35 0
2652.5 0 0 1.90139e-49 3.62272e-35 0
2655 0 0 1.79848e-50 1.15063e-35 0
2657.5 0 0 3.89052e-50 6.30242e-35 0
2660 0 0 1.98591e-49 1.80552e-34 0
2662.5 0 0 3.13945e-49 3.04263e-34 0
2665 0 0 2.53391e-49 3.81831e-34 0
2667.5 0 0 8.23064e-50 4.00826e-34 0
2670 0 0 5.21262e-51 3.74904e-34 0
2672.5 0 0 1.36243e-49 3.16861e-34 0
2675 0 0 3.47421e-49 2.33624e-34 0
2677.5 0 0 3.95906e-49 1.40582e-34 0
2680 0 0 2.165e-49 6.70817e-35 0
2682.5 0 0 3.66426e-50 3.77722e-35 0
2685 0 0 1.41658e-49 4.77336e-35 0
2687.5 0 0 5.28062e-49 6.33536e-35 0
2690 0 0 8.557e-49 5.47756e-35 0
2692.5 0 0 8.01023e-49 2.57664e-35 0
2695 0 0 4.62278e-49 4.89592e-36 0
2697.5 0 0 3.75849e-49 8.304e-36 0
2700 0 0 1.08854e-48 2.14564e-35 0
2702.5 0 0 2.66575e-48 2.18783e-35 0
2705 0 0 4.56602e-48 9.06885e-36 0
2707.5 0 0 5.96626e-48 5.90356e-37 0
2710 0 0 6.25934e-48 4.45197e-36 0
2712.5 0 0 5.37066e-48 1.03996e-35 0
2715 0 0 3.7401e-48 9.46018e-36 0
2717.5 0 0 2.03743e-48 7.16521e-36 0
2720 0 0 8.14451e-49 1.03142e-35 0
2722.5 0 0 2.73028e-49 1.31218e-35 0
2725 0 0 2.52123e-49 8.86425e-36 0
2727.5 0 0 4.08762e-49 7.23816e-36 0
2730 0 0 4.58517e-49 2.33633e-35 0
2732.5 0 0 3.2332e-49 4.9882e-35 0
2735 0 0 1.16174e-49 5.80021e-35 0
2737.5 0 0 3.58227e-51 3.70866e-35 0
2740 0 0 5.57603e-50 2.33682e-35 0
2742.5 0 0 1.91306e-49 7.29822e-35 0
2745 0 0 2.56517e-49 2.01336e-34 0
2747.5 0 0 1.77273e-49 3.5426e-34 0
2750 0 0 4.13073e-50 4.4424e-34 0
2752.5 0 0 1.20921e-50 4.18571e-34 0
2755 0 0 1.43399e-49 2.97771e-34 0
2757.5 0 0 2.99351e-49 1.53753e-34 0
2760 0 0 2.97246e-49 5.19897e-35 0
2762.5 0 0 1.32958e-49 1.01872e-35 0
2765 0 0 1.82373e-50 4.84674e-36 0
2767.5 0 0 1.52755e-49 8.04825e-36 0
2770 0 0 4.72771e-49 1.07882e-35 0
2772.5 0 0 6.82588e-49 1.45615e-35 0
2775 0 0 5.72609e-49 1.55864e-35 0
2777.5 0 0 2.96225e-49 8.82715e-36 0
2780 0 0 3.0305e-49 1.32613e-36 0
2782.5 0 0 9.67268e-49 6.44499e-36 0
2785 0 0 2.24957e-48 2.24477e-35 0
2787.5 0 0 3.67414e-48 2.9903e-35 0
2790 0 0 4.61979e-48 1.81141e-35 0
2792.5 0 0 4.68526e-48 3.62953e-36 0
2795 0 0 3.88682e-48 9.47344e-36 0
2797.5 0 0 2.60434e-48 3.11596e-35 0
2800 0 0 1.34937e-48 3.98647e-35 0
2802.5 0 0 5.05693e-49 2.23932e-35 0
2805 0 0 1.80191e-49 2.40482e-36 0
2807.5 0 0 2.20653e-49 1.03646e-35 0
2810 0 0 3.58851e-49 4.13212e-35 0
2812.5 0 0 3.84264e-49 5.85844e-35 0
2815 0 0 2.52998e-49 4.03582e-35 0
2817.5 0 0 7.6774e-50 9.66031e-36 0
2820 0 0 3.25709e-51 1.04494e-35 0
2822.5 0 0 7.64197e-50 6.03181e-35 0
2825 0 0 1.95559e-49 1.34392e-34 0
2827.5 0 0 2.19597e-49 1.93009e-34 0
2830 0 0 1.19456e-49 2.16892e-34 0
2832.5 0 0 1.22016e-50 2.13474e-34 0
2835 0 0 2.9128e-50 1.96375e-34 0
2837.5 0 0 1.59106e-49 1.6778e-34 0
2840 0 0 2.5363e-49 1.23813e-34 0
2842.5 0 0 1.99227e-49 7.20729e-35 0
2845 0 0 6.03749e-50 3.45299e-35 0
2847.5 0 0 1.92005e-50 2.727e-35 0
2850 0 0 1.70376e-49 4.0601e-35 0
2852.5 0 0 3.99995e-49 4.73826e-35 0
2855 0 0 4.93253e-49 3.31803e-35 0
2857.5 0 0 3.66929e-49 1.13286e-35 0
2860 0 0 1.92635e-49 3.44229e-36 0
2862.5 0 0 2.86033e-49 1.1474e-35 0
2865 0 0 8.57022e-49 1.815e-35 0
2867.5 0 0 1.82792e-48 1.23487e-35 0
2870 0 0 2.85115e-48 2.35647e-36 0
2872.5 0 0 3.49791e-48 6.5737e-37 0
2875 0 0 3.49343e-48 5.84416e-36 0
2877.5 0 0 2.85371e-48 7.79227e-36 0
2880 0 0 1.86608e-48 4.51711e-36 0
2882.5 0 0 9.25871e-49 3.30436e-36 0
2885 0 0 3.29559e-49 6.65086e-36 0
2887.5 0 0 1.42921e-49 7.96394e-36 0
2890 0 0 2.15853e-49 4.40276e-36 0
2892.5 0 0 3.18496e-49 4.73817e-36 0
2895 0 0 3.00889e-49 1.67782e-35 0
2897.5 0 0 1.68183e-49 3.19278e-35 0
2900 0 0 3.55045e-50 3.26896e-35 0
2902.5 0 0 7.38064e-51 1.81137e-35 0
2905 0 0 8.28129e-50 1.47945e-35 0
2907.5 0 0 1.63575e-49 5.46687e-35 0
2910 0 0 1.56198e-49 1.39337e-34 0
2912.5 0 0 6.8922e-50 2.28519e-34 0
2915 0 0 2.34191e-51 2.67984e-34 0
2917.5 0 0 3.73211e-50 2.33288e-34 0
2920 0 0 1.39551e-49 1.48904e-34 0
2922.5 0 0 1.92763e-49 6.52063e-35 0
2925 0 0 1.32445e-49 1.68722e-35 0
2927.5 0 0 2.98672e-50 3.10362e-36 0
2930 0 0 2.21723e-50 3.65659e-36 0
2932.5 0 0 1.57359e-49 5.22492e-36 0
2935 0 0 3.271e-49 7.53473e-36 0
2937.5 0 0 3.70957e-49 1.08334e-35 0
2940 0 0 2.52339e-49 9.99942e-36 0
2942.5 0 0 1.29823e-49 3.99062e-36 0
2945 0 0 2.48857e-49 1.49956e-36 0
2947.5 0 0 7.45991e-49 9.25086e-36 0
2950 0 0 1.52317e-48 1.95536e-35 0
2952.5 0 0 2.28454e-48 1.89348e-35 0
2955 0 0 2.7019e-48 8.09691e-36 0
2957.5 0 0 2.59823e-48 3.08217e-36 0
2960 0 0 2.03639e-48 1.30331e-35 0
2962.5 0 0 1.26874e-48 2.5764e-35 0
2965 0 0 5.93264e-49 2.36181e-35 0
2967.5 0 0 2.03431e-49 8.76104e-36 0
2970 0 0 1.14732e-49 1.91546e-36 0
2972.5 0 0 1.95492e-49 1.48059e-35 0
2975 0 0 2.71444e-49 3.33509e-35 0
2977.5 0 0 2.39046e-49 3.46582e-35 0
2980 0 0 1.20007e-49 1.63251e-35 0
2982.5 0 0 1.92079e-50 1.3973e-36 0
2985 0 0 1.72666e-50 1.35747e-35 0
2987.5 0 0 9.22707e-50 5.22275e-35 0
2990 0 0 1.47227e-49 9.41666e-35 0
2992.5 0 0 1.16245e-49 1.17305e-34 0
2995 0 0 3.59458e-50 1.19106e-34 0
2997.5 0 0 4.93557e-52 1.11871e-34 0
3000 0 0 5.13842e-50 1.03955e-34 0
3002.5 0 0 1.28713e-49 9.08092e-35 0
3005 0 0 1.41439e-49 6.61283e-35 0
3007.5 0 0 7.41823e-50 3.69962e-35 0
3010 0 0 8.59128e-51 2.0512e-35 0
3012.5 0 0 3.38081e-50 2.38015e-35 0
3015 0 0 1.46854e-49 3.37407e-35 0
3017.5 0 0 2.50112e-49 3.20705e-35 0
3020 0 0 2.49937e-49 1.73447e-35 0
3022.5 0 0 1.57786e-49 4.83206e-36 0
3025 0 0 1.02025e-49 5.28093e-36 0
3027.5 0 0 2.39861e-49 1.19616e-35 0
3030 0 0 6.39748e-49 1.22369e-35 0
3032.5 0 0 1.2161e-48 5.1046e-36 0
3035 0 0 1.75922e-48 1.45884e-37 0
3037.5 0 0 2.03944e-48 2.23139e-36 0
3040 0 0 1.93235e-48 5.64635e-36 0
3042.5 0 0 1.48615e-48 4.42189e-36 0
3045 0 0 8.97086e-49 1.22573e-36 0
3047.5 0 0 3.99642e-49 1.73478e-36 0
3050 0 0 1.3992e-49 4.91478e-36 0
3052.5 0 0 1.10506e-49 5.03031e-36 0
3055 0 0 1.84977e-49 1.92126e-36 0
3057.5 0 0 2.23397e-49 2.83382e-36 0
3060 0 0 1.68925e-49 1.16543e-35 0
3062.5 0 0 6.78566e-50 2.08213e-35 0
3065 0 0 6.24755e-51 1.93783e-35 0
3067.5 0 0 2.37848e-50 9.44263e-36 0
3070 0 0 8.13646e-50 1.02056e-35 0
3072.5 0 0 1.07092e-49 4.0654e-35 0
3075 0 0 7.1627e-50 9.66781e-35 0
3077.5 0 0 1.58718e-50 1.477e-34 0
3080 0 0 2.92407e-51 1.6007e-34 0
3082.5 0 0 4.73393e-50 1.26177e-34 0
3085 0 0 9.86219e-50 7.02044e-35 0
3087.5 0 0 9.76415e-50 2.49939e-35 0
3090 0 0 4.49027e-50 4.92383e-36 0
3092.5 0 0 3.5806e-51 1.84433e-36 0
3095 0 0 3.29846e-50 2.55711e-36 0
3097.5 0 0 1.22181e-49 3.10197e-36 0
3100 0 0 1.9502e-49 5.31478e-36 0
3102.5 0 0 1.85159e-49 7.4704e-36 0
3105 0 0 1.10535e-49 5.62772e-36 0
3107.5 0 0 7.82238e-50 1.75419e-36 0
3110 0 0 2.11222e-49 2.72152e-36 0
3112.5 0 0 5.51134e-49 9.61556e-36 0
3115 0 0 1.00954e-48 1.42896e-35 0
3117.5 0 0 1.40496e-48 1.04773e-35 0
3120 0 0 1.56305e-48 3.75078e-36 0
3122.5 0 0 1.4158e-48 4.49973e-36 0
3125 0 0 1.03614e-48 1.29351e-35 0
3127.5 0 0 5.9165e-49 1.7933e-35 0
3130 0 0 2.49515e-49 1.23084e-35 0
3132.5 0 0 9.41687e-50 3.39171e-36 0
3135 0 0 9.84927e-50 3.84509e-36 0
3137.5 0 0 1.60562e-49 1.47282e-35 0
3140 0 0 1.80058e-49 2.32562e-35 0
3142.5 0 0 1.25574e-49 1.84382e-35 0
3145 0 0 4.40336e-50 5.32687e-36 0
3147.5 0 0 5.41705e-51 7.58997e-37 0
3150 0 0 3.1511e-50 1.54192e-35 0
3152.5 0 0 7.8026e-50 4.2217e-35 0
3155 0 0 8.62052e-50 6.3469e-35 0
3157.5 0 0 4.65635e-50 6.86234e-35 0
3160 0 0 5.37497e-51 6.28669e-35 0
3162.5 0 0 8.68876e-51 5.76767e-35 0
3165 0 0 4.99115e-50 5.58109e-35 0
3167.5 0 0 7.96802e-50 4.98222e-35 0
3170 0 0 6.34115e-50 3.53155e-35 0
3172.5 0 0 2.03678e-50 2.0062e-35 0
3175 0 0 2.28484e-51 1.53902e-35 0
3177.5 0 0 3.78002e-50 2.11254e-35 0
3180 0 0 1.01983e-49 2.52174e-35 0
3182.5 0 0 1.3998e-49 1.91646e-35 0
3185 0 0 1.20948e-49 8.31673e-36 0
3187.5 0 0 7.35608e-50 3.53191e-36 0
3190 0 0 7.48082e-50 6.64781e-36 0
3192.5 0 0 1.98782e-49 9.61671e-36 0
3195 0 0 4.61068e-49 6.71579e-36 0
3197.5 0 0 7.94302e-49 1.62508e-36 0
3200 0 0 1.07203e-48 5.86729e-37 0
3202.5 0 0 1.17227e-48 3.23914e-36 0
3205 0 0 1.0464e-48 4.26606e-36 0
3207.5 0 0 7.49484e-49 1.90305e-36 0
3210 0 0 4.12995e-49 7.53922e-38 0
3212.5 0 0 1.69192e-49 1.73136e-36 0
3215 0 0 7.64874e-50 4.12957e-36 0
3217.5 0 0 9.71021e-50 3.25149e-36 0
3220 0 0 1.39935e-49 6.06172e-37 0
3222.5 0 0 1.34877e-49 1.94034e-36 0
3225 0 0 7.89504e-50 8.80324e-36 0
3227.5 0 0 2.06585e-50 1.46118e-35 0
3230 0 0 4.84074e-51 1.21876e-35 0
3232.5 0 0 3.05612e-50 4.95999e-36 0
3235 0 0 5.86483e-50 7.32252e-36 0
3237.5 0 0 5.5255e-50 3.04441e-35 0
3240 0 0 2.48657e-50 6.7362e-35 0
3242.5 0 0 1.30556e-51 9.49871e-35 0
3245 0 0 9.28968e-51 9.37894e-35 0
3247.5 0 0 3.83944e-50 6.56555e-35 0
3250 0 0 5.56309e-50 3.09645e-35 0
3252.5 0 0 4.15362e-50 8.69248e-36 0
3255 0 0 1.19343e-50 1.75909e-36 0
3257.5 0 0 2.3453e-51 1.49886e-36 0
3260 0 0 3.16327e-50 1.36448e-36 0
3262.5 0 0 8.09385e-50 1.77036e-36 0
3265 0 0 1.08941e-49 3.80519e-36 0
3267.5 0 0 9.21642e-50 4.86168e-36 0
3270 0 0 5.50846e-50 2.98647e-36 0
3272.5 0 0 6.22397e-50 1.25456e-36 0
3275 0 0 1.73852e-49 3.61373e-36 0
3277.5 0 0 3.94901e-49 8.22101e-36 0
3280 0 0 6.56547e-49 9.29753e-36 0
3282.5 0 0 8.4922e-49 5.56365e-36 0
3285 0 0 8.85232e-49 2.64573e-36 0
3287.5 0 0 7.49711e-49 5.32191e-36 0
3290 0 0 5.07945e-49 1.05255e-35 0
3292.5 0 0 2.64747e-49 1.12613e-35 0
3295 0 0 1.06626e-49 6.24322e-36 0
3297.5 0 0 5.93915e-50 2.09245e-36 0
3300 0 0 8.43712e-50 4.95046e-36 0
3302.5 0 0 1.13985e-49 1.22298e-35 0
3305 0 0 1.0264e-49 1.51183e-35 0
3307.5 0 0 5.54623e-50 9.2865e-36 0
3310 0 0 1.32553e-50 1.223e-36 0
3312.5 0 0 7.9922e-51 2.15702e-36 0
3315 0 0 3.212e-50 1.56147e-35 0
3317.5 0 0 5.0758e-50 3.26694e-35 0
3320 0 0 4.09234e-50 4.09978e-35 0
3322.5 0 0 1.43023e-50 3.77572e-35 0
3325 0 0 5.27659e-52 3.11872e-35 0
3327.5 0 0 1.29087e-50 2.93516e-35 0
3330 0 0 3.50378e-50 3.06003e-35 0
3332.5 0 0 4.10833e-50 2.7746e-35 0
3335 0 0 2.43654e-50 1.94258e-35 0
3337.5 0 0 4.06333e-51 1.2617e-35 0
3340 0 0 4.7032e-51 1.3025e-35 0
3342.5 0 0 3.11562e-50 1.71086e-35 0
3345 0 0 6.35926e-50 1.69035e-35 0
3347.5 0 0 7.5745e-50 1.06452e-35 0
3350 0 0 6.07877e-50 4.50851e-36 0
3352.5 0 0 4.24711e-50 3.79841e-36 0
3355 0 0 6.3711e-50 6.3323e-36 0
3357.5 0 0 1.57915e-49 6.52708e-36 0
3360 0 0 3.21808e-49 3.3212e-36 0
3362.5 0 0 5.07235e-49 7.53029e-37 0
3365 0 0 6.40259e-49 1.49798e-36 0
3367.5 0 0 6.58669e-49 3.28301e-36 0
3370 0 0 5.50664e-49 2.80288e-36 0
3372.5 0 0 3.64871e-49 6.77577e-37 0
3375 0 0 1.84575e-49 2.03904e-37 0
3377.5 0 0 7.71974e-50 2.16872e-36 0
3380 0 0 5.50517e-50 3.54659e-36 0
3382.5 0 0 7.7555e-50 2.06e-36 0
3385 0 0 9.06012e-50 6.71217e-38 0
3387.5 0 0 6.98174e-50 1.85942e-36 0
3390 0 0 3.09675e-50 7.36459e-36 0
3392.5 0 0 5.69349e-51 1.08431e-35 0
3395 0 0 8.22294e-51 7.7593e-36 0
3397.5 0 0 2.53019e-50 2.34749e-36 0
3400 0 0 3.35389e-50 5.55582e-36 0
3402.5 0 0 2.35684e-50 2.32421e-35 0
3405 0 0 6.64701e-51 4.71783e-35 0
3407.5 0 0 3.28353e-52 6.05218e-35 0
3410 0 0 9.99115e-51 5.35261e-35 0
3412.5 0 0 2.42628e-50 3.2583e-35 0
3415 0 0 2.75307e-50 1.27406e-35 0
3417.5 0 0 1.62242e-50 3.03075e-36 0
3420 0 0 2.72589e-51 1.17113e-36 0
3422.5 0 0 3.94445e-51 9.7176e-37 0
3425 0 0 2.45175e-50 4.63779e-37 0
3427.5 0 0 5.06414e-50 1.14678e-36 0
3430 0 0 6.11488e-50 2.80725e-36 0
3432.5 0 0 4.89153e-50 3.11594e-36 0
3435 0 0 3.37338e-50 1.76388e-36 0
3437.5 0 0 5.36121e-50 1.46468e-36 0
3440 0 0 1.36578e-49 3.75787e-36 0
3442.5 0 0 2.73758e-49 6.24611e-36 0
3445 0 0 4.16027e-49 5.83899e-36 0
3447.5 0 0 5.00428e-49 3.34244e-36 0
3450 0 0 4.87045e-49 2.57061e-36 0
3452.5 0 0 3.83881e-49 5.06492e-36 0
3455 0 0 2.4013e-49 7.77181e-36 0
3457.5 0 0 1.16469e-49 6.99487e-36 0
3460 0 0 5.17737e-50 3.48929e-36 0
3462.5 0 0 4.49912e-50 1.92815e-36 0
3465 0 0 6.32928e-50 5.02769e-36 0
3467.5 0 0 6.99386e-50 9.54625e-36 0
3470 0 0 5.11271e-50 9.66006e-36 0
3472.5 0 0 2.15229e-50 4.39639e-36 0
3475 0 0 4.97225e-51 7.0006e-38 0
3477.5 0 0 1.00332e-50 3.7147e-36 0
3480 0 0 2.36966e-50 1.45316e-35 0
3482.5 0 0 2.74699e-50 2.38897e-35 0
3485 0 0 1.67596e-50 2.46554e-35 0
3487.5 0 0 3.53099e-51 1.88651e-35 0
3490 0 0 1.45322e-51 1.44162e-35 0
3492.5 0 0 1.1082e-50 1.5234e-35 0
3495 0 0 2.06117e-50 1.74871e-35 0
3497.5 0 0 1.92517e-50 1.60034e-35 0
3500 0 0 8.63194e-51 1.15356e-35 0
3502.5 0 0 7.38908e-52 9.16415e-36 0
3505 0 0 5.91074e-51 1.08181e-35 0
3507.5 0 0 2.26079e-50 1.26639e-35 0
3510 0 0 3.85394e-50 1.06411e-35 0
3512.5 0 0 4.19736e-50 5.98165e-36 0
3515 0 0 3.37869e-50 3.18764e-36 0
3517.5 0 0 3.02432e-50 3.86564e-36 0
3520 0 0 5.40138e-50 5.1156e-36 0
3522.5 0 0 1.18813e-49 4.07879e-36 0
3525 0 0 2.16352e-49 1.73015e-36 0
3527.5 0 0 3.15028e-49 9.00916e-37 0
3530 0 0 3.72656e-49 2.02728e-36 0
3532.5 0 0 3.60202e-49 2.79725e-36 0
3535 0 0 2.8122e-49 1.74647e-36 0
3537.5 0 0 1.7274e-49 3.53149e-37 0
3540 0 0 8.33936e-50 7.4434e-37 0
3542.5 0 0 4.19597e-50 2.4556e-36 0
3545 0 0 4.19454e-50 2.93624e-36 0
3547.5 0 0 5.35199e-50 1.27776e-36 0
3550 0 0 5.10858e-50 4.36468e-38 0
3552.5 0 0 3.18132e-50 2.18278e-36 0
3555 0 0 1.08649e-50 6.53229e-36 0
3557.5 0 0 2.82719e-51 8.20707e-36 0
3560 0 0 8.26173e-51 4.74713e-36 0
3562.5 0 0 1.61641e-50 8.75753e-37 0
3565 0 0 1.6423e-50 4.7051e-36 0
3567.5 0 0 8.91553e-51 1.81893e-35 0
3570 0 0 1.40608e-51 3.29846e-35 0
3572.5 0 0 1.00581e-51 3.77816e-35 0
3575 0 0 7.33556e-51 2.94656e-35 0
3577.5 0 0 1.35398e-50 1.54483e-35 0
3580 0 0 1.30978e-50 5.1709e-36 0
3582.5 0 0 6.39065e-51 1.45485e-36 0
3585 0 0 8.16878e-52 9.21914e-37 0
3587.5 0 0 4.38747e-51 3.98035e-37 0
3590 0 0 1.77033e-50 9.18531e-38 0
3592.5 0 0 3.1863e-50 9.97047e-37 0
3595 0 0 3.58472e-50 2.18285e-36 0
3597.5 0 0 2.84521e-50 2.14975e-36 0
3600 0 0 2.40743e-50 1.37978e-36 0
3602.5 0 0 4.45969e-50 1.69642e-36 0
3605 0 0 1.01632e-49 3.40108e-36 0
3607.5 0 0 1.8289e-49 4.61321e-36 0
3610 0 0 2.5579e-49 3.89649e-36 0
3612.5 0 0 2.86267e-49 2.41586e-36 0
3615 0 0 2.59875e-49 2.48874e-36 0
3617.5 0 0 1.90519e-49 4.37918e-36 0
3620 0 0 1.10927e-49 5.70555e-36 0
3622.5 0 0 5.29372e-50 4.51883e-36 0
3625 0 0 3.00605e-50 2.17103e-36 0
3627.5 0 0 3.31434e-50 1.95313e-36 0
3630 0 0 4.11662e-50 4.75367e-36 0
3632.5 0 0 3.80303e-50 7.30864e-36 0
3635 0 0 2.31896e-50 5.96849e-36 0
3637.5 0 0 8.13647e-51 1.79091e-36 0
3640 0 0 3.36403e-51 2.06829e-37 0
3642.5 0 0 8.53384e-51 4.77034e-36 0
3645 0 0 1.44462e-50 1.23722e-35 0
3647.5 0 0 1.34159e-50 1.62446e-35 0
3650 0 0 6.39271e-51 1.35556e-35 0
3652.5 0 0 7.99333e-52 8.3672e-36 0
3655 0 0 1.90089e-51 6.42068e-36 0
3657.5 0 0 7.63523e-51 8.50378e-36 0
3660 0 0 1.13073e-50 1.05755e-35 0
3662.5 0 0 8.87003e-51 9.69395e-36 0
3665 0 0 3.03258e-51 7.50649e-36 0
3667.5 0 0 6.20059e-52 7.14637e-36 0
3670 0 0 5.76375e-51 8.56416e-36 0
3672.5 0 0 1.57944e-50 8.84609e-36 0
3675 0 0 2.36043e-50 6.54881e-36 0
3677.5 0 0 2.446e-50 3.66353e-36 0
3680 0 0 2.10519e-50 2.72723e-36 0
3682.5 0 0 2.34155e-50 3.50692e-36 0
3685 0 0 4.28643e-50 3.76021e-36 0
3687.5 0 0 8.41978e-50 2.52168e-36 0
3690 0 0 1.39831e-49 1.17946e-36 0
3692.5 0 0 1.89969e-49 1.2153e-36 0
3695 0 0 2.11438e-49 2.10075e-36 0
3697.5 0 0 1.92031e-49 2.1987e-36 0
3700 0 0 1.40239e-49 1.16921e-36 0
3702.5 0 0 8.11914e-50 4.62964e-37 0
3705 0 0 4.01435e-50 1.22462e-36 0
3707.5 0 0 2.62659e-50 2.49587e-36 0
3710 0 0 2.93181e-50 2.3655e-36 0
3712.5 0 0 3.23165e-50 8.13661e-37 0
3715 0 0 2.59052e-50 2.98373e-37 0
3717.5 0 0 1.3379e-50 2.62387e-36 0
3720 0 0 3.84006e-51 5.864e-36 0
3722.5 0 0 2.24848e-51 6.06489e-36 0
3725 0 0 5.94771e-51 2.58132e-36 0
3727.5 0 0 8.85306e-51 2.34431e-37 0
3730 0 0 7.46063e-51 4.41745e-36 0
3732.5 0 0 3.21986e-51 1.43061e-35 0
3735 0 0 2.2432e-52 2.2645e-35 0
3737.5 0 0 1.07955e-51 2.29438e-35 0
3740 0 0 4.70339e-51 1.57934e-35 0
3742.5 0 0 7.45941e-51 7.30197e-36 0
3745 0 0 6.53017e-51 2.37352e-36 0
3747.5 0 0 2.79681e-51 9.95864e-37 0
3750 0 0 6.25348e-52 6.26007e-37 0
3752.5 0 0 4.11024e-51 1.10315e-37 0
3755 0 0 1.27119e-50 1.48146e-37 0
3757.5 0 0 2.06217e-50 1.0569e-36 0
3760 0 0 2.19034e-50 1.83785e-36 0
3762.5 0 0 1.76541e-50 1.68926e-36 0
3765 0 0 1.78099e-50 1.28501e-36 0
3767.5 0 0 3.4614e-50 1.7686e-36 0
3770 0 0 7.16e-50 2.9715e-36 0
3772.5 0 0 1.17705e-49 3.52479e-36 0
3775 0 0 1.52508e-49 2.79714e-36 0
3777.5 0 0 1.59107e-49 1.9249e-36 0
3780 0 0 1.34848e-49 2.35048e-36 0
3782.5 0 0 9.23889e-50 3.74203e-36 0
3785 0 0 5.12701e-50 4.2388e-36 0
3787.5 0 0 2.59708e-50 2.96876e-36 0
3790 0 0 1.89836e-50 1.51974e-36 0
3792.5 0 0 2.20335e-50 2.07083e-36 0
3795 0 0 2.40094e-50 4.31592e-36 0
3797.5 0 0 1.92294e-50 5.39072e-36 0
3800 0 0 1.01698e-50 3.46519e-36 0
3802.5 0 0 3.37051e-51 6.09281e-37 0
3805 0 0 2.61217e-51 8.20233e-37 0
3807.5 0 0 5.87983e-51 5.10779e-36 0
3810 0 0 8.10844e-51 9.75343e-36 0
3812.5 0 0 6.37745e-51 1.03264e-35 0
3815 0 0 2.40737e-51 6.74779e-36 0
3817.5 0 0 1.9888e-52 3.17566e-36 0
3820 0 0 1.71525e-51 2.98938e-36 0
3822.5 0 0 4.93969e-51 5.25395e-36 0
3825 0 0 6.2135e-51 6.73836e-36 0
3827.5 0 0 4.15696e-51 6.21584e-36 0
3830 0 0 1.15152e-51 5.34922e-36 0
3832.5 0 0 9.87094e-52 5.69421e-36 0
3835 0 0 5.02175e-51 6.46905e-36 0
3837.5 0 0 1.08721e-50 5.96622e-36 0
3840 0 0 1.4717e-50 4.12833e-36 0
3842.5 0 0 1.49673e-50 2.58952e-36 0
3845 0 0 1.40694e-50 2.42665e-36 0
3847.5 0 0 1.76883e-50 2.89533e-36 0
3850 0 0 3.13847e-50 2.68174e-36 0
3852.5 0 0 5.64619e-50 1.704e-36 0
3855 0 0 8.72058e-50 1.05464e-36 0
3857.5 0 0 1.1153e-49 1.3735e-36 0
3860 0 0 1.17221e-49 1.94802e-36 0
3862.5 0 0 1.00311e-49 1.73677e-36 0
3865 0 0 6.91315e-50 9.00449e-37 0
3867.5 0 0 3.87654e-50 6.66587e-37 0
3870 0 0 2.09831e-50 1.54919e-36 0
3872.5 0 0 1.68246e-50 2.38239e-36 0
3875 0 0 1.85331e-50 1.82967e-36 0
3877.5 0 0 1.78816e-50 5.41291e-37 0
3880 0 0 1.23735e-50 6.975e-37 0
3882.5 0 0 5.44915e-51 2.98255e-36 0
3885 0 0 1.49702e-51 5.04088e-36 0
3887.5 0 0 1.65585e-51 4.14675e-36 0
3890 0 0 3.65812e-51 1.13128e-36 0
3892.5 0 0 4.59328e-51 2.16684e-37 0
3895 0 0 3.36168e-51 4.2708e-36 0
3897.5 0 0 1.16098e-51 1.10665e-35 0
3900 0 0 1.04153e-53 1.52435e-35 0
3902.5 0 0 8.97514e-52 1.37502e-35 0
3905 0 0 2.99387e-51 8.4873e-36 0
3907.5 0 0 4.29957e-51 3.62126e-36 0
3910 0 0 3.50301e-51 1.33283e-36 0
3912.5 0 0 1.39357e-51 7.85443e-37 0
3915 0 0 6.86305e-52 4.46047e-37 0
3917.5 0 0 3.58467e-51 1.06996e-37 0
3920 0 0 9.18887e-51 3.76604e-37 0
3922.5 0 0 1.35991e-50 1.16907e-36 0
3925 0 0 1.36563e-50 1.63418e-36 0
3927.5 0 0 1.11158e-50 1.42854e-36 0
3930 0 0 1.27584e-50 1.24762e-36 0
3932.5 0 0 2.5197e-50 1.77441e-36 0
3935 0 0 4.82771e-50 2.60232e-36 0
3937.5 0 0 7.33712e-50 2.7501e-36 0
3940 0 0 8.84798e-50 2.09327e-36 0
3942.5 0 0 8.62627e-50 1.6554e-36 0
3945 0 0 6.85042e-50 2.22717e-36 0
3947.5 0 0 4.43555e-50 3.16139e-36 0
3950 0 0 2.41622e-50 3.12899e-36 0
3952.5 0 0 1.36319e-50 2.00072e-36 0
3955 0 0 1.18458e-50 1.27154e-36 0
3957.5 0 0 1.34392e-50 2.16008e-36 0
3960 0 0 1.31915e-50 3.73702e-36 0
3962.5 0 0 9.47331e-51 3.82446e-36 0
3965 0 0 4.48938e-51 1.9068e-36 0
3967.5 0 0 1.54925e-51 2.71314e-37 0
3970 0 0 1.86421e-51 1.44879e-36 0
3972.5 0 0 3.74375e-51 4.89062e-36 0
3975 0 0 4.47324e-51 7.23512e-36 0
3977.5 0 0 3.0409e-51 6.12861e-36 0
3980 0 0 8.42469e-52 2.92097e-36 0
3982.5 0 0 1.06536e-52 9.383e-37 0
3985 0 0 1.42891e-51 1.66865e-36 0
3987.5 0 0 3.21409e-51 3.58136e-36 0
3990 0 0 3.45931e-51 4.54391e-36 0
3992.5 0 0 1.96752e-51 4.30132e-36 0
3995 0 0 5.6476e-52 4.07246e-36 0
3997.5 0 0 1.20827e-51 4.46281e-36 0
4000 0 0 4.0437e-51 4.72779e-36 0
4002.5 0 0 7.35628e-51 4.05569e-36 0
4005 0 0 9.25698e-51 2.8014e-36 0
4007.5 0 0 9.38229e-51 2.01781e-36 0
4010 0 0 9.47493e-51 2.08737e-36 0
4012.5 0 0 1.26041e-50 2.32375e-36 0
4015 0 0 2.15421e-50 1.98379e-36 0
4017.5 0 0 3.63759e-50 1.27538e-36 0
4020 0 0 5.30472e-50 1.01579e-36 0
4022.5 0 0 6.41657e-50 1.42442e-36 0
4025 0 0 6.38705e-50 1.75668e-36 0
4027.5 0 0 5.17839e-50 1.37265e-36 0
4030 0 0 3.40234e-50 7.53984e-37 0
4032.5 0 0 1.90162e-50 8.86076e-37 0
4035 0 0 1.15269e-50 1.73643e-36 0
4037.5 0 0 1.03807e-50 2.0998e-36 0
4040 0 0 1.08582e-50 1.30955e-36 0
4042.5 0 0 9.35208e-51 4.63702e-37 0
4045 0 0 5.71039e-51 1.13832e-36 0
4047.5 0 0 2.16703e-51 3.05338e-36 0
4050 0 0 6.25563e-52 4.0032e-36 0
4052.5 0 0 1.09266e-51 2.5929e-36 0
4055 0 0 2.13992e-51 4.00371e-37 0
4057.5 0 0 2.38603e-51 5.35791e-37 0
4060 0 0 1.56889e-51 4.04171e-36 0
4062.5 0 0 4.33067e-52 8.43598e-36 0
4065 0 0 1.16021e-53 1.0191e-35 0
4067.5 0 0 7.2283e-52 8.24582e-36 0
4070 0 0 1.98971e-51 4.63368e-36 0
4072.5 0 0 2.65519e-51 1.95312e-36 0
4075 0 0 1.99869e-51 9.4618e-37 0
4077.5 0 0 7.38643e-52 6.86342e-37 0
4080 0 0 6.83928e-52 3.83851e-37 0
4082.5 0 0 3.02374e-51 2.36869e-37 0
4085 0 0 6.69114e-51 6.23874e-37 0
4087.5 0 0 8.98025e-51 1.23636e-36 0
4090 0 0 8.34216e-51 1.45352e-36 0
4092.5 0 0 6.7597e-51 1.25485e-36 0
4095 0 0 8.78906e-51 1.24189e-36 0
4097.5 0 0 1.762e-50 1.73178e-36 0
4100 0 0 3.15805e-50 2.24711e-36 0
4102.5 0 0 4.45619e-50 2.16647e-36 0
4105 0 0 5.01238e-50 1.65104e-36 0
4107.5 0 0 4.57701e-50 1.50884e-36 0
4110 0 0 3.42511e-50 2.07429e-36 0
4112.5 0 0 2.11753e-50 2.62974e-36 0
4115 0 0 1.15894e-50 2.31563e-36 0
4117.5 0 0 7.35624e-51 1.42806e-36 0
4120 0 0 7.08774e-51 1.21277e-36 0
4122.5 0 0 7.79819e-51 2.16761e-36 0
4125 0 0 7.10343e-51 3.11878e-36 0
4127.5 0 0 4.67541e-51 2.61353e-36 0
4130 0 0 2.00618e-51 1.01245e-36 0
4132.5 0 0 7.71066e-52 3.65617e-37 0
4135 0 0 1.3138e-51 1.90307e-36 0
4137.5 0 0 2.40766e-51 4.29324e-36 0
4140 0 0 2.54307e-51 5.04003e-36 0
4142.5 0 0 1.45265e-51 3.36533e-36 0
4145 0 0 2.45614e-52 1.02602e-36 0
4147.5 0 0 1.619e-52 2.10778e-37 0
4150 0 0 1.18727e-51 1.2389e-36 0
4152.5 0 0 2.10804e-51 2.67848e-36 0
4155 0 0 1.91993e-51 3.27987e-36 0
4157.5 0 0 9.27383e-52 3.17039e-36 0
4160 0 0 3.8809e-52 3.15971e-36 0
4162.5 0 0 1.20992e-51 3.45341e-36 0
4165 0 0 3.06498e-51 3.48499e-36 0
4167.5 0 0 4.8774e-51 2.86323e-36 0
4170 0 0 5.7793e-51 2.01079e-36 0
4172.5 0 0 5.85634e-51 1.63684e-36 0
4175 0 0 6.19826e-51 1.80432e-36 0
4177.5 0 0 8.50952e-51 1.8912e-36 0
4180 0 0 1.41574e-50 1.49706e-36 0
4182.5 0 0 2.27641e-50 1.01365e-36 0
4185 0 0 3.15643e-50 1.02945e-36 0
4187.5 0 0 3.63998e-50 1.42417e-36 0
4190 0 0 3.44266e-50 1.50764e-36 0
4192.5 0 0 2.65532e-50 1.05828e-36 0
4195 0 0 1.6778e-50 7.23116e-37 0
4197.5 0 0 9.4866e-51 1.09016e-36 0
4200 0 0 6.43382e-51 1.72765e-36 0
4202.5 0 0 6.19279e-51 1.69084e-36 0
4205 0 0 6.13914e-51 9.26762e-37 0
4207.5 0 0 4.78945e-51 5.65325e-37 0
4210 0 0 2.5713e-51 1.45643e-36 0
4212.5 0 0 7.96626e-52 2.81847e-36 0
4215 0 0 2.83435e-52 2.984e-36 0
4217.5 0 0 7.22132e-52 1.54635e-36 0
4220 0 0 1.26455e-51 1.87586e-37 0
4222.5 0 0 1.27123e-51 9.18418e-37 0
4225 0 0 7.50216e-52 3.70868e-36 0
4227.5 0 0 1.59481e-52 6.35647e-36 0
4230 0 0 4.62417e-53 6.76406e-36 0
4232.5 0 0 5.89487e-52 4.94731e-36 0
4235 0 0 1.38668e-51 2.62645e-36 0
4237.5 0 0 1.68835e-51 1.2375e-36 0
4240 0 0 1.13246e-51 8.05829e-37 0
4242.5 0 0 3.73265e-52 6.21292e-37 0
4245 0 0 6.45403e-52 3.95586e-37 0
4247.5 0 0 2.46864e-51 4.09112e-37 0
4250 0 0 4.76579e-51 8.03295e-37 0
4252.5 0 0 5.72845e-51 1.22491e-36 0
4255 0 0 4.83519e-51 1.29347e-36 0
4257.5 0 0 3.95617e-51 1.14184e-36 0
4260 0 0 5.95176e-51 1.22188e-36 0
4262.5 0 0 1.20185e-50 1.63218e-36 0
4265 0 0 2.01824e-50 1.92691e-36 0
4267.5 0 0 2.65e-50 1.73587e-36 0
4270 0 0 2.78717e-50 1.35661e-36 0
4272.5 0 0 2.38964e-50 1.40529e-36 0
4275 0 0 1.68812e-50 1.91071e-36 0
4277.5 0 0 1.00126e-50 2.16586e-36 0
4280 0 0 5.56397e-51 1.70755e-36 0
4282.5 0 0 3.99684e-51 1.09716e-36 0
4285 0 0 4.19008e-51 1.24952e-36 0
4287.5 0 0 4.47723e-51 2.09093e-36 0
4290 0 0 3.8228e-51 2.47893e-36 0
4292.5 0 0 2.29933e-51 1.70176e-36 0
4295 0 0 8.74781e-52 5.94406e-37 0
4297.5 0 0 4.38732e-52 6.38234e-37 0
4300 0 0 9.74883e-52 2.08024e-36 0
4302.5 0 0 1.57347e-51 3.48557e-36 0
4305 0 0 1.43835e-51 3.34099e-36 0
4307.5 0 0 6.46562e-52 1.75593e-36 0
4310 0 0 4.0045e-53 2.71336e-37 0
4312.5 0 0 2.42704e-52 1.38763e-37 0
4315 0 0 9.55935e-52 1.14247e-36 0
4317.5 0 0 1.34633e-51 2.14815e-36 0
4320 0 0 1.01522e-51 2.47223e-36 0
4322.5 0 0 4.16801e-52 2.40675e-36 0
4325 0 0 3.32119e-52 2.49829e-36 0
4327.5 0 0 1.05216e-51 2.72115e-36 0
4330 0 0 2.19876e-51 2.61486e-36 0
4332.5 0 0 3.12732e-51 2.05634e-36 0
4335 0 0 3.52707e-51 1.51081e-36 0
4337.5 0 0 3.5811e-51 1.41074e-36 0
4340 0 0 3.95486e-51 1.57767e-36 0
4342.5 0 0 5.58129e-51 1.51523e-36 0
4345 0 0 9.08516e-51 1.14164e-36 0
4347.5 0 0 1.40303e-50 8.94061e-37 0
4350 0 0 1.85955e-50 1.06093e-36 0
4352.5 0 0 2.042e-50 1.3287e-36 0
4355 0 0 1.83888e-50 1.22946e-36 0
4357.5 0 0 1.3511e-50 8.56061e-37 0
4360 0 0 8.23404e-51 7.74656e-37 0
4362.5 0 0 4.79447e-51 1.19104e-36 0
4365 0 0 3.65028e-51 1.56154e-36 0
4367.5 0 0 3.67263e-51 1.30849e-36 0
4370 0 0 3.41859e-51 7.24185e-37 0
4372.5 0 0 2.39175e-51 7.22362e-37 0
4375 0 0 1.08842e-51 1.59638e-36 0
4377.5 0 0 2.58132e-52 2.43169e-36 0
4380 0 0 1.67899e-52 2.13823e-36 0
4382.5 0 0 4.9515e-52 9.18182e-37 0
4385 0 0 7.56923e-52 2.44895e-37 0
4387.5 0 0 6.85009e-52 1.22106e-36 0
4390 0 0 3.62588e-52 3.26532e-36 0
4392.5 0 0 5.45132e-53 4.69491e-36 0
4395 0 0 7.47878e-53 4.46101e-36 0
4397.5 0 0 4.92395e-52 3.0325e-36 0
4400 0 0 9.93147e-52 1.62673e-36 0
4402.5 0 0 1.06329e-51 9.28221e-37 0
4405 0 0 5.97108e-52 7.2994e-37 0
4407.5 0 0 1.769e-52 5.87083e-37 0
4410 0 0 6.05808e-52 4.49593e-37 0
4412.5 0 0 1.95291e-51 5.50222e-37 0
4415 0 0 3.27132e-51 8.98973e-37 0
4417.5 0 0 3.4654e-51 1.17267e-36 0
4420 0 0 2.63143e-51 1.14957e-36 0
4422.5 0 0 2.29411e-51 1.03868e-36 0
4425 0 0 4.06641e-51 1.18057e-36 0
4427.5 0 0 8.09357e-51 1.51819e-36 0
4430 0 0 1.2682e-50 1.63793e-36 0
4432.5 0 0 1.54964e-50 1.38568e-36 0
4435 0 0 1.52124e-50 1.15569e-36 0
4437.5 0 0 1.22002e-50 1.3452e-36 0
4440 0 0 8.12205e-51 1.72862e-36 0
4442.5 0 0 4.63337e-51 1.72496e-36 0
4445 0 0 2.67773e-51 1.2588e-36 0
4447.5 0 0 2.21899e-51 9.57684e-37 0
4450 0 0 2.48991e-51 1.30287e-36 0
4452.5 0 0 2.5967e-51 1.88378e-36 0
4455 0 0 2.06784e-51 1.8617e-36 0
4457.5 0 0 1.10892e-51 1.10808e-36 0
4460 0 0 3.74988e-52 4.96765e-37 0
4462.5 0 0 3.20064e-52 8.83508e-37 0
4465 0 0 7.46826e-52 2.00945e-36 0
4467.5 0 0 1.02643e-51 2.70443e-36 0
4470 0 0 7.7512e-52 2.18237e-36 0
4472.5 0 0 2.43091e-52 9.09541e-37 0
4475 0 0 6.28831e-54 6.68726e-38 0
4477.5 0 0 2.91053e-52 2.86928e-37 0
4480 0 0 7.22469e-52 1.12779e-36 0
4482.5 0 0 8.06548e-52 1.76058e-36 0
4485 0 0 4.86396e-52 1.90367e-36 0
4487.5 0 0 1.86802e-52 1.90016e-36 0
4490 0 0 3.0491e-52 2.04333e-36 0
4492.5 0 0 8.47371e-52 2.16126e-36 0
4495 0 0 1.48641e-51 1.95791e-36 0
4497.5 0 0 1.92478e-51 1.51793e-36 0
4500 0 0 2.08866e-51 1.2288e-36 0
4502.5 0 0 2.14635e-51 1.25771e-36 0
4505 0 0 2.49219e-51 1.34596e-36 0
4507.5 0 0 3.59796e-51 1.203e-36 0
4510 0 0 5.73441e-51 9.2665e-37 0
4512.5 0 0 8.53047e-51 8.51333e-37 0
4515 0 0 1.07923e-50 1.04268e-36 0
4517.5 0 0 1.13401e-50 1.1757e-36 0
4520 0 0 9.7375e-51 1.00274e-36 0
4522.5 0 0 6.77214e-51 7.50883e-37 0
4525 0 0 4.01932e-51 8.26343e-37 0
4527.5 0 0 2.46692e-51 1.1924e-36 0
4530 0 0 2.12931e-51 1.34209e-36 0
4532.5 0 0 2.16764e-51 1.0081e-36 0
4535 0 0 1.86525e-51 6.37754e-37 0
4537.5 0 0 1.13503e-51 8.6357e-37 0
4540 0 0 4.10908e-52 1.59194e-36 0
4542.5 0 0 7.13049e-53 1.98447e-36 0
4545 0 0 1.32613e-52 1.4821e-36 0
4547.5 0 0 3.38293e-52 5.95891e-37 0
4550 0 0 4.43015e-52 4.12301e-37 0
4552.5 0 0 3.69447e-52 1.36989e-36 0
4555 0 0 1.73049e-52 2.74999e-36 0
4557.5 0 0 1.53824e-53 3.42962e-36 0
4560 0 0 8.75696e-53 2.98207e-36 0
4562.5 0 0 4.05392e-52 1.94325e-36 0
4565 0 0 6.86635e-52 1.11238e-36 0
4567.5 0 0 6.29738e-52 7.80952e-37 0
4570 0 0 2.71218e-52 6.89387e-37 0
4572.5 0 0 9.68358e-53 5.69184e-37 0
4575 0 0 5.57869e-52 4.94672e-37 0
4577.5 0 0 1.48812e-51 6.48262e-37 0
4580 0 0 2.13863e-51 9.39543e-37 0
4582.5 0 0 1.96339e-51 1.07875e-36 0
4585 0 0 1.36327e-51 9.97012e-37 0
4587.5 0 0 1.38316e-51 9.55191e-37 0
4590 0 0 2.83265e-51 1.14455e-36 0
4592.5 0 0 5.41029e-51 1.37488e-36 0
4595 0 0 7.86454e-51 1.34629e-36 0
4597.5 0 0 8.90876e-51 1.11739e-36 0
4600 0 0 8.13364e-51 1.05079e-36 0
4602.5 0 0 6.07972e-51 1.28158e-36 0
4605 0 0 3.77969e-51 1.48774e-36 0
4607.5 0 0 2.09307e-51 1.33621e-36 0
4610 0 0 1.32092e-51 9.88168e-37 0
4612.5 0 0 1.29782e-51 9.23728e-37 0
4615 0 0 1.5204e-51 1.27819e-36 0
4617.5 0 0 1.49999e-51 1.59298e-36 0
4620 0 0 1.09511e-51 1.37563e-36 0
4622.5 0 0 5.12294e-52 7.85279e-37 0
4625 0 0 1.76069e-52 5.30155e-37 0
4627.5 0 0 2.83624e-52 1.02402e-36 0
4630 0 0 5.72668e-52 1.81965e-36 0
4632.5 0 0 6.44686e-52 2.05411e-36 0
4635 0 0 3.86956e-52 1.41566e-36 0
4637.5 0 0 6.81537e-53 4.91219e-37 0
4640 0 0 3.59999e-53 1.0472e-37 0
4642.5 0 0 2.83003e-52 4.63812e-37 0
4645 0 0 4.9757e-52 1.08489e-36 0
4647.5 0 0 4.41432e-52 1.45014e-36 0
4650 0 0 2.05154e-52 1.52028e-36 0
4652.5 0 0 9.77961e-53 1.56437e-36 0
4655 0 0 2.78212e-52 1.68551e-36 0
4657.5 0 0 6.24115e-52 1.70606e-36 0
4660 0 0 9.45623e-52 1.48859e-36 0
4662.5 0 0 1.13261e-51 1.1846e-36 0
4665 0 0 1.21458e-51 1.05228e-36 0
4667.5 0 0 1.31044e-51 1.11355e-36 0
4670 0 0 1.60064e-51 1.13618e-36 0
4672.5 0 0 2.31305e-51 9.76909e-37 0
4675 0 0 3.58073e-51 7.96182e-37 0
4677.5 0 0 5.10335e-51 8.21172e-37 0
4680 0 0 6.19767e-51 9.89223e-37 0
4682.5 0 0 6.22575e-51 1.01683e-36 0
4685 0 0 5.05574e-51 8.26706e-37 0
4687.5 0 0 3.34152e-51 6.96634e-37 0
4690 0 0 1.96124e-51 8.6112e-37 0
4692.5 0 0 1.3511e-51 1.12589e-36 0
4695 0 0 1.29743e-51 1.10449e-36 0
4697.5 0 0 1.27863e-51 7.8924e-37 0
4700 0 0 9.76936e-52 6.31791e-37 0
4702.5 0 0 4.92846e-52 9.5408e-37 0
4705 0 0 1.30805e-52 1.46142e-36 0
4707.5 0 0 2.87247e-53 1.54529e-36 0
4710 0 0 1.10402e-52 1.03684e-36 0
4712.5 0 0 2.22616e-52 4.8015e-37 0
4715 0 0 2.60441e-52 5.68139e-37 0
4717.5 0 0 1.95964e-52 1.37842e-36 0
4720 0 0 7.4675e-53 2.26573e-36 0
4722.5 0 0 3.75582e-54 2.51493e-36 0
4725 0 0 9.38444e-53 2.02527e-36 0
4727.5 0 0 3.11641e-52 1.30217e-36 0
4730 0 0 4.52156e-52 8.5087e-37 0
4732.5 0 0 3.3925e-52 7.16624e-37 0
4735 0 0 9.8833e-53 6.47243e-37 0
4737.5 0 0 8.40453e-53 5.39327e-37 0
4740 0 0 4.92301e-52 5.34725e-37 0
4742.5 0 0 1.06724e-51 7.14642e-37 0
4745 0 0 1.31966e-51 9.14073e-37 0
4747.5 0 0 1.05663e-51 9.45226e-37 0
4750 0 0 6.99622e-52 8.72254e-37 0
4752.5 0 0 9.10301e-52 9.06259e-37 0
4755 0 0 2.00786e-51 1.079e-36 0
4757.5 0 0 3.56772e-51 1.18727e-36 0
4760 0 0 4.75174e-51 1.09581e-36 0
4762.5 0 0 4.97139e-51 9.50563e-37 0
4765 0 0 4.19369e-51 9.81691e-37 0
4767.5 0 0 2.89392e-51 1.16603e-36 0
4770 0 0 1.70574e-51 1.23638e-36 0
4772.5 0 0 9.46732e-52 1.05456e-36 0
4775 0 0 7.06007e-52 8.38291e-37 0
4777.5 0 0 7.94459e-52 8.96141e-37 0
4780 0 0 9.26079e-52 1.18627e-36 0
4782.5 0 0 8.58189e-52 1.31247e-36 0
4785 0 0 5.63086e-52 1.0283e-36 0
4787.5 0 0 2.29896e-52 6.1602e-37 0
4790 0 0 1.16154e-52 5.95643e-37 0
4792.5 0 0 2.51835e-52 1.07769e-36 0
4795 0 0 4.12381e-52 1.57141e-36 0
4797.5 0 0 3.76318e-52 1.51968e-36 0
4800 0 0 1.6444e-52 9.245e-37 0
4802.5 0 0 1.06277e-53 3.30221e-37 0
4805 0 0 6.94465e-53 2.2643e-37 0
4807.5 0 0 2.40027e-52 5.86214e-37 0
4810 0 0 3.07113e-52 1.01163e-36 0
4812.5 0 0 2.04684e-52 1.21492e-36 0
4815 0 0 7.28881e-53 1.25121e-36 0
4817.5 0 0 7.86056e-53 1.30584e-36 0
4820 0 0 2.35905e-52 1.39238e-36 0
4822.5 0 0 4.26865e-52 1.36077e-36 0
4825 0 0 5.66999e-52 1.16192e-36 0
4827.5 0 0 6.49696e-52 9.61219e-37 0
4830 0 0 7.19302e-52 9.25031e-37 0
4832.5 0 0 8.17637e-52 9.88137e-37 0
4835 0 0 1.02327e-51 9.56589e-37 0
4837.5 0 0 1.46272e-51 8.0407e-37 0
4840 0 0 2.18482e-51 7.14777e-37 0
4842.5 0 0 3.01112e-51 7.98208e-37 0
4845 0 0 3.51203e-51 9.07656e-37 0
4847.5 0 0 3.35256e-51 8.53964e-37 0
4850 0 0 2.58091e-51 7.00179e-37 0
4852.5 0 0 1.62917e-51 6.83328e-37 0
4855 0 0 9.84278e-52 8.59959e-37 0
4857.5 0 0 7.88124e-52 9.97477e-37 0
4860 0 0 8.01208e-52 8.89065e-37 0
4862.5 0 0 7.23144e-52 6.65058e-37 0
4865 0 0 4.71624e-52 6.56186e-37 0
4867.5 0 0 1.89504e-52 9.59882e-37 0
4870 0 0 3.29109e-53 1.2657e-36 0
4872.5 0 0 2.37559e-53 1.19347e-36 0
4875 0 0 8.49956e-53 7.67077e-37 0
4877.5 0 0 1.36958e-52 4.53068e-37 0
4880 0 0 1.43888e-52 6.70567e-37 0
4882.5 0 0 1.00308e-52 1.3132e-36 0
4885 0 0 2.77207e-53 1.83851e-36 0
4887.5 0 0 4.36891e-54 1.83231e-36 0
4890 0 0 9.2237e-53 1.39584e-36 0
4892.5 0 0 2.32795e-52 9.44817e-37 0
4895 0 0 2.79481e-52 7.27733e-37 0
4897.5 0 0 1.67446e-52 6.61264e-37 0
4900 0 0 2.81412e-53 5.86859e-37 0
4902.5 0 0 9.18947e-53 5.20572e-37 0
4905 0 0 4.02163e-52 5.7205e-37 0
4907.5 0 0 7.29997e-52 7.25839e-37 0
4910 0 0 7.77793e-52 8.34671e-37 0
4912.5 0 0 5.37732e-52 8.23086e-37 0
4915 0 0 3.62577e-52 7.88162e-37 0
4917.5 0 0 6.42458e-52 8.50884e-37 0
4920 0 0 1.42168e-51 9.73056e-37 0
4922.5 0 0 2.31287e-51 1.00665e-36 0
4925 0 0 2.797e-51 9.12661e-37 0
4927.5 0 0 2.67755e-51 8.34532e-37 0
4930 0 0 2.07068e-51 9.0239e-37 0
4932.5 0 0 1.32629e-51 1.03169e-36 0
4935 0 0 7.3953e-52 1.02282e-36 0
4937.5 0 0 4.43997e-52 8.52623e-37 0
4940 0 0 4.00579e-52 7.41315e-37 0
4942.5 0 0 4.97945e-52 8.60535e-37 0
4945 0 0 5.67132e-52 1.0668e-36 0
4947.5 0 0 4.86361e-52 1.05786e-36 0
4950 0 0 2.80016e-52 7.7994e-37 0
4952.5 0 0 1.10069e-52 5.41884e-37 0
4955 0 0 1.00372e-52 6.56658e-37 0
4957.5 0 0 2.12987e-52 1.04514e-36 0
4960 0 0 2.76434e-52 1.29633e-36 0
4962.5 0 0 2.00181e-52 1.11594e-36 0
4965 0 0 6.03954e-53 6.44633e-37 0
4967.5 0 0 7.53512e-54 2.99392e-37 0
4970 0 0 8.64631e-53 3.41117e-37 0
4972.5 0 0 1.81787e-52 6.50045e-37 0
4975 0 0 1.72908e-52 9.23403e-37 0
4977.5 0 0 8.26173e-53 1.02022e-36 0
4980 0 0 2.70432e-53 1.04274e-36 0
4982.5 0 0 7.63925e-53 1.10804e-36 0
4985 0 0 1.83985e-52 1.16229e-36 0
4987.5 0 0 2.71e-52 1.08889e-36 0
4990 0 0 3.19357e-52 9.20003e-37 0
4992.5 0 0 3.70933e-52 8.14389e-37 0
4995 0 0 4.44519e-52 8.34506e-37 0
4997.5 0 0 5.28743e-52 8.64201e-37 0
