0 0 0 0
2.5 1.67441e-38 3.81561e-35 0
5 1.62052e-38 5.37482e-35 0
7.5 3.00946e-38 1.20606e-34 0
10 3.95754e-38 5.25886e-34 0
12.5 4.86687e-38 2.3179e-34 0
15 5.6576e-38 2.50646e-34 0
17.5 7.12059e-38 3.95642e-34 0
20 8.07265e-38 5.26147e-34 0
22.5 6.87629e-38 5.63757e-34 0
25 1.06564e-37 4.73458e-34 0
27.5 5.09435e-38 2.3318e-34 0
30 4.14687e-38 2.19836e-34 0
32.5 9.83734e-38 3.79889e-34 0
35 9.04929e-38 3.53861e-34 0
37.5 3.21857e-38 5.92891e-34 0
40 1.30391e-37 7.44712e-34 0
42.5 9.99531e-38 8.37448e-34 0
45 1.0073e-37 6.80633e-34 0
47.5 6.01032e-38 3.34711e-34 0
50 1.49243e-37 1.28958e-33 0
52.5 4.91349e-38 4.35377e-34 0
55 1.37923e-37 1.03071e-33 0
57.5 1.18872e-37 1.30293e-33 0
60 1.92989e-37 1.57644e-33 0
62.5 1.1089e-37 1.09691e-33 0
65 1.98928e-37 1.19e-33 0
67.5 9.29637e-38 9.11286e-34 0
70 1.8445e-37 1.24452e-33 0
72.5 4.32139e-38 4.71934e-34 0
75 2.08929e-37 9.25358e-34 0
77.5 1.36041e-37 1.93898e-33 0
80 1.5969e-37 7.43919e-34 0
82.5 6.47865e-38 3.56321e-34 0
85 2.24998e-37 1.27893e-33 0
87.5 6.09787e-38 5.10214e-34 0
90 2.07303e-37 9.87045e-34 0
92.5 8.76333e-38 7.47995e-34 0
95 2.63373e-37 1.18487e-33 0
97.5 1.59669e-37 1.63832e-33 0
100 3.13896e-37 1.9392e-33 0
102.5 1.4926e-37 1.12052e-33 0
105 3.03148e-37 1.08955e-33 0
107.5 1.10487e-37 1.45498e-33 0
110 2.62114e-37 1.58844e-33 0
112.5 1.08473e-37 1.35277e-33 0
115 3.07539e-37 1.59162e-33 0
117.5 2.1536e-37 1.60279e-33 0
120 2.55088e-37 3.2853e-33 0
122.5 1.76932e-37 1.27126e-33 0
125 3.36309e-37 2.09672e-33 0
127.5 1.18418e-37 1.57734e-33 0
130 9.4406e-38 6.12134e-34 0
132.5 2.11605e-37 2.35382e-33 0
135 2.58804e-37 1.44607e-33 0
137.5 8.4773e-38 1.33084e-33 0
140 1.45995e-37 1.32467e-33 0
142.5 3.81636e-37 2.35223e-33 0
145 2.63304e-37 2.03151e-33 0
147.5 1.27943e-37 2.43422e-33 0
150 1.01501e-37 1.33375e-33 0
152.5 3.34137e-37 1.5347e-33 0
155 1.33854e-37 1.75368e-33 0
157.5 8.48944e-38 1.63155e-33 0
160 1.01196e-37 7.84324e-34 0
162.5 3.49328e-37 1.58239e-33 0
165 6.21426e-38 4.44729e-34 0
167.5 1.26903e-37 1.90982e-33 0
170 1.36903e-37 7.11238e-34 0
172.5 3.4385e-37 1.11637e-33 0
175 8.03946e-38 1.53743e-33 0
177.5 1.74706e-37 1.53456e-33 0
180 2.81637e-37 1.66913e-33 0
182.5 3.8266e-37 1.94609e-33 0
185 3.13863e-37 2.16676e-33 0
187.5 8.21921e-38 1.34975e-33 0
190 3.5606e-37 1.61433e-33 0
192.5 3.57256e-37 1.97054e-33 0
195 2.10941e-37 2.0583e-33 0
197.5 7.00213e-38 1.07625e-33 0
200 4.73903e-37 1.62559e-33 0
202.5 3.06491e-37 2.50527e-33 0
205 1.88607e-37 1.71301e-33 0
207.5 5.01994e-38 5.09533e-34 0
210 5.55038e-37 2.06743e-33 0
212.5 1.22131e-37 7.29604e-34 0
215 2.37319e-37 1.94963e-33 0
217.5 1.47205e-37 1.55092e-33 0
220 5.56338e-37 2.16739e-33 0
222.5 1.33278e-37 1.82795e-33 0
225 2.43908e-37 1.3643e-33 0
227.5 1.70679e-37 1.31704e-33 0
230 4.70293e-37 2.96651e-33 0
232.5 7.43144e-38 1.18242e-33 0
235 2.17e-37 1.99666e-33 0
237.5 2.55234e-37 1.38765e-33 0
240 4.59795e-37 2.69125e-33 0
242.5 1.76792e-37 1.71321e-33 0
245 2.76656e-37 1.86901e-33 0
247.5 3.59556e-37 1.8373e-33 0
250 3.29904e-37 2.71128e-33 0
252.5 3.19268e-37 2.9525e-33 0
255 1.64967e-37 1.66411e-33 0
257.5 3.64874e-37 2.07066e-33 0
260 3.06811e-37 1.49869e-33 0
262.5 1.91006e-37 1.35821e-33 0
265 2.2415e-37 2.43464e-33 0
267.5 4.2917e-37 1.90476e-33 0
270 3.87736e-37 3.31037e-33 0
272.5 2.42082e-37 2.2809e-33 0
275 2.76726e-37 3.32779e-33 0
277.5 5.61513e-37 4.02753e-33 0
280 1.97122e-37 2.06195e-33 0
282.5 2.28065e-37 2.32284e-33 0
285 2.50735e-37 2.36268e-33 0
287.5 3.05366e-37 1.92475e-33 0
290 1.37281e-37 2.65156e-33 0
292.5 1.08475e-37 1.77834e-33 0
295 2.68613e-37 2.30726e-33 0
297.5 2.33843e-37 1.6982e-33 0
300 1.71129e-37 2.21889e-33 0
302.5 1.97661e-37 3.10167e-33 0
305 3.51642e-37 3.60057e-33 0
307.5 2.18393e-37 1.99475e-33 0
310 1.47441e-37 1.47309e-33 0
312.5 1.76659e-37 2.41694e-33 0
315 2.59758e-37 1.90766e-33 0
317.5 1.3812e-37 1.5755e-33 0
320 2.65758e-37 1.5813e-33 0
322.5 2.23302e-37 2.00399e-33 0
325 4.03669e-37 3.14603e-33 0
327.5 3.34264e-37 2.86239e-33 0
330 2.65386e-37 1.7629e-33 0
332.5 2.54559e-37 3.06268e-33 0
335 3.19366e-37 1.64614e-33 0
337.5 3.94584e-37 3.23801e-33 0
340 2.07061e-37 1.23773e-33 0
342.5 2.53156e-37 1.39744e-33 0
345 4.47385e-37 2.03991e-33 0
347.5 2.63595e-37 2.10322e-33 0
350 2.27824e-37 1.61555e-33 0
352.5 3.83805e-37 2.3697e-33 0
355 3.24836e-37 1.45822e-33 0
357.5 3.13201e-37 2.10388e-33 0
360 3.48766e-37 2.95277e-33 0
362.5 5.23815e-37 2.89433e-33 0
365 4.01165e-37 2.26958e-33 0
367.5 3.84875e-37 2.67705e-33 0
370 3.11431e-37 1.53783e-33 0
372.5 3.95578e-37 2.62752e-33 0
375 2.57702e-37 1.28077e-33 0
377.5 3.39163e-37 1.64258e-33 0
380 3.00554e-37 2.07932e-33 0
382.5 3.99905e-37 2.04753e-33 0
385 3.80632e-37 1.95825e-33 0
387.5 4.8645e-37 2.8326e-33 0
390 3.60759e-37 1.72315e-33 0
392.5 4.58056e-37 2.93453e-33 0
395 4.4571e-37 1.94252e-33 0
397.5 4.24617e-37 1.75166e-33 0
400 3.76454e-37 2.13692e-33 0
402.5 5.89448e-37 4.47366e-33 0
405 6.0408e-37 3.30109e-33 0
407.5 5.26395e-37 3.10903e-33 0
410 4.13168e-37 2.18617e-33 0
412.5 6.60397e-37 4.37816e-33 0
415 3.70386e-37 2.61489e-33 0
417.5 4.19069e-37 1.96342e-33 0
420 4.39267e-37 2.09306e-33 0
422.5 4.00484e-37 2.39538e-33 0
425 3.54758e-37 1.62222e-33 0
427.5 3.75848e-37 2.3506e-33 0
430 4.13418e-37 2.22559e-33 0
432.5 3.12765e-37 1.07119e-33 0
435 2.88797e-37 1.55719e-33 0
437.5 3.4343e-37 1.25182e-33 0
440 2.85083e-37 1.11709e-33 0
442.5 3.39022e-37 2.08771e-33 0
445 4.47277e-37 3.01587e-33 0
447.5 3.46079e-37 2.29779e-33 0
450 2.71661e-37 1.48793e-33 0
452.5 2.36054e-37 1.258e-33 0
455 2.37285e-37 1.69059e-33 0
457.5 2.73416e-37 1.66953e-33 0
460 2.56773e-37 1.08058e-33 0
462.5 2.51518e-37 1.64517e-33 0
465 2.31018e-37 2.12903e-33 0
467.5 3.44177e-37 2.98319e-33 0
470 2.31713e-37 2.53561e-33 0
472.5 2.31974e-37 1.16168e-33 0
475 1.92644e-37 2.01853e-33 0
477.5 3.25532e-37 2.03993e-33 0
480 3.92274e-37 3.1396e-33 0
482.5 2.99569e-37 2.6131e-33 0
485 3.8375e-37 3.14556e-33 0
487.5 6.45051e-37 4.37307e-33 0
490 2.0842e-37 2.45787e-33 0
492.5 3.11757e-37 2.16294e-33 0
495 2.254e-37 1.88921e-33 0
497.5 5.05876e-37 3.64897e-33 0
500 1.72138e-37 2.89746e-33 0
502.5 2.48806e-37 1.90565e-33 0
505 2.93423e-37 1.35181e-33 0
507.5 3.59848e-37 1.53233e-33 0
510 1.46091e-37 1.94877e-33 0
512.5 2.65282e-37 1.60503e-33 0
515 3.09177e-37 1.46848e-33 0
517.5 3.94919e-37 2.98133e-33 0
520 1.83908e-37 1.94557e-33 0
522.5 3.41954e-37 2.48932e-33 0
525 4.93314e-37 2.45971e-33 0
527.5 5.32655e-37 3.03964e-33 0
530 2.74729e-37 2.77577e-33 0
532.5 3.80233e-37 2.60687e-33 0
535 5.31606e-37 2.84349e-33 0
537.5 4.27892e-37 2.28204e-33 0
540 3.2512e-37 2.73564e-33 0
542.5 4.08691e-37 2.00743e-33 0
545 5.2554e-37 3.37377e-33 0
547.5 5.14409e-37 3.6261e-33 0
550 2.84141e-37 1.85296e-33 0
552.5 5.46668e-37 3.0473e-33 0
555 6.51434e-37 2.85092e-33 0
557.5 4.56588e-37 2.83721e-33 0
560 4.10984e-37 2.74471e-33 0
562.5 6.28925e-37 2.9123e-33 0
565 6.44662e-37 3.40747e-33 0
567.5 6.00457e-37 2.88657e-33 0
570 2.99115e-37 1.5017e-33 0
572.5 7.81351e-37 4.23086e-33 0
575 4.09606e-37 2.27055e-33 0
577.5 4.5296e-37 2.37607e-33 0
580 3.1075e-37 1.50024e-33 0
582.5 6.90006e-37 3.91463e-33 0
585 3.32919e-37 1.90254e-33 0
587.5 3.92005e-37 2.21996e-33 0
590 2.69297e-37 1.62989e-33 0
592.5 5.8947e-37 3.03102e-33 0
595 2.37645e-37 1.9722e-33 0
597.5 3.36447e-37 1.35069e-33 0
600 2.65731e-37 1.64078e-33 0
602.5 5.46329e-37 2.79573e-33 0
605 2.39908e-37 2.10535e-33 0
607.5 3.84181e-37 2.17135e-33 0
610 3.90293e-37 2.04766e-33 0
612.5 4.58216e-37 2.74694e-33 0
615 3.08861e-37 2.01082e-33 0
617.5 2.77666e-37 2.03574e-33 0
620 4.31864e-37 2.35811e-33 0
622.5 4.53929e-37 3.36886e-33 0
625 2.51538e-37 1.56917e-33 0
627.5 2.79414e-37 1.98928e-33 0
630 4.59365e-37 1.7491e-33 0
632.5 3.25485e-37 2.02912e-33 0
635 2.94555e-37 1.69708e-33 0
637.5 2.16808e-37 1.70489e-33 0
640 6.05586e-37 3.00642e-33 0
642.5 2.59985e-37 1.82534e-33 0
645 3.4832e-37 2.21247e-33 0
647.5 4.24773e-37 2.87375e-33 0
650 5.39039e-37 2.4908e-33 0
652.5 3.10204e-37 2.09768e-33 0
655 3.19824e-37 1.79359e-33 0
657.5 4.44111e-37 3.30046e-33 0
660 4.20737e-37 2.62794e-33 0
662.5 2.68934e-37 1.65031e-33 0
665 3.07764e-37 2.00029e-33 0
667.5 4.47658e-37 2.19536e-33 0
670 3.86055e-37 3.4055e-33 0
672.5 3.97867e-37 2.78495e-33 0
675 2.57421e-37 1.80069e-33 0
677.5 4.63407e-37 2.25554e-33 0
680 2.75507e-37 1.60263e-33 0
682.5 3.61516e-37 2.07565e-33 0
685 3.10038e-37 2.82463e-33 0
687.5 5.45494e-37 2.49694e-33 0
690 3.90749e-37 2.60352e-33 0
692.5 4.54803e-37 2.62768e-33 0
695 3.92573e-37 2.69775e-33 0
697.5 6.4975e-37 4.23714e-33 0
700 3.14076e-37 2.14578e-33 0
702.5 4.71558e-37 2.46827e-33 0
705 3.15451e-37 1.58133e-33 0
707.5 6.65003e-37 3.77903e-33 0
710 3.43113e-37 3.79992e-33 0
712.5 4.53133e-37 2.10566e-33 0
715 4.87119e-37 2.99194e-33 0
717.5 4.16891e-37 2.54342e-33 0
720 4.1548e-37 3.28486e-33 0
722.5 4.13124e-37 3.01881e-33 0
725 4.04453e-37 1.8607e-33 0
727.5 5.45008e-37 4.17805e-33 0
730 3.29244e-37 2.82136e-33 0
732.5 4.03425e-37 2.04271e-33 0
735 3.4067e-37 1.84654e-33 0
737.5 4.05766e-37 2.22874e-33 0
740 3.62472e-37 2.39144e-33 0
742.5 3.3014e-37 2.40744e-33 0
745 3.13915e-37 2.24113e-33 0
747.5 3.82134e-37 2.52605e-33 0
750 3.9167e-37 2.98935e-33 0
752.5 3.2938e-37 1.54612e-33 0
755 3.24379e-37 1.95109e-33 0
757.5 3.12216e-37 2.42471e-33 0
760 2.73369e-37 1.51203e-33 0
762.5 3.22329e-37 1.68669e-33 0
765 2.85504e-37 1.55834e-33 0
767.5 2.74846e-37 1.11824e-33 0
770 3.61845e-37 2.79164e-33 0
772.5 2.92508e-37 1.33469e-33 0
775 3.46938e-37 1.51721e-33 0
777.5 4.03573e-37 2.38125e-33 0
780 4.30836e-37 1.98418e-33 0
782.5 4.4256e-37 2.8228e-33 0
785 3.2116e-37 1.59303e-33 0
787.5 4.35739e-37 2.3727e-33 0
790 3.8058e-37 1.93472e-33 0
792.5 3.75746e-37 1.96975e-33 0
795 4.37676e-37 2.68959e-33 0
797.5 3.37664e-37 2.76479e-33 0
800 3.96251e-37 1.95331e-33 0
802.5 3.49366e-37 1.65496e-33 0
805 3.3987e-37 1.51237e-33 0
807.5 3.50064e-37 2.6937e-33 0
810 3.22014e-37 1.81912e-33 0
812.5 3.19959e-37 1.74668e-33 0
815 2.74547e-37 1.51048e-33 0
817.5 3.52668e-37 2.58433e-33 0
820 4.0034e-37 2.53524e-33 0
822.5 3.55395e-37 2.13055e-33 0
825 2.91377e-37 1.57379e-33 0
827.5 3.41012e-37 2.64343e-33 0
830 3.49608e-37 2.86717e-33 0
832.5 3.2466e-37 1.64093e-33 0
835 2.91485e-37 2.11425e-33 0
837.5 2.93108e-37 1.60164e-33 0
840 3.04998e-37 2.79263e-33 0
842.5 2.9663e-37 2.0389e-33 0
845 2.7635e-37 1.34449e-33 0
847.5 2.7079e-37 1.80311e-33 0
850 3.49004e-37 1.98176e-33 0
852.5 2.36947e-37 1.45067e-33 0
855 3.42513e-37 2.09656e-33 0
857.5 2.66492e-37 1.54124e-33 0
860 4.17428e-37 3.3181e-33 0
862.5 4.21718e-37 2.64781e-33 0
865 2.53135e-37 1.41413e-33 0
867.5 3.13377e-37 1.86181e-33 0
870 3.85731e-37 2.93603e-33 0
872.5 2.93742e-37 2.18168e-33 0
875 3.03305e-37 1.65742e-33 0
877.5 2.7322e-37 1.64345e-33 0
880 3.62228e-37 2.87825e-33 0
882.5 2.62372e-37 3.34012e-33 0
885 2.47502e-37 2.28496e-33 0
887.5 2.1728e-37 1.4594e-33 0
890 1.75195e-37 1.51035e-33 0
892.5 2.02094e-37 1.93164e-33 0
895 1.51679e-37 1.75563e-33 0
897.5 2.38092e-37 2.36222e-33 0
900 2.04954e-37 1.27807e-33 0
902.5 3.50563e-37 2.82932e-33 0
905 1.75111e-37 2.54949e-33 0
907.5 2.76269e-37 2.57876e-33 0
910 1.85626e-37 2.34727e-33 0
912.5 2.84754e-37 1.15436e-33 0
915 1.55698e-37 1.4855e-33 0
917.5 3.57813e-37 3.18554e-33 0
920 1.79865e-37 1.71031e-33 0
922.5 3.39654e-37 2.16815e-33 0
925 2.15467e-37 1.95247e-33 0
927.5 2.5156e-37 1.72129e-33 0
930 2.65062e-37 2.37495e-33 0
932.5 2.34905e-37 1.10488e-33 0
935 2.47367e-37 2.4706e-33 0
937.5 3.11785e-37 2.5909e-33 0
940 3.23617e-37 1.75956e-33 0
942.5 3.54852e-37 2.30833e-33 0
945 3.36946e-37 2.35544e-33 0
947.5 3.45368e-37 3.34375e-33 0
950 3.62385e-37 2.01385e-33 0
952.5 3.02927e-37 2.16186e-33 0
955 4.2839e-37 2.94538e-33 0
957.5 2.07746e-37 2.99735e-33 0
960 4.24967e-37 2.30826e-33 0
962.5 1.84195e-37 1.50865e-33 0
965 3.28205e-37 1.71853e-33 0
967.5 1.67684e-37 2.43864e-33 0
970 3.88116e-37 2.14089e-33 0
972.5 2.16724e-37 2.28389e-33 0
975 3.66589e-37 2.15235e-33 0
977.5 2.20309e-37 2.80589e-33 0
980 3.84474e-37 2.23776e-33 0
982.5 2.72497e-37 2.67027e-33 0
985 3.42739e-37 1.98441e-33 0
987.5 1.9875e-37 1.19537e-33 0
990 3.42913e-37 1.7671e-33 0
992.5 3.19587e-37 2.13295e-33 0
995 2.70217e-37 2.31891e-33 0
997.5 4.01405e-37 2.31563e-33 0
1000 3.36398e-37 1.73993e-33 0
1002.5 4.02102e-37 2.58581e-33 0
1005 3.12045e-37 2.81459e-33 0
1007.5 4.10807e-37 2.8566e-33 0
1010 2.74303e-37 1.8759e-33 0
1012.5 3.2956e-37 1.62638e-33 0
1015 3.04257e-37 2.19044e-33 0
1017.5 3.72973e-37 2.31356e-33 0
1020 1.87402e-37 1.59534e-33 0
1022.5 4.42185e-37 2.50873e-33 0
1025 1.53228e-37 1.45472e-33 0
1027.5 3.75357e-37 2.31659e-33 0
1030 2.01498e-37 1.6043e-33 0
1032.5 3.2572e-37 2.18191e-33 0
1035 1.84308e-37 1.94354e-33 0
1037.5 3.37106e-37 2.26167e-33 0
1040 2.64182e-37 2.68909e-33 0
1042.5 2.88741e-37 2.39147e-33 0
1045 1.92164e-37 2.21749e-33 0
1047.5 2.07675e-37 1.4013e-33 0
1050 1.29408e-37 1.3599e-33 0
1052.5 1.38842e-37 1.9739e-33 0
1055 1.53142e-37 2.05424e-33 0
1057.5 1.77095e-37 1.96103e-33 0
1060 1.74065e-37 1.87465e-33 0
1062.5 1.40338e-37 1.86271e-33 0
1065 2.76903e-37 2.3577e-33 0
1067.5 1.93683e-37 2.3613e-33 0
1070 2.00054e-37 2.66734e-33 0
1072.5 1.81811e-37 2.49576e-33 0
1075 2.61557e-37 2.48318e-33 0
1077.5 1.49745e-37 1.4588e-33 0
1080 2.25135e-37 2.42003e-33 0
1082.5 3.15388e-37 3.50876e-33 0
1085 2.3478e-37 2.27167e-33 0
1087.5 1.20266e-37 1.40785e-33 0
1090 2.90595e-37 2.02798e-33 0
1092.5 1.11892e-37 1.77752e-33 0
1095 2.2961e-37 2.82707e-33 0
1097.5 2.16166e-37 2.2352e-33 0
1100 1.49479e-37 1.6618e-33 0
1102.5 1.44194e-37 1.67736e-33 0
1105 1.73955e-37 1.31599e-33 0
1107.5 2.01265e-37 1.27727e-33 0
1110 1.20442e-37 1.77771e-33 0
1112.5 1.49653e-37 1.36935e-33 0
1115 1.50151e-37 1.56578e-33 0
1117.5 1.34367e-37 1.13669e-33 0
1120 1.2355e-37 1.33477e-33 0
1122.5 2.647e-37 2.45098e-33 0
1125 1.64195e-37 1.3035e-33 0
1127.5 1.4978e-37 1.11996e-33 0
1130 1.1146e-37 1.52204e-33 0
1132.5 1.84527e-37 1.56399e-33 0
1135 1.60835e-37 1.43227e-33 0
1137.5 2.25095e-37 1.98625e-33 0
1140 1.82374e-37 1.76555e-33 0
1142.5 2.4861e-37 2.14422e-33 0
1145 1.66805e-37 1.18541e-33 0
1147.5 2.48559e-37 2.29603e-33 0
1150 2.27201e-37 2.38607e-33 0
1152.5 2.46132e-37 1.74266e-33 0
1155 9.49795e-38 1.04442e-33 0
1157.5 3.57799e-37 2.37033e-33 0
1160 1.69059e-37 2.24891e-33 0
1162.5 3.77099e-37 2.69322e-33 0
1165 3.47437e-37 2.78598e-33 0
1167.5 3.05777e-37 2.167e-33 0
1170 1.59613e-37 1.82221e-33 0
1172.5 2.59356e-37 2.127e-33 0
1175 2.15552e-37 2.06843e-33 0
1177.5 2.4015e-37 2.28015e-33 0
1180 1.24369e-37 1.35941e-33 0
1182.5 2.69522e-37 2.2201e-33 0
1185 8.54539e-38 1.1188e-33 0
1187.5 2.02599e-37 1.5622e-33 0
1190 1.34959e-37 1.41814e-33 0
1192.5 1.56656e-37 1.37539e-33 0
1195 6.81636e-38 1.25543e-33 0
1197.5 1.68441e-37 1.55546e-33 0
1200 7.84155e-38 9.11983e-34 0
1202.5 2.15788e-37 1.89516e-33 0
1205 1.78967e-37 1.60603e-33 0
1207.5 1.68741e-37 2.18357e-33 0
1210 7.79017e-38 8.18162e-34 0
1212.5 8.23408e-38 1.05413e-33 0
1215 5.80247e-38 5.91108e-34 0
1217.5 1.54489e-37 9.69352e-34 0
1220 9.88385e-38 1.51453e-33 0
1222.5 6.37377e-38 1.02835e-33 0
1225 1.60081e-37 1.46079e-33 0
1227.5 1.23979e-37 9.30675e-34 0
1230 7.97518e-38 1.0549e-33 0
1232.5 2.16187e-37 1.98197e-33 0
1235 1.2799e-37 1.85557e-33 0
1237.5 1.30055e-37 1.03259e-33 0
1240 8.86246e-38 9.9336e-34 0
1242.5 2.66868e-37 1.49199e-33 0
1245 2.04136e-37 1.76116e-33 0
1247.5 2.16084e-37 2.39903e-33 0
1250 1.90613e-37 1.84697e-33 0
1252.5 1.22321e-37 1.59433e-33 0
1255 1.34628e-37 1.38132e-33 0
1257.5 2.36712e-37 1.98601e-33 0
1260 1.33719e-37 1.54162e-33 0
1262.5 1.65225e-37 1.34263e-33 0
1265 1.91324e-37 1.33029e-33 0
1267.5 2.33057e-37 2.35617e-33 0
1270 1.73521e-37 2.01559e-33 0
1272.5 2.66619e-37 2.62914e-33 0
1275 2.20811e-37 1.39192e-33 0
1277.5 2.44199e-37 2.17318e-33 0
1280 1.27871e-37 1.61053e-33 0
1282.5 2.52829e-37 1.632e-33 0
1285 3.66401e-37 2.31864e-33 0
1287.5 3.35353e-37 2.03051e-33 0
1290 1.82459e-37 2.0498e-33 0
1292.5 3.71094e-37 2.48102e-33 0
1295 3.27761e-37 2.63273e-33 0
1297.5 3.15382e-37 2.2006e-33 0
1300 3.11623e-37 2.4795e-33 0
1302.5 4.07208e-37 2.48862e-33 0
1305 3.01513e-37 1.93629e-33 0
1307.5 3.45203e-37 2.20196e-33 0
1310 2.97728e-37 2.23852e-33 0
1312.5 3.95126e-37 1.88348e-33 0
1315 2.61414e-37 2.11099e-33 0
1317.5 4.41989e-37 2.27235e-33 0
1320 1.42039e-37 2.0491e-33 0
1322.5 4.2933e-37 2.20266e-33 0
1325 3.56715e-37 2.25432e-33 0
1327.5 4.41572e-37 2.65159e-33 0
1330 1.46874e-37 1.3568e-33 0
1332.5 4.36377e-37 2.3149e-33 0
1335 1.93715e-37 1.42174e-33 0
1337.5 2.65136e-37 1.30354e-33 0
1340 1.36075e-37 1.39082e-33 0
1342.5 3.96354e-37 1.78999e-33 0
1345 1.40427e-37 1.9301e-33 0
1347.5 2.15696e-37 1.2146e-33 0
1350 1.29379e-37 1.31738e-33 0
1352.5 3.5538e-37 1.81528e-33 0
1355 7.02481e-38 6.76941e-34 0
1357.5 1.71891e-37 1.06324e-33 0
1360 1.46419e-37 8.22581e-34 0
1362.5 2.92806e-37 1.32877e-33 0
1365 1.77683e-37 2.30888e-33 0
1367.5 2.71395e-37 2.17422e-33 0
1370 2.77032e-37 2.00306e-33 0
1372.5 2.08801e-37 1.26407e-33 0
1375 1.36111e-37 1.29642e-33 0
1377.5 1.69766e-37 1.79465e-33 0
1380 2.37226e-37 1.19953e-33 0
1382.5 1.67748e-37 1.03006e-33 0
1385 3.06811e-37 1.98464e-33 0
1387.5 1.11585e-37 1.59249e-33 0
1390 2.93511e-37 1.92224e-33 0
1392.5 2.78733e-37 2.18955e-33 0
1395 1.97695e-37 1.86855e-33 0
1397.5 1.19389e-37 1.32276e-33 0
1400 3.3938e-37 2.55578e-33 0
1402.5 2.42281e-37 1.73346e-33 0
1405 1.94314e-37 1.98268e-33 0
1407.5 2.75414e-37 2.17968e-33 0
1410 3.60997e-37 2.35421e-33 0
1412.5 1.42744e-37 1.2919e-33 0
1415 9.0562e-38 8.79453e-34 0
1417.5 2.14269e-37 1.68998e-33 0
1420 2.16734e-37 1.91902e-33 0
1422.5 2.06535e-37 1.68864e-33 0
1425 1.8302e-37 2.03083e-33 0
1427.5 3.44338e-37 2.50464e-33 0
1430 2.55978e-37 2.69924e-33 0
1432.5 2.61915e-37 2.1006e-33 0
1435 1.17441e-37 9.46744e-34 0
1437.5 3.30729e-37 2.26898e-33 0
1440 1.44632e-37 1.34264e-33 0
1442.5 2.90778e-37 2.77218e-33 0
1445 1.7467e-37 1.55513e-33 0
1447.5 3.88193e-37 2.44416e-33 0
1450 1.82003e-37 1.9463e-33 0
1452.5 3.63384e-37 2.30728e-33 0
1455 8.14365e-38 1.33136e-33 0
1457.5 2.96244e-37 1.79127e-33 0
1460 2.17374e-37 1.57592e-33 0
1462.5 3.07067e-37 2.52074e-33 0
1465 1.80201e-37 1.81564e-33 0
1467.5 3.86121e-37 2.44214e-33 0
1470 2.43711e-37 2.18754e-33 0
1472.5 2.10095e-37 1.41665e-33 0
1475 1.1263e-37 1.43115e-33 0
1477.5 2.90529e-37 1.42107e-33 0
1480 6.01648e-38 8.96606e-34 0
1482.5 1.81151e-37 1.73902e-33 0
1485 1.67675e-37 1.42763e-33 0
1487.5 2.20669e-37 1.64384e-33 0
1490 1.26871e-37 1.58565e-33 0
1492.5 1.56667e-37 1.15726e-33 0
1495 8.94715e-38 9.16021e-34 0
1497.5 1.14376e-37 9.44928e-34 0
1500 7.32307e-38 1.00796e-33 0
1502.5 8.43059e-38 1.42808e-33 0
1505 1.28432e-37 9.6182e-34 0
1507.5 1.4861e-37 1.91714e-33 0
1510 1.08222e-37 1.21867e-33 0
1512.5 1.15546e-37 1.32922e-33 0
1515 7.15084e-38 7.7885e-34 0
1517.5 7.43759e-38 9.50221e-34 0
1520 1.6778e-37 1.77679e-33 0
1522.5 9.0147e-38 1.03879e-33 0
1525 1.00425e-37 1.22553e-33 0
1527.5 1.98836e-37 1.76175e-33 0
1530 1.1569e-37 1.50817e-33 0
1532.5 9.87299e-38 1.41754e-33 0
1535 1.36011e-37 1.42081e-33 0
1537.5 1.66519e-37 1.93644e-33 0
1540 7.37519e-38 9.54241e-34 0
1542.5 6.35927e-38 9.29672e-34 0
1545 2.59646e-37 1.8367e-33 0
1547.5 1.27491e-37 1.76024e-33 0
1550 9.70659e-38 1.38593e-33 0
1552.5 1.712e-37 1.18649e-33 0
1555 1.40917e-37 1.43519e-33 0
1557.5 1.12586e-37 1.88949e-33 0
1560 1.28667e-37 1.62871e-33 0
1562.5 1.69293e-37 2.04733e-33 0
1565 1.13988e-37 1.09384e-33 0
1567.5 1.343e-37 1.67808e-33 0
1570 8.53136e-38 7.31199e-34 0
1572.5 1.22658e-37 9.14208e-34 0
1575 9.75454e-38 1.19583e-33 0
1577.5 1.31594e-37 1.91657e-33 0
1580 1.19705e-37 1.683e-33 0
1582.5 1.26243e-37 1.13717e-33 0
1585 1.27348e-37 1.25731e-33 0
1587.5 2.0157e-37 1.72103e-33 0
1590 1.40981e-37 1.97364e-33 0
1592.5 1.3172e-37 1.02801e-33 0
1595 1.6431e-37 1.45812e-33 0
1597.5 1.33916e-37 1.1544e-33 0
1600 1.18284e-37 1.42271e-33 0
1602.5 2.02471e-37 1.61913e-33 0
1605 1.8957e-37 1.80814e-33 0
1607.5 1.12793e-37 1.34918e-33 0
1610 1.13814e-37 1.50836e-33 0
1612.5 2.29246e-37 1.39291e-33 0
1615 6.9569e-38 9.36897e-34 0
1617.5 7.12541e-38 1.10327e-33 0
1620 2.29329e-37 2.12673e-33 0
1622.5 9.42412e-38 9.57581e-34 0
1625 8.68318e-38 8.45206e-34 0
1627.5 1.92463e-37 1.4687e-33 0
1630 2.4206e-37 1.77648e-33 0
1632.5 9.25527e-38 1.28706e-33 0
1635 8.3041e-38 9.65237e-34 0
1637.5 1.4081e-37 1.52503e-33 0
1640 1.19298e-37 1.40955e-33 0
1642.5 7.00047e-38 1.05851e-33 0
1645 1.29121e-37 1.88989e-33 0
1647.5 1.59307e-37 1.01961e-33 0
1650 1.10247e-37 1.11347e-33 0
1652.5 9.98389e-38 9.64292e-34 0
1655 9.90058e-38 1.3554e-33 0
1657.5 1.56767e-37 1.30783e-33 0
1660 8.88884e-38 6.8043e-34 0
1662.5 9.91275e-38 1.48164e-33 0
1665 1.26213e-37 1.94395e-33 0
1667.5 2.43823e-37 1.87644e-33 0
1670 2.26432e-37 1.98977e-33 0
1672.5 1.81047e-37 1.24009e-33 0
1675 1.68397e-37 2.14666e-33 0
1677.5 2.08322e-37 1.41707e-33 0
1680 1.62235e-37 8.81687e-34 0
1682.5 7.99916e-38 1.14374e-33 0
1685 1.45033e-37 1.27506e-33 0
1687.5 3.15025e-37 2.85498e-33 0
1690 1.07775e-37 1.35329e-33 0
1692.5 1.18286e-37 1.18473e-33 0
1695 2.81527e-37 2.43529e-33 0
1697.5 2.47292e-37 1.75767e-33 0
1700 1.0637e-37 1.6001e-33 0
1702.5 9.65822e-38 1.09754e-33 0
1705 2.85462e-37 1.30123e-33 0
1707.5 1.72329e-37 1.68172e-33 0
1710 1.76215e-37 1.29443e-33 0
1712.5 2.09976e-37 2.31397e-33 0
1715 2.985e-37 2.2559e-33 0
1717.5 1.1792e-37 1.82167e-33 0
1720 1.4976e-37 1.23752e-33 0
1722.5 1.25289e-37 1.09451e-33 0
1725 2.81325e-37 1.70151e-33 0
1727.5 1.27548e-37 1.83906e-33 0
1730 1.58063e-37 1.26183e-33 0
1732.5 1.84951e-37 1.41726e-33 0
1735 3.10822e-37 1.52791e-33 0
1737.5 1.30135e-37 1.88734e-33 0
1740 1.68442e-37 1.02579e-33 0
1742.5 1.81179e-37 1.79535e-33 0
1745 2.89316e-37 1.23208e-33 0
1747.5 1.79101e-37 1.71436e-33 0
1750 2.2615e-37 1.62503e-33 0
1752.5 2.73851e-37 1.56532e-33 0
1755 3.71605e-37 2.13029e-33 0
1757.5 1.12621e-37 8.80048e-34 0
1760 1.61657e-37 1.02176e-33 0
1762.5 2.69687e-37 1.5167e-33 0
1765 2.90565e-37 1.49747e-33 0
1767.5 1.22966e-37 8.94355e-34 0
1770 1.93801e-37 1.34203e-33 0
1772.5 3.4072e-37 1.88167e-33 0
1775 2.27237e-37 1.8641e-33 0
1777.5 1.46614e-37 1.19172e-33 0
1780 2.69803e-37 1.463e-33 0
1782.5 2.6022e-37 1.39271e-33 0
1785 2.13376e-37 1.5069e-33 0
1787.5 1.51954e-37 8.32248e-34 0
1790 3.32259e-37 2.32445e-33 0
1792.5 2.47718e-37 1.4409e-33 0
1795 2.18314e-37 1.46162e-33 0
1797.5 1.17407e-37 1.33244e-33 0
1800 2.67284e-37 1.54006e-33 0
1802.5 1.95064e-37 2.14351e-33 0
1805 1.8422e-37 1.54292e-33 0
1807.5 1.28533e-37 1.13801e-33 0
1810 2.64216e-37 1.67137e-33 0
1812.5 1.56657e-37 8.77946e-34 0
1815 1.68762e-37 1.66533e-33 0
1817.5 1.0101e-37 1.08572e-33 0
1820 2.47196e-37 1.5536e-33 0
1822.5 1.83614e-37 1.59389e-33 0
1825 1.33715e-37 1.57524e-33 0
1827.5 1.19711e-37 1.53651e-33 0
1830 2.84724e-37 2.20082e-33 0
1832.5 1.85892e-37 1.33681e-33 0
1835 1.10772e-37 1.16038e-33 0
1837.5 1.06331e-37 8.85067e-34 0
1840 2.70962e-37 2.00703e-33 0
1842.5 7.75212e-38 6.69987e-34 0
1845 6.73616e-38 1.15783e-33 0
1847.5 1.86702e-37 1.17826e-33 0
1850 1.50013e-37 1.86323e-33 0
1852.5 6.08174e-38 1.05909e-33 0
1855 9.86065e-38 1.50074e-33 0
1857.5 1.74089e-37 1.55813e-33 0
1860 1.12725e-37 1.01888e-33 0
1862.5 7.53997e-38 8.84625e-34 0
1865 1.28582e-37 1.26152e-33 0
1867.5 1.57496e-37 1.28849e-33 0
1870 1.51464e-37 1.41517e-33 0
1872.5 9.25951e-38 9.01838e-34 0
1875 1.34393e-37 1.73492e-33 0
1877.5 8.42684e-38 1.20562e-33 0
1880 1.09448e-37 1.27198e-33 0
1882.5 4.05602e-38 6.32003e-34 0
1885 9.50737e-38 7.50775e-34 0
1887.5 1.07419e-37 1.39565e-33 0
1890 1.5395e-37 1.1441e-33 0
1892.5 4.57213e-38 5.49507e-34 0
1895 1.57091e-37 1.0493e-33 0
1897.5 1.51077e-37 1.2204e-33 0
1900 1.70793e-37 1.75601e-33 0
1902.5 4.21191e-38 1.06579e-33 0
1905 1.99918e-37 1.49975e-33 0
1907.5 1.81613e-37 1.59575e-33 0
1910 1.989e-37 1.50244e-33 0
1912.5 8.93147e-38 1.18006e-33 0
1915 3.04695e-37 1.89989e-33 0
1917.5 6.36833e-38 5.28986e-34 0
1920 1.71808e-37 1.12955e-33 0
1922.5 8.86823e-38 1.11175e-33 0
1925 2.28878e-37 1.561e-33 0
1927.5 5.15169e-38 1.02602e-33 0
1930 1.83101e-37 1.40714e-33 0
1932.5 1.28112e-37 1.42242e-33 0
1935 2.39191e-37 2.04501e-33 0
1937.5 9.90881e-38 1.04428e-33 0
1940 2.04522e-37 1.37866e-33 0
1942.5 8.77177e-38 1.00569e-33 0
1945 1.68578e-37 1.21117e-33 0
1947.5 8.94997e-38 1.09726e-33 0
1950 1.75079e-37 1.1178e-33 0
1952.5 7.77817e-38 1.03153e-33 0
1955 1.75211e-37 1.4307e-33 0
1957.5 5.89e-38 6.80863e-34 0
1960 1.22508e-37 1.07002e-33 0
1962.5 6.39198e-38 1.02836e-33 0
1965 1.3617e-37 9.48508e-34 0
1967.5 3.74344e-38 5.75589e-34 0
1970 9.01373e-38 5.99936e-34 0
1972.5 9.56998e-38 9.42567e-34 0
1975 1.54645e-37 1.24732e-33 0
1977.5 7.4029e-38 6.59251e-34 0
1980 1.08347e-37 9.99768e-34 0
1982.5 1.30219e-37 1.15147e-33 0
1985 5.32773e-38 7.11469e-34 0
1987.5 5.7823e-38 7.91672e-34 0
1990 1.32973e-37 9.60094e-34 0
1992.5 1.17555e-37 1.04494e-33 0
1995 1.05231e-37 1.40066e-33 0
1997.5 7.43578e-38 7.0238e-34 0
2000 1.22909e-37 9.37602e-34 0
2002.5 9.03744e-38 7.85073e-34 0
2005 4.80127e-38 8.29959e-34 0
2007.5 6.55479e-38 9.01869e-34 0
2010 7.30092e-38 6.6672e-34 0
2012.5 6.79931e-38 7.46044e-34 0
2015 8.58168e-38 1.31916e-33 0
2017.5 9.54683e-38 1.10509e-33 0
2020 1.05003e-37 7.99939e-34 0
2022.5 8.60398e-38 6.55393e-34 0
2025 6.68601e-38 7.55965e-34 0
2027.5 7.23581e-38 1.1025e-33 0
2030 1.55971e-37 1.11839e-33 0
2032.5 9.65994e-38 1.05213e-33 0
2035 1.10511e-37 1.04282e-33 0
2037.5 5.59046e-38 1.06885e-33 0
2040 1.73584e-37 1.33126e-33 0
2042.5 7.31859e-38 9.98885e-34 0
2045 1.20871e-37 1.05711e-33 0
2047.5 7.98813e-38 7.99072e-34 0
2050 2.26317e-37 1.4028e-33 0
2052.5 6.41968e-38 7.75003e-34 0
2055 1.39333e-37 1.03248e-33 0
2057.5 1.59472e-37 1.3649e-33 0
2060 2.52098e-37 1.94256e-33 0
2062.5 9.78025e-38 9.94745e-34 0
2065 1.69896e-37 1.40163e-33 0
2067.5 1.99728e-37 1.59751e-33 0
2070 2.76841e-37 2.40547e-33 0
2072.5 1.04546e-37 1.3449e-33 0
2075 1.8796e-37 1.17956e-33 0
2077.5 1.39258e-37 7.76387e-34 0
2080 1.73058e-37 1.43471e-33 0
2082.5 5.92007e-38 5.76156e-34 0
2085 1.74074e-37 1.54888e-33 0
2087.5 1.5525e-37 1.10793e-33 0
2090 1.79012e-37 1.64989e-33 0
2092.5 9.3047e-38 8.65404e-34 0
2095 1.61893e-37 1.02612e-33 0
2097.5 1.82835e-37 1.56417e-33 0
2100 1.73723e-37 1.71609e-33 0
2102.5 9.30972e-38 8.12777e-34 0
2105 1.03009e-37 5.13934e-34 0
2107.5 1.58218e-37 8.22625e-34 0
2110 1.39958e-37 1.23418e-33 0
2112.5 6.79964e-38 9.89234e-34 0
2115 1.55872e-37 9.39386e-34 0
2117.5 1.38128e-37 9.87701e-34 0
2120 9.90718e-38 9.14778e-34 0
2122.5 6.16922e-38 9.24773e-34 0
2125 1.97958e-37 1.30158e-33 0
2127.5 1.30519e-37 1.1252e-33 0
2130 1.10577e-37 6.31577e-34 0
2132.5 9.29119e-38 9.35404e-34 0
2135 2.20086e-37 1.16142e-33 0
2137.5 1.14042e-37 1.02424e-33 0
2140 9.4437e-38 7.61207e-34 0
2142.5 1.31946e-37 9.49631e-34 0
2145 1.58279e-37 1.40337e-33 0
2147.5 4.97543e-38 7.00341e-34 0
2150 1.14573e-37 1.10346e-33 0
2152.5 1.05685e-37 6.92939e-34 0
2155 1.46816e-37 1.02735e-33 0
2157.5 5.76767e-38 8.35952e-34 0
2160 8.72521e-38 5.95929e-34 0
2162.5 9.16152e-38 7.07514e-34 0
2165 1.19304e-37 8.83159e-34 0
2167.5 5.60363e-38 7.75468e-34 0
2170 1.04664e-37 1.42096e-33 0
2172.5 9.85361e-38 8.92757e-34 0
2175 1.25371e-37 1.16829e-33 0
2177.5 7.55575e-38 7.89366e-34 0
2180 7.04412e-38 7.87597e-34 0
2182.5 1.6234e-37 1.43189e-33 0
2185 8.45434e-38 4.58736e-34 0
2187.5 5.27509e-38 7.94699e-34 0
2190 8.71178e-38 8.17427e-34 0
2192.5 1.7451e-37 1.88297e-33 0
2195 8.02274e-38 1.02044e-33 0
2197.5 8.57378e-38 1.21135e-33 0
2200 1.34416e-37 1.22016e-33 0
2202.5 1.55413e-37 1.60671e-33 0
2205 8.15241e-38 9.07603e-34 0
2207.5 1.01859e-37 1.25313e-33 0
2210 1.45501e-37 1.13973e-33 0
2212.5 1.20885e-37 1.05189e-33 0
2215 7.96919e-38 6.81565e-34 0
2217.5 1.13497e-37 1.13e-33 0
2220 1.34501e-37 1.43941e-33 0
2222.5 1.36653e-37 1.49954e-33 0
2225 8.94494e-38 1.00785e-33 0
2227.5 1.08112e-37 1.08264e-33 0
2230 1.08606e-37 1.06292e-33 0
2232.5 6.65156e-38 4.51755e-34 0
2235 7.74053e-38 1.09772e-33 0
2237.5 7.69282e-38 6.52178e-34 0
2240 9.31623e-38 1.25556e-33 0
2242.5 5.8623e-38 5.46777e-34 0
2245 8.85504e-38 9.16993e-34 0
2247.5 5.94166e-38 1.1446e-33 0
2250 1.12414e-37 1.00921e-33 0
2252.5 5.80785e-38 9.0902e-34 0
2255 1.10347e-37 1.23629e-33 0
2257.5 9.55804e-38 1.02199e-33 0
2260 1.2134e-37 1.30112e-33 0
2262.5 7.53652e-38 7.97527e-34 0
2265 1.13242e-37 1.37433e-33 0
2267.5 8.54092e-38 1.23442e-33 0
2270 5.78123e-38 5.99359e-34 0
2272.5 4.43993e-38 9.30739e-34 0
2275 9.90193e-38 9.79711e-34 0
2277.5 8.02591e-38 1.25694e-33 0
2280 7.49584e-38 8.18164e-34 0
2282.5 9.03574e-38 1.14377e-33 0
2285 1.15812e-37 1.36676e-33 0
2287.5 6.11913e-38 9.40331e-34 0
2290 1.11177e-37 1.17066e-33 0
2292.5 8.38154e-38 9.02823e-34 0
2295 1.14533e-37 1.27316e-33 0
2297.5 8.20394e-38 1.16103e-33 0
2300 4.599e-38 7.09316e-34 0
2302.5 8.12628e-38 9.63225e-34 0
2305 8.56398e-38 6.04602e-34 0
2307.5 4.15138e-38 7.06005e-34 0
2310 4.38392e-38 1.0382e-33 0
2312.5 6.84592e-38 7.50275e-34 0
2315 4.35715e-38 7.24743e-34 0
2317.5 3.68818e-38 4.12939e-34 0
2320 5.79473e-38 8.78356e-34 0
2322.5 7.95493e-38 8.56335e-34 0
2325 6.327e-38 5.55674e-34 0
2327.5 5.59276e-38 9.03437e-34 0
2330 8.31322e-38 1.09499e-33 0
2332.5 1.05463e-37 1.05992e-33 0
2335 8.69147e-38 8.88659e-34 0
2337.5 7.35886e-38 9.47408e-34 0
2340 3.93783e-38 8.80839e-34 0
2342.5 7.78762e-38 4.95272e-34 0
2345 5.41646e-38 6.21427e-34 0
2347.5 6.19675e-38 8.17496e-34 0
2350 5.46059e-38 7.07521e-34 0
2352.5 9.14847e-38 6.52135e-34 0
2355 4.10468e-38 5.63348e-34 0
2357.5 9.56172e-38 1.53063e-33 0
2360 5.99066e-38 7.08808e-34 0
2362.5 1.0934e-37 9.43454e-34 0
2365 7.29825e-38 6.29974e-34 0
2367.5 5.27403e-38 1.00207e-33 0
2370 7.01361e-38 6.93281e-34 0
2372.5 1.05126e-37 6.14285e-34 0
2375 7.67413e-38 7.77406e-34 0
2377.5 8.51139e-38 9.97398e-34 0
2380 6.39107e-38 6.82941e-34 0
2382.5 7.50911e-38 8.60223e-34 0
2385 5.97938e-38 7.38869e-34 0
2387.5 8.95735e-38 9.92061e-34 0
2390 7.1476e-38 7.11933e-34 0
2392.5 8.91683e-38 8.40076e-34 0
2395 7.02777e-38 1.06194e-33 0
2397.5 7.65931e-38 5.59621e-34 0
2400 6.26378e-38 8.19562e-34 0
2402.5 1.00469e-37 7.95771e-34 0
2405 9.93972e-38 1.2202e-33 0
2407.5 4.57133e-38 4.28735e-34 0
2410 8.21181e-38 9.72804e-34 0
2412.5 1.34035e-37 1.14899e-33 0
2415 1.11704e-37 1.3484e-33 0
2417.5 1.11755e-37 9.99985e-34 0
2420 9.59571e-38 9.5571e-34 0
2422.5 7.58175e-38 8.51065e-34 0
2425 7.55862e-38 9.04277e-34 0
2427.5 7.29722e-38 8.23458e-34 0
2430 6.25286e-38 6.88801e-34 0
2432.5 8.54587e-38 7.6644e-34 0
2435 4.76943e-38 6.07407e-34 0
2437.5 6.36348e-38 9.63951e-34 0
2440 8.6511e-38 7.92149e-34 0
2442.5 8.34195e-38 8.43143e-34 0
2445 8.72117e-38 6.69457e-34 0
2447.5 6.7113e-38 9.87849e-34 0
2450 8.7425e-38 9.79871e-34 0
2452.5 7.06158e-38 8.44195e-34 0
2455 1.02555e-37 9.89891e-34 0
2457.5 8.44663e-38 9.02713e-34 0
2460 9.07002e-38 1.08422e-33 0
2462.5 6.25529e-38 5.59702e-34 0
2465 9.40667e-38 1.0946e-33 0
2467.5 6.25863e-38 7.23822e-34 0
2470 9.57994e-38 1.04325e-33 0
2472.5 7.25895e-38 7.37144e-34 0
2475 3.29993e-38 7.22909e-34 0
2477.5 5.17137e-38 6.06449e-34 0
2480 6.89906e-38 5.63244e-34 0
2482.5 7.00957e-38 5.457e-34 0
2485 1.28122e-37 1.46238e-33 0
2487.5 9.98147e-38 1.15551e-33 0
2490 8.672e-38 6.39361e-34 0
2492.5 9.17065e-38 6.09479e-34 0
2495 9.77459e-38 9.42476e-34 0
2497.5 8.74562e-38 1.24886e-33 0
2500 6.54212e-38 3.37314e-34 0
2502.5 6.60689e-38 3.68012e-34 0
2505 5.29245e-38 4.57243e-34 0
2507.5 9.88254e-38 1.01266e-33 0
2510 9.77761e-38 8.80749e-34 0
2512.5 9.78145e-38 6.39756e-34 0
2515 4.70793e-38 4.95278e-34 0
2517.5 1.16049e-37 7.48116e-34 0
2520 6.38684e-38 5.24426e-34 0
2522.5 1.17841e-37 1.09099e-33 0
2525 1.24075e-37 1.06135e-33 0
2527.5 1.21357e-37 6.46833e-34 0
2530 6.50562e-38 4.55487e-34 0
2532.5 1.16855e-37 8.21589e-34 0
2535 9.96139e-38 1.50253e-33 0
2537.5 1.37666e-37 7.4633e-34 0
2540 9.73698e-38 5.74155e-34 0
2542.5 8.29177e-38 6.08786e-34 0
2545 1.06156e-37 1.28752e-33 0
2547.5 1.36019e-37 1.10585e-33 0
2550 1.06251e-37 8.11599e-34 0
2552.5 1.11177e-37 8.41417e-34 0
2555 9.72523e-38 1.11181e-33 0
2557.5 1.11308e-37 8.03662e-34 0
2560 7.71262e-38 7.28096e-34 0
2562.5 9.9806e-38 9.11026e-34 0
2565 1.02207e-37 9.63698e-34 0
2567.5 9.82144e-38 7.22767e-34 0
2570 1.0244e-37 9.65935e-34 0
2572.5 6.72974e-38 6.63937e-34 0
2575 1.21368e-37 1.26785e-33 0
2577.5 9.60535e-38 6.31838e-34 0
2580 8.07374e-38 7.4152e-34 0
2582.5 4.93857e-38 1.00643e-33 0
2585 9.70837e-38 8.52544e-34 0
2587.5 5.155e-38 5.3083e-34 0
2590 7.32476e-38 7.10016e-34 0
2592.5 9.38112e-38 9.1032e-34 0
2595 9.34821e-38 1.46301e-33 0
2597.5 5.15688e-38 4.42744e-34 0
2600 5.57972e-38 3.79026e-34 0
2602.5 6.22333e-38 7.25005e-34 0
2605 6.65083e-38 6.76529e-34 0
2607.5 8.90558e-38 1.3223e-33 0
2610 3.90295e-38 5.0835e-34 0
2612.5 4.87064e-38 4.53917e-34 0
2615 7.79751e-38 7.84734e-34 0
2617.5 7.78087e-38 7.83755e-34 0
2620 5.98861e-38 7.85806e-34 0
2622.5 4.20119e-38 5.09663e-34 0
2625 6.63142e-38 7.57008e-34 0
2627.5 3.56888e-38 4.39744e-34 0
2630 4.01151e-38 5.10394e-34 0
2632.5 6.66402e-38 6.17936e-34 0
2635 3.65854e-38 8.33623e-34 0
2637.5 5.8632e-38 6.0826e-34 0
2640 3.01048e-38 3.73886e-34 0
2642.5 4.56165e-38 5.25942e-34 0
2645 8.20366e-38 9.49866e-34 0
2647.5 6.39542e-38 4.53943e-34 0
2650 6.18536e-38 7.63815e-34 0
2652.5 6.66339e-38 7.47887e-34 0
2655 6.08842e-38 7.52883e-34 0
2657.5 6.11444e-38 5.28587e-34 0
2660 8.76393e-38 6.42175e-34 0
2662.5 5.65452e-38 1.24937e-33 0
2665 6.37012e-38 5.46577e-34 0
2667.5 6.99459e-38 5.37946e-34 0
2670 7.97923e-38 6.32582e-34 0
2672.5 6.87441e-38 1.30051e-33 0
2675 1.08802e-37 8.76274e-34 0
2677.5 8.3921e-38 5.61895e-34 0
2680 7.76151e-38 6.89382e-34 0
2682.5 8.64481e-38 1.46806e-33 0
2685 8.4703e-38 5.30602e-34 0
2687.5 8.55002e-38 8.06561e-34 0
2690 7.82839e-38 8.05294e-34 0
2692.5 7.38159e-38 9.21434e-34 0
2695 6.20638e-38 4.17933e-34 0
2697.5 6.38362e-38 3.14822e-34 0
2700 9.11273e-38 1.3329e-33 0
2702.5 4.56655e-38 5.37999e-34 0
2705 8.70442e-38 5.79667e-34 0
2707.5 5.99621e-38 4.23335e-34 0
2710 4.96608e-38 1.00502e-33 0
2712.5 7.33411e-38 5.96271e-34 0
2715 6.69548e-38 4.97683e-34 0
2717.5 5.76438e-38 4.15344e-34 0
2720 6.41677e-38 9.83959e-34 0
2722.5 6.3002e-38 4.16761e-34 0
2725 5.19752e-38 5.44008e-34 0
2727.5 8.32036e-38 9.13866e-34 0
2730 7.90544e-38 8.92266e-34 0
2732.5 4.62675e-38 4.04561e-34 0
2735 4.46591e-38 3.16678e-34 0
2737.5 5.94076e-38 6.19181e-34 0
2740 4.09208e-38 4.37999e-34 0
2742.5 4.53538e-38 3.5398e-34 0
2745 6.35565e-38 6.46876e-34 0
2747.5 5.81306e-38 1.01805e-33 0
2750 6.80693e-38 5.99725e-34 0
2752.5 6.99889e-38 6.53202e-34 0
2755 4.83778e-38 5.10486e-34 0
2757.5 6.19495e-38 6.4806e-34 0
2760 5.51102e-38 5.91828e-34 0
2762.5 3.98704e-38 3.51054e-34 0
2765 2.62969e-38 5.34667e-34 0
2767.5 6.37842e-38 5.04778e-34 0
2770 5.85031e-38 5.79429e-34 0
2772.5 5.85062e-38 7.12601e-34 0
2775 3.85539e-38 5.65008e-34 0
2777.5 4.95912e-38 3.95444e-34 0
2780 6.27101e-38 6.81848e-34 0
2782.5 1.74238e-38 2.18701e-34 0
2785 5.21455e-38 4.67734e-34 0
2787.5 6.79274e-38 5.72729e-34 0
2790 7.4952e-38 8.10094e-34 0
2792.5 2.70811e-38 4.33158e-34 0
2795 6.5283e-38 5.08655e-34 0
2797.5 6.3852e-38 6.06096e-34 0
2800 6.23432e-38 1.01307e-33 0
2802.5 3.69825e-38 4.64724e-34 0
2805 7.4921e-38 4.31681e-34 0
2807.5 5.33815e-38 7.6459e-34 0
2810 7.95291e-38 9.54812e-34 0
2812.5 6.48357e-38 5.26989e-34 0
2815 5.69139e-38 3.14302e-34 0
2817.5 5.18546e-38 6.64445e-34 0
2820 8.3623e-38 1.2607e-33 0
2822.5 3.30336e-38 4.33877e-34 0
2825 5.57699e-38 4.54418e-34 0
2827.5 8.23327e-38 8.70356e-34 0
2830 6.85038e-38 8.20144e-34 0
2832.5 3.24483e-38 2.98696e-34 0
2835 8.04544e-38 5.55632e-34 0
2837.5 6.672e-38 9.81549e-34 0
2840 6.18249e-38 5.44962e-34 0
2842.5 6.42624e-38 4.59957e-34 0
2845 5.34689e-38 5.0161e-34 0
2847.5 5.35543e-38 1.00179e-33 0
2850 3.85646e-38 6.18943e-34 0
2852.5 5.52136e-38 3.17056e-34 0
2855 5.63004e-38 3.78492e-34 0
2857.5 5.77043e-38 8.34368e-34 0
2860 5.43559e-38 4.44267e-34 0
2862.5 7.48666e-38 7.35574e-34 0
2865 5.60705e-38 5.3369e-34 0
2867.5 5.59725e-38 5.72367e-34 0
2870 7.40167e-38 7.16098e-34 0
2872.5 5.84145e-38 3.62698e-34 0
2875 4.3187e-38 5.89654e-34 0
2877.5 6.37032e-38 6.17006e-34 0
2880 9.14008e-38 6.64568e-34 0
2882.5 7.71545e-38 9.23426e-34 0
2885 6.34595e-38 7.1091e-34 0
2887.5 8.99346e-38 7.12253e-34 0
2890 5.25319e-38 4.12099e-34 0
2892.5 5.40139e-38 4.17011e-34 0
2895 8.64556e-38 9.33312e-34 0
2897.5 6.24388e-38 6.54088e-34 0
2900 5.56744e-38 4.36465e-34 0
2902.5 8.15441e-38 7.09167e-34 0
2905 6.50574e-38 6.72334e-34 0
2907.5 6.2083e-38 1.00199e-33 0
2910 8.27254e-38 4.03034e-34 0
2912.5 5.6251e-38 4.96733e-34 0
2915 5.61658e-38 3.20204e-34 0
2917.5 7.44159e-38 1.11323e-33 0
2920 8.52815e-38 7.41036e-34 0
2922.5 6.15256e-38 6.1187e-34 0
2925 5.56821e-38 5.11806e-34 0
2927.5 6.64185e-38 8.28532e-34 0
2930 5.61633e-38 6.39032e-34 0
2932.5 6.47084e-38 6.49796e-34 0
2935 6.32613e-38 6.10459e-34 0
2937.5 6.56261e-38 7.54251e-34 0
2940 7.13847e-38 6.57019e-34 0
2942.5 5.72032e-38 6.63525e-34 0
2945 6.87648e-38 8.00096e-34 0
2947.5 5.97535e-38 5.82062e-34 0
2950 6.35806e-38 5.07668e-34 0
2952.5 5.12161e-38 3.52999e-34 0
2955 7.32402e-38 9.25244e-34 0
2957.5 5.93627e-38 6.72342e-34 0
2960 6.37058e-38 6.26396e-34 0
2962.5 7.90862e-38 5.22719e-34 0
2965 5.66328e-38 6.07919e-34 0
2967.5 4.03434e-38 7.15714e-34 0
2970 5.28016e-38 3.77166e-34 0
2972.5 6.02832e-38 4.57959e-34 0
2975 3.97665e-38 3.90714e-34 0
2977.5 5.07809e-38 7.05187e-34 0
2980 5.91047e-38 6.64043e-34 0
2982.5 5.22209e-38 3.59278e-34 0
2985 3.81814e-38 2.67463e-34 0
2987.5 4.17885e-38 4.41461e-34 0
2990 5.95876e-38 5.77551e-34 0
2992.5 5.75773e-38 6.97586e-34 0
2995 5.46454e-38 4.89764e-34 0
2997.5 3.5786e-38 3.76657e-34 0
3000 6.49e-38 6.38619e-34 0
3002.5 6.94802e-38 5.83551e-34 0
3005 3.77639e-38 8.06493e-34 0
3007.5 5.96142e-38 3.3975e-34 0
3010 4.27004e-38 3.08783e-34 0
3012.5 6.94012e-38 6.32938e-34 0
3015 7.17837e-38 1.19313e-33 0
3017.5 7.70324e-38 8.42619e-34 0
3020 5.31269e-38 5.85358e-34 0
3022.5 8.30651e-38 5.35559e-34 0
3025 4.94471e-38 9.70023e-34 0
3027.5 4.94287e-38 5.06622e-34 0
3030 5.69821e-38 5.53003e-34 0
3032.5 6.57784e-38 7.08267e-34 0
3035 3.25524e-38 7.02966e-34 0
3037.5 6.28175e-38 6.72439e-34 0
3040 7.11088e-38 7.42578e-34 0
3042.5 5.64492e-38 7.68939e-34 0
3045 3.02421e-38 6.20372e-34 0
3047.5 4.63692e-38 3.61609e-34 0
3050 5.04487e-38 6.24111e-34 0
3052.5 5.8937e-38 8.65036e-34 0
3055 6.44513e-38 8.53174e-34 0
3057.5 6.46607e-38 5.2017e-34 0
3060 3.68889e-38 5.27137e-34 0
3062.5 7.18387e-38 9.1429e-34 0
3065 3.94248e-38 5.08971e-34 0
3067.5 3.86035e-38 3.1349e-34 0
3070 5.91371e-38 6.50251e-34 0
3072.5 4.44704e-38 7.36893e-34 0
3075 7.00988e-38 9.42431e-34 0
3077.5 3.92452e-38 3.60154e-34 0
3080 6.20071e-38 5.00617e-34 0
3082.5 6.12232e-38 5.7141e-34 0
3085 3.10756e-38 2.80955e-34 0
3087.5 4.54407e-38 8.39681e-34 0
3090 5.74306e-38 6.29234e-34 0
3092.5 7.16892e-38 6.23937e-34 0
3095 5.3885e-38 5.28987e-34 0
3097.5 4.64571e-38 6.04013e-34 0
3100 5.21689e-38 8.14122e-34 0
3102.5 2.1305e-38 2.43678e-34 0
3105 3.3155e-38 2.43175e-34 0
3107.5 4.50665e-38 4.45079e-34 0
3110 3.06481e-38 2.84006e-34 0
3112.5 5.97359e-38 7.37569e-34 0
3115 5.33405e-38 5.736e-34 0
3117.5 2.93622e-38 4.86223e-34 0
3120 3.61341e-38 2.99436e-34 0
3122.5 6.40633e-38 4.28178e-34 0
3125 5.06754e-38 6.78465e-34 0
3127.5 2.44009e-38 3.00917e-34 0
3130 4.2018e-38 3.69177e-34 0
3132.5 5.9876e-38 5.4146e-34 0
3135 2.62864e-38 3.46183e-34 0
3137.5 5.12334e-38 5.78435e-34 0
3140 2.86761e-38 2.25058e-34 0
3142.5 5.83996e-38 7.47689e-34 0
3145 3.78021e-38 4.18805e-34 0
3147.5 6.00598e-38 5.58506e-34 0
3150 5.06633e-38 4.47866e-34 0
3152.5 5.96832e-38 7.43445e-34 0
3155 4.50867e-38 3.42203e-34 0
3157.5 5.12795e-38 4.03394e-34 0
3160 4.11162e-38 4.84785e-34 0
3162.5 7.65296e-38 8.74694e-34 0
3165 3.22955e-38 2.84557e-34 0
3167.5 4.98422e-38 2.73516e-34 0
3170 2.74232e-38 4.40987e-34 0
3172.5 8.54374e-38 7.53774e-34 0
3175 5.34254e-38 4.01367e-34 0
3177.5 5.30674e-38 3.32542e-34 0
3180 2.80965e-38 5.23202e-34 0
3182.5 7.04432e-38 4.14211e-34 0
3185 2.50484e-38 4.09802e-34 0
3187.5 5.70273e-38 4.39949e-34 0
3190 5.97838e-38 9.42329e-34 0
3192.5 7.67259e-38 4.36504e-34 0
3195 2.97775e-38 3.305e-34 0
3197.5 5.65756e-38 4.63112e-34 0
3200 4.05549e-38 6.22296e-34 0
3202.5 5.55882e-38 3.21262e-34 0
3205 4.53295e-38 4.15717e-34 0
3207.5 3.70326e-38 4.46255e-34 0
3210 5.24703e-38 6.63383e-34 0
3212.5 4.989e-38 6.12376e-34 0
3215 3.95763e-38 4.58718e-34 0
3217.5 4.60916e-38 5.17948e-34 0
3220 3.69532e-38 3.23779e-34 0
3222.5 4.47943e-38 3.81014e-34 0
3225 3.91669e-38 5.96004e-34 0
3227.5 3.72673e-38 4.65733e-34 0
3230 4.9363e-38 3.97093e-34 0
3232.5 2.74102e-38 4.42458e-34 0
3235 4.18763e-38 5.57196e-34 0
3237.5 2.31747e-38 5.10487e-34 0
3240 3.2773e-38 2.25375e-34 0
3242.5 3.8682e-38 3.54953e-34 0
3245 3.86152e-38 5.75531e-34 0
3247.5 3.57947e-38 2.72779e-34 0
3250 5.87588e-38 5.92595e-34 0
3252.5 4.30815e-38 3.8244e-34 0
3255 3.1759e-38 5.47375e-34 0
3257.5 5.08561e-38 3.02219e-34 0
3260 2.018e-38 2.54047e-34 0
3262.5 3.44017e-38 4.13652e-34 0
3265 2.70203e-38 4.27016e-34 0
3267.5 5.97446e-38 4.97968e-34 0
3270 2.37466e-38 4.11868e-34 0
3272.5 3.9329e-38 2.61398e-34 0
3275 3.62612e-38 4.20287e-34 0
3277.5 5.55825e-38 3.05744e-34 0
3280 2.56775e-38 3.86563e-34 0
3282.5 6.8581e-38 5.40293e-34 0
3285 5.54552e-38 4.88231e-34 0
3287.5 6.24159e-38 6.55583e-34 0
3290 3.47033e-38 4.43752e-34 0
3292.5 6.13882e-38 4.22882e-34 0
3295 4.97576e-38 4.21988e-34 0
3297.5 7.82401e-38 5.99361e-34 0
3300 2.3293e-38 3.97715e-34 0
3302.5 5.8403e-38 4.22679e-34 0
3305 2.66695e-38 2.36258e-34 0
3307.5 6.29014e-38 5.2891e-34 0
3310 4.05688e-38 3.92542e-34 0
3312.5 5.71413e-38 4.97315e-34 0
3315 6.0806e-38 6.13172e-34 0
3317.5 6.23819e-38 6.14617e-34 0
3320 3.77769e-38 3.33699e-34 0
3322.5 5.40969e-38 4.9152e-34 0
3325 5.98868e-38 5.13721e-34 0
3327.5 5.38409e-38 5.27773e-34 0
3330 1.91599e-38 2.13748e-34 0
3332.5 4.87596e-38 3.7264e-34 0
3335 5.74249e-38 4.785e-34 0
3337.5 4.28808e-38 3.55321e-34 0
3340 1.92455e-38 3.08308e-34 0
3342.5 5.93389e-38 5.70461e-34 0
3345 4.32508e-38 5.2317e-34 0
3347.5 3.81393e-38 4.14665e-34 0
3350 4.7249e-38 4.42463e-34 0
3352.5 4.01476e-38 4.76221e-34 0
3355 4.70825e-38 4.71106e-34 0
3357.5 4.42012e-38 3.78296e-34 0
3360 2.86624e-38 3.34326e-34 0
3362.5 4.0918e-38 3.88334e-34 0
3365 4.32403e-38 4.20686e-34 0
3367.5 3.53465e-38 4.35435e-34 0
3370 3.61108e-38 4.43246e-34 0
3372.5 2.97037e-38 4.25979e-34 0
3375 4.84877e-38 5.28481e-34 0
3377.5 5.35995e-38 4.51949e-34 0
3380 1.37773e-38 2.21183e-34 0
3382.5 3.99219e-38 3.21976e-34 0
3385 3.57812e-38 3.39279e-34 0
3387.5 3.53846e-38 6.74332e-34 0
3390 2.98906e-38 3.30617e-34 0
3392.5 3.34433e-38 2.99353e-34 0
3395 4.26219e-38 4.08016e-34 0
3397.5 1.89113e-38 4.72052e-34 0
3400 3.71472e-38 4.73041e-34 0
3402.5 4.54116e-38 4.11691e-34 0
3405 2.52007e-38 2.83374e-34 0
3407.5 4.9288e-38 6.81676e-34 0
3410 4.29379e-38 3.86127e-34 0
3412.5 3.66388e-38 4.52254e-34 0
3415 4.26474e-38 4.71003e-34 0
3417.5 5.9978e-38 4.85977e-34 0
3420 3.4208e-38 4.56601e-34 0
3422.5 3.90904e-38 5.74601e-34 0
3425 4.23989e-38 5.63045e-34 0
3427.5 4.11823e-38 4.26751e-34 0
3430 2.45064e-38 2.9636e-34 0
3432.5 5.2038e-38 4.78315e-34 0
3435 3.81841e-38 4.72449e-34 0
3437.5 5.80121e-38 4.3079e-34 0
3440 3.49163e-38 3.39616e-34 0
3442.5 4.51383e-38 6.59492e-34 0
3445 4.85669e-38 4.31482e-34 0
3447.5 5.20676e-38 6.33624e-34 0
3450 4.07179e-38 4.79375e-34 0
3452.5 3.65012e-38 4.94844e-34 0
3455 3.40649e-38 4.41441e-34 0
3457.5 6.46005e-38 4.37927e-34 0
3460 2.15084e-38 4.08412e-34 0
3462.5 3.57442e-38 3.68375e-34 0
3465 2.83928e-38 1.94709e-34 0
3467.5 4.34804e-38 4.40098e-34 0
3470 1.65523e-38 3.52083e-34 0
3472.5 4.43101e-38 5.57785e-34 0
3475 4.44822e-38 4.18392e-34 0
3477.5 3.93335e-38 4.39431e-34 0
3480 2.51822e-38 5.24125e-34 0
3482.5 3.07804e-38 4.12763e-34 0
3485 4.72254e-38 5.96068e-34 0
3487.5 3.87786e-38 3.62889e-34 0
3490 3.23829e-38 3.23855e-34 0
3492.5 3.86321e-38 3.50695e-34 0
3495 3.07806e-38 3.67052e-34 0
3497.5 3.19605e-38 4.54874e-34 0
3500 2.11718e-38 1.88298e-34 0
3502.5 2.4405e-38 2.62279e-34 0
3505 3.78017e-38 4.57974e-34 0
3507.5 3.93529e-38 4.98653e-34 0
3510 2.79231e-38 3.81111e-34 0
3512.5 4.40976e-38 3.62129e-34 0
3515 2.60921e-38 2.84398e-34 0
3517.5 3.43082e-38 1.86593e-34 0
3520 3.01125e-38 2.26087e-34 0
3522.5 2.47809e-38 2.77736e-34 0
3525 3.3206e-38 3.59673e-34 0
3527.5 2.30434e-38 2.62471e-34 0
3530 3.7471e-38 3.83267e-34 0
3532.5 2.6362e-38 4.82666e-34 0
3535 3.08513e-38 3.12128e-34 0
3537.5 2.79489e-38 1.88877e-34 0
3540 1.76341e-38 1.90267e-34 0
3542.5 4.02756e-38 3.19557e-34 0
3545 3.42763e-38 3.61985e-34 0
3547.5 3.41372e-38 2.6249e-34 0
3550 3.95299e-38 4.42032e-34 0
3552.5 2.88412e-38 4.16102e-34 0
3555 4.192e-38 3.91076e-34 0
3557.5 3.68628e-38 4.78045e-34 0
3560 3.26751e-38 4.16006e-34 0
3562.5 4.24704e-38 3.98739e-34 0
3565 2.97699e-38 2.86352e-34 0
3567.5 2.89973e-38 3.70523e-34 0
3570 4.16798e-38 4.83609e-34 0
3572.5 3.09635e-38 2.59597e-34 0
3575 2.46987e-38 3.02264e-34 0
3577.5 3.50771e-38 4.54316e-34 0
3580 4.00394e-38 6.38831e-34 0
3582.5 2.81542e-38 4.42076e-34 0
3585 4.03882e-38 4.76989e-34 0
3587.5 4.10211e-38 4.5428e-34 0
3590 3.12802e-38 2.34388e-34 0
3592.5 3.01487e-38 2.55032e-34 0
3595 3.07088e-38 3.29876e-34 0
3597.5 5.25006e-38 5.2868e-34 0
3600 3.64534e-38 4.0052e-34 0
3602.5 3.20726e-38 2.96366e-34 0
3605 3.37328e-38 3.78055e-34 0
3607.5 2.12884e-38 4.73542e-34 0
3610 4.89271e-38 4.38471e-34 0
3612.5 3.54335e-38 3.23932e-34 0
3615 2.62159e-38 2.37236e-34 0
3617.5 3.93171e-38 4.25867e-34 0
3620 3.0053e-38 3.5971e-34 0
3622.5 2.49351e-38 3.1426e-34 0
3625 2.42883e-38 1.74412e-34 0
3627.5 3.64925e-38 3.33453e-34 0
3630 4.14907e-38 3.09469e-34 0
3632.5 2.80092e-38 2.5022e-34 0
3635 2.56382e-38 4.02173e-34 0
3637.5 4.58199e-38 4.03444e-34 0
3640 4.28522e-38 5.49829e-34 0
3642.5 3.33609e-38 2.82407e-34 0
3645 1.87752e-38 2.11381e-34 0
3647.5 2.88085e-38 3.60475e-34 0
3650 3.28604e-38 2.59288e-34 0
3652.5 2.55587e-38 1.68506e-34 0
3655 2.98161e-38 3.49193e-34 0
3657.5 3.23443e-38 3.59551e-34 0
3660 4.70928e-38 4.7395e-34 0
3662.5 2.68411e-38 1.95835e-34 0
3665 3.74933e-38 3.96394e-34 0
3667.5 3.82034e-38 7.31097e-34 0
3670 6.20333e-38 5.24594e-34 0
3672.5 4.35678e-38 3.0204e-34 0
3675 1.87373e-38 1.72161e-34 0
3677.5 5.11694e-38 4.72827e-34 0
3680 5.46397e-38 4.47159e-34 0
3682.5 4.22394e-38 4.34106e-34 0
3685 3.84151e-38 4.53665e-34 0
3687.5 3.52427e-38 6.04717e-34 0
3690 3.30367e-38 3.53938e-34 0
3692.5 2.59214e-38 3.30312e-34 0
3695 2.34944e-38 4.90267e-34 0
3697.5 2.83555e-38 3.13995e-34 0
3700 3.3054e-38 2.28119e-34 0
3702.5 3.04703e-38 3.22125e-34 0
3705 3.3127e-38 4.24418e-34 0
3707.5 5.19044e-38 5.23421e-34 0
3710 3.58588e-38 3.11092e-34 0
3712.5 2.96982e-38 3.00273e-34 0
3715 2.06776e-38 4.46293e-34 0
3717.5 4.07053e-38 4.00067e-34 0
3720 4.35868e-38 5.10727e-34 0
3722.5 3.36266e-38 3.61321e-34 0
3725 2.45835e-38 2.48397e-34 0
3727.5 1.93224e-38 1.45054e-34 0
3730 2.96919e-38 2.55604e-34 0
3732.5 2.89326e-38 3.16306e-34 0
3735 3.16515e-38 2.21567e-34 0
3737.5 2.76605e-38 2.58228e-34 0
3740 3.55877e-38 3.65308e-34 0
3742.5 2.4388e-38 5.06005e-34 0
3745 3.15428e-38 4.4052e-34 0
3747.5 3.87426e-38 2.90905e-34 0
3750 4.54019e-38 3.57437e-34 0
3752.5 3.36036e-38 2.38577e-34 0
3755 3.68024e-38 3.85879e-34 0
3757.5 2.19625e-38 2.1723e-34 0
3760 4.02559e-38 2.61708e-34 0
3762.5 2.52838e-38 2.18042e-34 0
3765 2.85701e-38 3.02888e-34 0
3767.5 2.53985e-38 4.24605e-34 0
3770 3.89635e-38 3.82575e-34 0
3772.5 2.27299e-38 3.28114e-34 0
3775 4.4614e-38 4.09679e-34 0
3777.5 2.73413e-38 2.88268e-34 0
3780 3.60077e-38 3.54655e-34 0
3782.5 1.95969e-38 1.67871e-34 0
3785 2.49734e-38 3.02216e-34 0
3787.5 3.90179e-38 2.9495e-34 0
3790 5.78657e-38 4.49754e-34 0
3792.5 3.56339e-38 6.42398e-34 0
3795 4.1154e-38 5.08312e-34 0
3797.5 2.47645e-38 2.4946e-34 0
3800 2.85186e-38 1.98693e-34 0
3802.5 2.45983e-38 3.85403e-34 0
3805 2.68964e-38 5.31992e-34 0
3807.5 3.04784e-38 2.62934e-34 0
3810 2.21557e-38 1.67167e-34 0
3812.5 2.41972e-38 2.71818e-34 0
3815 4.27209e-38 5.10229e-34 0
3817.5 1.88654e-38 2.26756e-34 0
3820 2.65253e-38 3.50739e-34 0
3822.5 1.6194e-38 3.59504e-34 0
3825 2.56832e-38 4.36535e-34 0
3827.5 2.4613e-38 3.5617e-34 0
3830 2.63001e-38 2.64351e-34 0
3832.5 3.56482e-38 3.55494e-34 0
3835 1.88042e-38 2.16652e-34 0
3837.5 2.66227e-38 1.46225e-34 0
3840 2.75433e-38 4.22482e-34 0
3842.5 2.54013e-38 3.17214e-34 0
3845 3.26075e-38 3.4973e-34 0
3847.5 1.85261e-38 2.21051e-34 0
3850 1.27038e-38 1.85342e-34 0
3852.5 2.17634e-38 3.77536e-34 0
3855 2.00878e-38 1.69342e-34 0
3857.5 1.72533e-38 1.46892e-34 0
3860 2.62573e-38 2.47913e-34 0
3862.5 2.77259e-38 3.06482e-34 0
3865 2.91492e-38 3.72087e-34 0
3867.5 2.51512e-38 2.59683e-34 0
3870 3.06477e-38 2.65565e-34 0
3872.5 2.54416e-38 1.87686e-34 0
3875 2.57823e-38 3.17068e-34 0
3877.5 2.01169e-38 3.12605e-34 0
3880 3.44739e-38 4.82749e-34 0
3882.5 4.15924e-38 3.72576e-34 0
3885 2.68733e-38 1.51897e-34 0
3887.5 1.6007e-38 1.55469e-34 0
3890 2.41627e-38 2.29935e-34 0
3892.5 2.32699e-38 2.01542e-34 0
3895 2.72112e-38 1.82895e-34 0
3897.5 3.11074e-38 2.91615e-34 0
3900 6.20548e-38 6.16629e-34 0
3902.5 3.32636e-38 4.60928e-34 0
3905 5.19826e-38 3.75994e-34 0
3907.5 3.89898e-38 3.43561e-34 0
3910 4.38741e-38 3.06782e-34 0
3912.5 4.92255e-38 4.62702e-34 0
3915 2.82367e-38 2.10658e-34 0
3917.5 2.13208e-38 2.73759e-34 0
3920 4.09497e-38 2.91345e-34 0
3922.5 2.97868e-38 3.34871e-34 0
3925 3.13914e-38 3.47071e-34 0
3927.5 2.22939e-38 2.51676e-34 0
3930 4.14129e-38 3.96212e-34 0
3932.5 1.414e-38 2.1095e-34 0
3935 1.89753e-38 2.07895e-34 0
3937.5 2.4301e-38 2.51703e-34 0
3940 2.55346e-38 3.1103e-34 0
3942.5 3.06363e-38 2.49003e-34 0
3945 3.61343e-38 3.55732e-34 0
3947.5 2.55257e-38 2.23177e-34 0
3950 4.34859e-38 5.23888e-34 0
3952.5 2.9885e-38 2.45887e-34 0
3955 2.49993e-38 2.59659e-34 0
3957.5 1.4181e-38 1.53341e-34 0
3960 2.87457e-38 2.83153e-34 0
3962.5 2.00545e-38 3.15059e-34 0
3965 2.42731e-38 1.8655e-34 0
3967.5 3.57891e-38 2.933e-34 0
3970 2.49679e-38 2.4099e-34 0
3972.5 2.63244e-38 2.59298e-34 0
3975 2.53921e-38 1.8181e-34 0
3977.5 1.45497e-38 1.7518e-34 0
3980 2.84648e-38 2.18009e-34 0
3982.5 1.80199e-38 3.16951e-34 0
3985 2.74558e-38 1.87166e-34 0
3987.5 2.57381e-38 2.90266e-34 0
3990 1.84811e-38 1.74297e-34 0
3992.5 2.35931e-38 2.09712e-34 0
3995 2.94582e-38 1.91742e-34 0
3997.5 3.18055e-38 3.01317e-34 0
4000 2.34795e-38 2.47804e-34 0
4002.5 2.31015e-38 1.87795e-34 0
4005 4.08121e-38 2.85864e-34 0
4007.5 1.62561e-38 2.36673e-34 0
4010 1.55212e-38 2.99179e-34 0
4012.5 2.68807e-38 2.0418e-34 0
4015 2.86405e-38 2.08189e-34 0
4017.5 2.82545e-38 3.41479e-34 0
4020 2.45267e-38 3.05476e-34 0
4022.5 2.64123e-38 2.24364e-34 0
4025 2.81778e-38 1.27588e-34 0
4027.5 2.56979e-38 2.03345e-34 0
4030 1.74847e-38 2.12918e-34 0
4032.5 2.68325e-38 2.64078e-34 0
4035 4.10823e-38 4.16906e-34 0
4037.5 3.12973e-38 4.99925e-34 0
4040 2.00094e-38 2.67741e-34 0
4042.5 3.54575e-38 2.56701e-34 0
4045 2.34394e-38 1.39915e-34 0
4047.5 2.58239e-38 2.5054e-34 0
4050 2.58443e-38 2.06544e-34 0
4052.5 3.67272e-38 3.37379e-34 0
4055 4.63866e-38 4.46272e-34 0
4057.5 2.37734e-38 3.25415e-34 0
4060 2.73329e-38 2.37336e-34 0
4062.5 2.76896e-38 2.90144e-34 0
4065 2.57022e-38 2.74091e-34 0
4067.5 2.50191e-38 2.76559e-34 0
4070 2.71308e-38 1.66798e-34 0
4072.5 3.50831e-38 3.5955e-34 0
4075 3.42606e-38 3.83567e-34 0
4077.5 2.69932e-38 3.09472e-34 0
4080 3.2464e-38 2.77335e-34 0
4082.5 2.24582e-38 2.01563e-34 0
4085 2.80169e-38 1.79953e-34 0
4087.5 2.12051e-38 2.26048e-34 0
4090 2.6091e-38 2.09746e-34 0
4092.5 2.89452e-38 3.52327e-34 0
4095 2.34571e-38 1.9501e-34 0
4097.5 1.25599e-38 1.33621e-34 0
4100 2.37404e-38 1.95172e-34 0
4102.5 2.69044e-38 2.40738e-34 0
4105 2.4762e-38 2.37037e-34 0
4107.5 1.34159e-38 1.27719e-34 0
4110 3.34156e-38 2.51185e-34 0
4112.5 2.14523e-38 1.40467e-34 0
4115 2.52723e-38 3.19761e-34 0
4117.5 2.18012e-38 1.59546e-34 0
4120 2.68709e-38 2.60742e-34 0
4122.5 1.61018e-38 9.05607e-35 0
4125 1.79832e-38 2.13673e-34 0
4127.5 2.64944e-38 2.46501e-34 0
4130 2.45067e-38 1.95962e-34 0
4132.5 3.14335e-38 1.62035e-34 0
4135 2.69776e-38 3.8337e-34 0
4137.5 1.75469e-38 2.08284e-34 0
4140 3.95195e-38 2.77532e-34 0
4142.5 3.0704e-38 1.96628e-34 0
4145 2.63825e-38 2.3352e-34 0
4147.5 2.35129e-38 3.27573e-34 0
4150 2.96623e-38 2.11545e-34 0
4152.5 2.4712e-38 2.27121e-34 0
4155 2.47261e-38 2.38522e-34 0
4157.5 3.2025e-38 2.81527e-34 0
4160 2.47174e-38 1.74674e-34 0
4162.5 1.9833e-38 2.76645e-34 0
4165 2.12142e-38 2.65079e-34 0
4167.5 2.48791e-38 2.339e-34 0
4170 1.7451e-38 1.5548e-34 0
4172.5 2.89819e-38 2.32e-34 0
4175 3.38853e-38 4.65227e-34 0
4177.5 3.70944e-38 2.9236e-34 0
4180 1.94321e-38 2.04525e-34 0
4182.5 2.69611e-38 1.72527e-34 0
4185 3.0298e-38 2.72151e-34 0
4187.5 4.04568e-38 3.70437e-34 0
4190 3.03879e-38 3.27667e-34 0
4192.5 3.34507e-38 3.63082e-34 0
4195 2.93345e-38 2.87074e-34 0
4197.5 2.31045e-38 1.8972e-34 0
4200 2.54981e-38 3.01199e-34 0
4202.5 2.97812e-38 2.10709e-34 0
4205 2.15272e-38 1.77999e-34 0
4207.5 4.94952e-38 3.95957e-34 0
4210 3.24155e-38 3.08495e-34 0
4212.5 4.49875e-38 6.15171e-34 0
4215 4.8041e-38 3.25257e-34 0
4217.5 3.87069e-38 3.16094e-34 0
4220 1.8531e-38 1.09011e-34 0
4222.5 1.68047e-38 2.39254e-34 0
4225 2.9093e-38 3.41984e-34 0
4227.5 2.51672e-38 2.85969e-34 0
4230 2.74518e-38 2.46397e-34 0
4232.5 3.05076e-38 3.78847e-34 0
4235 2.16258e-38 1.99587e-34 0
4237.5 1.79221e-38 2.77676e-34 0
4240 1.687e-38 1.20424e-34 0
4242.5 1.93189e-38 2.2825e-34 0
4245 2.2924e-38 2.01303e-34 0
4247.5 2.75848e-38 3.37247e-34 0
4250 2.69291e-38 3.87256e-34 0
4252.5 2.70187e-38 3.59235e-34 0
4255 2.50842e-38 1.6183e-34 0
4257.5 1.72741e-38 1.47447e-34 0
4260 2.9769e-38 2.20894e-34 0
4262.5 1.88339e-38 3.30052e-34 0
4265 2.64163e-38 2.08061e-34 0
4267.5 3.46022e-38 3.00044e-34 0
4270 2.82597e-38 2.20443e-34 0
4272.5 1.95631e-38 2.91976e-34 0
4275 2.2853e-38 2.17933e-34 0
4277.5 1.11905e-38 1.57086e-34 0
4280 2.10672e-38 1.36142e-34 0
4282.5 1.66805e-38 1.58102e-34 0
4285 2.4954e-38 2.45911e-34 0
4287.5 2.19164e-38 3.07957e-34 0
4290 1.50557e-38 1.34518e-34 0
4292.5 2.47792e-38 1.21281e-34 0
4295 1.95483e-38 1.84336e-34 0
4297.5 2.67759e-38 3.15365e-34 0
4300 2.24654e-38 2.68926e-34 0
4302.5 1.34136e-38 1.11298e-34 0
4305 2.46425e-38 1.63342e-34 0
4307.5 2.46748e-38 2.07394e-34 0
4310 2.10342e-38 2.63785e-34 0
4312.5 2.44426e-38 2.00987e-34 0
4315 2.17649e-38 2.87853e-34 0
4317.5 2.511e-38 1.59065e-34 0
4320 1.72548e-38 1.68315e-34 0
4322.5 2.35765e-38 2.44773e-34 0
4325 1.39374e-38 1.86608e-34 0
4327.5 1.61305e-38 1.70296e-34 0
4330 3.45869e-38 2.39239e-34 0
4332.5 2.88014e-38 2.8614e-34 0
4335 2.73888e-38 3.69852e-34 0
4337.5 3.72027e-38 2.55737e-34 0
4340 3.11492e-38 2.59062e-34 0
4342.5 3.45531e-38 2.86955e-34 0
4345 3.35201e-38 4.11745e-34 0
4347.5 4.37261e-38 4.16972e-34 0
4350 2.346e-38 2.73781e-34 0
4352.5 1.87681e-38 1.2621e-34 0
4355 3.71602e-38 3.13081e-34 0
4357.5 2.51926e-38 2.21231e-34 0
4360 3.71654e-38 4.72007e-34 0
4362.5 3.02662e-38 1.88907e-34 0
4365 2.36029e-38 2.54703e-34 0
4367.5 4.36596e-38 3.38027e-34 0
4370 3.02382e-38 4.90372e-34 0
4372.5 2.64102e-38 3.03233e-34 0
4375 2.14248e-38 2.08215e-34 0
4377.5 2.36945e-38 1.44325e-34 0
4380 1.47266e-38 1.99225e-34 0
4382.5 1.68149e-38 2.58758e-34 0
4385 2.11299e-38 2.63357e-34 0
4387.5 2.94171e-38 2.96671e-34 0
4390 1.97641e-38 1.93657e-34 0
4392.5 1.29598e-38 2.00426e-34 0
4395 2.11482e-38 2.42068e-34 0
4397.5 2.11036e-38 1.92178e-34 0
4400 1.94943e-38 1.59179e-34 0
4402.5 1.25486e-38 2.1608e-34 0
4405 3.58121e-38 3.93195e-34 0
4407.5 2.57139e-38 3.13617e-34 0
4410 2.33193e-38 1.6751e-34 0
4412.5 2.46051e-38 1.14733e-34 0
4415 3.08414e-38 3.0914e-34 0
4417.5 2.25548e-38 1.98267e-34 0
4420 2.35178e-38 3.49488e-34 0
4422.5 2.24656e-38 1.81329e-34 0
4425 3.21477e-38 3.46104e-34 0
4427.5 1.61495e-38 1.88194e-34 0
4430 2.69289e-38 3.38422e-34 0
4432.5 2.39692e-38 1.42991e-34 0
4435 2.74341e-38 1.86596e-34 0
4437.5 2.50192e-38 1.1168e-34 0
4440 2.2981e-38 2.97513e-34 0
4442.5 2.60396e-38 3.13616e-34 0
4445 3.74181e-38 2.34245e-34 0
4447.5 1.31229e-38 1.66344e-34 0
4450 2.11532e-38 2.76247e-34 0
4452.5 2.75649e-38 3.2786e-34 0
4455 2.26379e-38 1.98027e-34 0
4457.5 3.60846e-38 2.41826e-34 0
4460 2.26308e-38 1.85631e-34 0
4462.5 2.00032e-38 3.71777e-34 0
4465 2.52793e-38 1.39789e-34 0
4467.5 2.29184e-38 3.51447e-34 0
4470 3.33196e-38 2.44769e-34 0
4472.5 3.79567e-38 4.12965e-34 0
4475 2.25882e-38 3.1317e-34 0
4477.5 2.60498e-38 3.05101e-34 0
4480 3.36432e-38 2.69358e-34 0
4482.5 1.53937e-38 1.53321e-34 0
4485 1.14123e-38 1.01926e-34 0
4487.5 1.55261e-38 2.51606e-34 0
4490 2.58296e-38 1.51473e-34 0
4492.5 2.63481e-38 2.22842e-34 0
4495 2.91788e-38 2.30307e-34 0
4497.5 2.4885e-38 2.80795e-34 0
4500 1.8791e-38 2.9839e-34 0
4502.5 1.94964e-38 1.92021e-34 0
4505 1.7527e-38 1.74066e-34 0
4507.5 1.52273e-38 1.83552e-34 0
4510 2.93414e-38 2.14879e-34 0
4512.5 1.69025e-38 1.68112e-34 0
4515 1.88789e-38 1.07493e-34 0
4517.5 2.09296e-38 1.96915e-34 0
4520 2.97317e-38 2.02697e-34 0
4522.5 2.45159e-38 2.62242e-34 0
4525 1.69341e-38 1.66368e-34 0
4527.5 2.01678e-38 2.28328e-34 0
4530 2.22008e-38 1.73181e-34 0
4532.5 2.56949e-38 2.22359e-34 0
4535 2.64923e-38 1.75336e-34 0
4537.5 2.39271e-38 1.91644e-34 0
4540 2.29546e-38 1.73114e-34 0
4542.5 2.03843e-38 2.59833e-34 0
4545 1.73789e-38 1.10842e-34 0
4547.5 1.88725e-38 2.2799e-34 0
4550 2.06898e-38 1.02318e-34 0
4552.5 1.99076e-38 2.036e-34 0
4555 2.19644e-38 1.01902e-34 0
4557.5 2.59266e-38 2.2311e-34 0
4560 3.5612e-38 3.2095e-34 0
4562.5 2.08096e-38 2.26793e-34 0
4565 3.01673e-38 1.77517e-34 0
4567.5 1.72052e-38 1.80808e-34 0
4570 2.09276e-38 1.74279e-34 0
4572.5 3.98129e-38 2.42388e-34 0
4575 1.90576e-38 1.59105e-34 0
4577.5 3.96236e-38 2.7937e-34 0
4580 2.93007e-38 3.23797e-34 0
4582.5 1.95297e-38 1.27011e-34 0
4585 4.15488e-38 2.70284e-34 0
4587.5 1.63849e-38 1.44201e-34 0
4590 2.37313e-38 2.30313e-34 0
4592.5 3.05103e-38 1.36666e-34 0
4595 2.00967e-38 2.64266e-34 0
4597.5 4.09096e-38 2.82084e-34 0
4600 3.01952e-38 3.77042e-34 0
4602.5 2.75134e-38 1.84078e-34 0
4605 3.08294e-38 2.56858e-34 0
4607.5 2.2492e-38 1.59928e-34 0
4610 3.41221e-38 2.20008e-34 0
4612.5 1.73617e-38 2.09066e-34 0
4615 2.48984e-38 2.726e-34 0
4617.5 3.70419e-38 2.483e-34 0
4620 1.38964e-38 1.25255e-34 0
4622.5 2.40628e-38 1.04387e-34 0
4625 2.27024e-38 2.76711e-34 0
4627.5 2.46382e-38 1.7075e-34 0
4630 3.37288e-38 1.45151e-34 0
4632.5 1.70823e-38 1.46181e-34 0
4635 3.23969e-38 1.75073e-34 0
4637.5 2.20373e-38 2.73031e-34 0
4640 2.06926e-38 1.47022e-34 0
4642.5 3.96517e-38 1.29469e-34 0
4645 1.8087e-38 1.75615e-34 0
4647.5 2.36336e-38 1.55184e-34 0
4650 2.64348e-38 2.13076e-34 0
4652.5 1.31569e-38 1.25024e-34 0
4655 3.55557e-38 2.13759e-34 0
4657.5 3.05119e-38 2.11105e-34 0
4660 2.63949e-38 1.68742e-34 0
4662.5 2.82909e-38 1.77077e-34 0
4665 2.12825e-38 2.00439e-34 0
4667.5 2.44393e-38 1.51375e-34 0
4670 1.95439e-38 1.4534e-34 0
4672.5 2.35221e-38 1.5294e-34 0
4675 2.78853e-38 1.56631e-34 0
4677.5 1.93117e-38 1.47818e-34 0
4680 3.16303e-38 2.23651e-34 0
4682.5 2.17616e-38 1.93892e-34 0
4685 1.94507e-38 1.51358e-34 0
4687.5 2.67464e-38 1.91457e-34 0
4690 1.56812e-38 9.20229e-35 0
4692.5 1.61598e-38 1.99905e-34 0
4695 1.92424e-38 8.07953e-35 0
4697.5 1.78587e-38 1.8552e-34 0
4700 1.92944e-38 1.62602e-34 0
4702.5 1.57528e-38 1.54661e-34 0
4705 1.2378e-38 1.10909e-34 0
4707.5 1.7449e-38 1.33482e-34 0
4710 1.71517e-38 1.47621e-34 0
4712.5 2.17145e-38 2.10175e-34 0
4715 2.00063e-38 1.22194e-34 0
4717.5 2.55399e-38 1.87373e-34 0
4720 2.65768e-38 1.78174e-34 0
4722.5 2.24554e-38 1.59338e-34 0
4725 1.78874e-38 9.11104e-35 0
4727.5 9.77589e-39 1.19105e-34 0
4730 2.95609e-38 2.21423e-34 0
4732.5 2.20584e-38 1.87232e-34 0
4735 2.78124e-38 2.01932e-34 0
4737.5 2.88566e-38 1.99935e-34 0
4740 1.37959e-38 1.21032e-34 0
4742.5 1.89193e-38 1.87026e-34 0
4745 8.87469e-39 5.1134e-35 0
4747.5 1.43503e-38 1.04979e-34 0
4750 1.44558e-38 6.03299e-35 0
4752.5 2.02771e-38 1.59799e-34 0
4755 2.85131e-38 2.33611e-34 0
4757.5 2.42006e-38 1.85214e-34 0
4760 2.7196e-38 1.96869e-34 0
4762.5 2.19912e-38 1.6313e-34 0
4765 2.94481e-38 1.50343e-34 0
4767.5 2.08016e-38 1.86997e-34 0
4770 2.50502e-38 1.54738e-34 0
4772.5 2.84529e-38 1.65387e-34 0
4775 2.44994e-38 1.53904e-34 0
4777.5 2.49484e-38 1.41277e-34 0
4780 1.91427e-38 1.1486e-34 0
4782.5 3.89919e-38 1.40588e-34 0
4785 2.28171e-38 1.08836e-34 0
4787.5 2.65964e-38 1.85472e-34 0
4790 2.38438e-38 1.51863e-34 0
4792.5 2.79359e-38 2.46909e-34 0
4795 3.95595e-38 1.86738e-34 0
4797.5 1.86469e-38 1.64653e-34 0
4800 2.80694e-38 1.18139e-34 0
4802.5 3.01605e-38 2.13235e-34 0
4805 2.53988e-38 1.85043e-34 0
4807.5 4.27183e-38 1.4187e-34 0
4810 1.7431e-38 1.52621e-34 0
4812.5 2.34494e-38 2.38288e-34 0
4815 3.70543e-38 2.6176e-34 0
4817.5 2.05519e-38 1.47679e-34 0
4820 4.80981e-38 1.62009e-34 0
4822.5 1.65036e-38 2.09831e-34 0
4825 2.01019e-38 2.75363e-34 0
4827.5 4.4879e-38 1.4722e-34 0
4830 1.85993e-38 1.68895e-34 0
4832.5 3.80437e-38 8.70709e-35 0
4835 1.5206e-38 1.45819e-34 0
4837.5 1.93238e-38 1.55385e-34 0
4840 6.64877e-38 2.42515e-34 0
4842.5 1.57322e-38 1.23016e-34 0
4845 2.99919e-38 1.37069e-34 0
4847.5 2.2985e-38 1.08986e-34 0
4850 1.08976e-38 1.07208e-34 0
4852.5 5.18222e-38 1.92244e-34 0
4855 2.69665e-38 1.52293e-34 0
4857.5 2.22733e-38 1.59377e-34 0
4860 3.13783e-38 1.51771e-34 0
4862.5 2.63856e-38 1.62594e-34 0
4865 5.60654e-38 1.94472e-34 0
4867.5 2.71349e-38 1.5399e-34 0
4870 2.47557e-38 1.26424e-34 0
4872.5 4.43781e-38 2.2519e-34 0
4875 1.46941e-38 1.26792e-34 0
4877.5 7.13293e-38 2.14908e-34 0
4880 2.28588e-38 1.95576e-34 0
4882.5 2.67187e-38 1.8271e-34 0
4885 6.28485e-38 3.1835e-34 0
4887.5 3.4933e-38 1.49892e-34 0
4890 6.95036e-38 2.59662e-34 0
4892.5 3.93745e-38 2.5275e-34 0
4895 2.65733e-38 2.71945e-34 0
4897.5 7.77891e-38 2.61995e-34 0
4900 3.37866e-38 2.61316e-34 0
4902.5 6.36929e-38 1.80523e-34 0
4905 1.91478e-38 1.69026e-34 0
4907.5 2.09693e-38 1.78868e-34 0
4910 7.49372e-38 2.83787e-34 0
4912.5 3.36628e-38 2.32856e-34 0
4915 4.27603e-38 2.25793e-34 0
4917.5 4.52625e-38 2.09761e-34 0
4920 2.52918e-38 2.5333e-34 0
4922.5 5.71742e-38 1.29432e-34 0
4925 2.40736e-38 2.45791e-34 0
4927.5 3.31182e-38 1.9037e-34 0
4930 3.11397e-38 2.01221e-34 0
4932.5 2.07671e-38 2.11454e-34 0
4935 5.90128e-38 2.34738e-34 0
4937.5 1.79687e-38 1.22887e-34 0
4940 1.93641e-38 1.58479e-34 0
4942.5 4.0756e-38 1.81209e-34 0
4945 2.07379e-38 2.25303e-34 0
4947.5 4.67632e-38 2.12835e-34 0
4950 1.86181e-38 1.55738e-34 0
4952.5 1.83491e-38 1.54572e-34 0
4955 3.80313e-38 1.7398e-34 0
4957.5 2.47846e-38 1.76405e-34 0
4960 4.1233e-38 1.74651e-34 0
4962.5 1.6887e-38 1.45486e-34 0
4965 1.5473e-38 1.09868e-34 0
4967.5 3.75684e-38 2.14912e-34 0
4970 1.79158e-38 1.43453e-34 0
4972.5 3.55791e-38 1.47799e-34 0
4975 2.17349e-38 1.61147e-34 0
4977.5 1.4623e-38 1.02439e-34 0
4980 3.48085e-38 1.65183e-34 0
4982.5 1.77416e-38 1.35195e-34 0
4985 2.49511e-38 1.46434e-34 0
4987.5 2.77439e-38 1.8171e-34 0
4990 2.06418e-38 1.81541e-34 0
4992.5 4.74647e-38 1.72098e-34 0
4995 2.15202e-38 1.56919e-34 0
4997.5 3.68312e-38 2.11277e-34 0
