0 0 0 0 0 0
2.5 0 0 3.21955e-47 3.60262e-33 0
5 0 0 3.36063e-46 2.86327e-34 0
7.5 0 0 4.98767e-46 1.08848e-33 0
10 0 0 4.03337e-47 8.24806e-32 0
12.5 0 0 2.61093e-45 2.80997e-33 0
15 0 0 2.98162e-46 4.45855e-33 0
17.5 0 0 9.04376e-46 3.6442e-32 0
20 0 0 1.02071e-44 1.88177e-33 0
22.5 0 0 5.29094e-46 9.98758e-33 0
25 0 0 2.73107e-45 3.75134e-33 0
27.5 0 0 2.91857e-44 6.97507e-33 0
30 0 0 1.79373e-45 1.06961e-33 0
32.5 0 0 1.28368e-45 8.81568e-33 0
35 0 0 3.84279e-46 1.53278e-32 0
37.5 0 0 2.06469e-45 1.60803e-31 0
40 0 0 2.24733e-45 1.16643e-32 0
42.5 0 0 6.37142e-46 1.58786e-33 0
45 0 0 8.6279e-48 4.69609e-32 0
47.5 0 0 3.42431e-44 2.20536e-33 0
50 0 0 9.29247e-46 3.45475e-32 0
52.5 0 0 5.42225e-45 4.90662e-34 0
55 0 0 1.70981e-44 2.13677e-32 0
57.5 0 0 5.07009e-46 8.55237e-32 0
60 0 0 1.15501e-44 3.13375e-33 0
62.5 0 0 3.055e-45 5.19451e-32 0
65 0 0 7.04903e-45 9.81598e-32 0
67.5 0 0 8.78832e-46 7.83013e-33 0
70 0 0 8.06785e-46 1.1973e-32 0
72.5 0 0 6.29283e-45 3.41373e-32 0
75 0 0 3.77054e-44 1.71119e-32 0
77.5 0 0 8.67747e-45 3.52359e-32 0
80 0 0 1.64708e-46 3.59518e-32 0
82.5 0 0 1.35571e-44 5.20539e-33 0
85 0 0 3.56839e-45 1.3593e-31 0
87.5 0 0 1.34092e-44 5.78573e-32 0
90 0 0 1.26521e-44 1.30956e-32 0
92.5 0 0 2.0741e-45 1.26413e-31 0
95 0 0 1.02208e-44 1.23688e-33 0
97.5 0 0 1.93686e-45 3.42559e-32 0
100 0 0 1.39036e-44 5.43078e-32 0
102.5 0 0 2.21799e-44 6.57853e-32 0
105 0 0 6.56036e-45 5.10808e-33 0
107.5 0 0 5.882e-45 8.16354e-33 0
110 0 0 2.63473e-44 7.35706e-32 0
112.5 0 0 1.48814e-44 4.48888e-32 0
115 0 0 2.23871e-45 5.4886e-32 0
117.5 0 0 1.32665e-44 2.66268e-33 0
120 0 0 2.10959e-45 1.42714e-31 0
122.5 0 0 1.04217e-44 1.17299e-32 0
125 0 0 1.70675e-44 5.87224e-32 0
127.5 0 0 4.3486e-45 1.73749e-31 0
130 0 0 2.1088e-44 1.09084e-32 0
132.5 0 0 1.96293e-46 3.31647e-32 0
135 0 0 9.92927e-45 4.73733e-32 0
137.5 0 0 5.34071e-44 3.30836e-32 0
140 0 0 9.10159e-45 7.94504e-32 0
142.5 0 0 8.68206e-46 1.32833e-32 0
145 0 0 2.14225e-45 5.62752e-33 0
147.5 0 0 1.01174e-44 1.73955e-31 0
150 0 0 5.20353e-45 6.55014e-32 0
152.5 0 0 1.97881e-44 3.24151e-33 0
155 0 0 8.95929e-46 1.34433e-31 0
157.5 0 0 3.62586e-44 3.09087e-32 0
160 0 0 9.20716e-45 8.04649e-34 0
162.5 0 0 1.33827e-45 9.84969e-32 0
165 0 0 6.1057e-44 3.192e-33 0
167.5 0 0 2.41166e-46 1.05532e-31 0
170 0 0 4.61846e-46 6.88525e-33 0
172.5 0 0 1.05624e-44 1.50884e-32 0
175 0 0 3.57837e-45 3.60051e-31 0
177.5 0 0 1.33315e-44 3.331e-32 0
180 0 0 3.77615e-45 1.89239e-32 0
182.5 0 0 3.60219e-45 2.45374e-32 0
185 0 0 6.88274e-44 2.58475e-32 0
187.5 0 0 7.59494e-45 6.8028e-32 0
190 0 0 3.25928e-45 3.11617e-32 0
192.5 0 0 3.47039e-44 6.76637e-33 0
195 0 0 4.11098e-45 1.24035e-31 0
197.5 0 0 5.34281e-45 1.54965e-32 0
200 0 0 1.93682e-44 4.20606e-34 0
202.5 0 0 1.31051e-45 3.84469e-31 0
205 0 0 1.68108e-44 9.8852e-33 0
207.5 0 0 2.90795e-45 1.65117e-32 0
210 0 0 2.23202e-46 1.08363e-31 0
212.5 0 0 8.92125e-44 6.06799e-33 0
215 0 0 1.63432e-47 5.95293e-32 0
217.5 0 0 3.78168e-45 1.75203e-32 0
220 0 0 2.45229e-44 1.28308e-33 0
222.5 0 0 1.03705e-45 2.70296e-31 0
225 0 0 2.49845e-44 1.5649e-32 0
227.5 0 0 5.52683e-45 5.54383e-32 0
230 0 0 5.6947e-45 1.70962e-31 0
232.5 0 0 2.50197e-44 2.6872e-32 0
235 0 0 3.66542e-45 1.06364e-31 0
237.5 0 0 1.14953e-44 4.84192e-32 0
240 0 0 7.06135e-44 2.42107e-32 0
242.5 0 0 4.69631e-45 2.33068e-32 0
245 0 0 4.06828e-45 4.06306e-33 0
247.5 0 0 3.08823e-44 8.60004e-33 0
250 0 0 5.69427e-45 3.58426e-31 0
252.5 0 0 2.16287e-44 2.35829e-32 0
255 0 0 5.01749e-46 2.80477e-32 0
257.5 0 0 6.51286e-46 2.57777e-31 0
260 0 0 4.04464e-44 1.91423e-32 0
262.5 0 0 3.58585e-45 1.10325e-31 0
265 0 0 1.55723e-44 3.60018e-33 0
267.5 0 0 6.26457e-44 1.19795e-32 0
270 0 0 1.52172e-45 4.15568e-32 0
272.5 0 0 2.387e-44 9.32346e-33 0
275 0 0 1.88688e-44 1.03643e-31 0
277.5 0 0 1.64306e-44 2.2032e-31 0
280 0 0 2.67489e-45 5.07276e-32 0
282.5 0 0 1.99078e-45 4.00869e-32 0
285 0 0 1.2653e-44 2.31541e-31 0
287.5 0 0 3.80965e-44 6.68499e-32 0
290 0 0 1.53438e-44 6.00107e-32 0
292.5 0 0 1.4408e-45 1.91323e-33 0
295 0 0 7.48573e-44 2.02054e-34 0
297.5 0 0 6.58907e-45 8.45601e-32 0
300 0 0 2.63959e-44 7.35462e-32 0
302.5 0 0 8.56891e-45 8.21917e-32 0
305 0 0 4.76914e-45 3.65623e-31 0
307.5 0 0 1.09487e-45 2.16348e-33 0
310 0 0 8.06962e-45 6.8626e-32 0
312.5 0 0 2.37581e-44 1.05948e-31 0
315 0 0 5.07609e-44 5.57488e-32 0
317.5 0 0 9.34677e-45 1.9615e-32 0
320 0 0 5.19481e-45 5.64212e-34 0
322.5 0 0 6.35026e-44 6.41322e-32 0
325 0 0 2.46689e-44 5.55417e-32 0
327.5 0 0 8.42694e-45 1.39868e-31 0
330 0 0 3.66707e-45 9.40314e-34 0
332.5 0 0 2.78858e-45 4.18967e-31 0
335 0 0 9.32945e-46 6.36158e-32 0
337.5 0 0 3.13796e-44 3.92993e-32 0
340 0 0 7.72777e-45 8.57285e-32 0
342.5 0 0 8.04045e-44 2.24839e-32 0
345 0 0 1.52548e-45 3.41843e-33 0
347.5 0 0 8.89689e-45 7.13447e-32 0
350 0 0 4.38231e-44 8.50522e-32 0
352.5 0 0 1.49266e-44 2.38997e-31 0
355 0 0 8.69192e-45 2.64286e-32 0
357.5 0 0 6.1057e-45 3.19768e-32 0
360 0 0 1.33676e-44 2.41296e-31 0
362.5 0 0 1.89194e-44 6.45641e-32 0
365 0 0 3.04181e-44 3.84287e-32 0
367.5 0 0 3.13752e-45 7.42544e-32 0
370 0 0 7.28812e-44 1.17567e-32 0
372.5 0 0 1.67447e-44 1.87697e-32 0
375 0 0 1.43337e-45 2.13189e-31 0
377.5 0 0 3.05722e-44 2.95087e-33 0
380 0 0 2.36593e-45 3.34017e-31 0
382.5 0 0 9.42863e-45 5.29485e-32 0
385 0 0 3.59446e-44 9.65656e-34 0
387.5 0 0 3.83486e-45 1.90774e-31 0
390 0 0 5.31365e-44 3.69901e-32 0
392.5 0 0 1.042e-44 4.26594e-32 0
395 0 0 6.69273e-45 8.51412e-32 0
397.5 0 0 4.63367e-44 4.43972e-32 0
400 0 0 1.36367e-44 1.59757e-31 0
402.5 0 0 1.3429e-44 9.94441e-32 0
405 0 0 2.84873e-44 5.00276e-32 0
407.5 0 0 9.13298e-45 1.55534e-31 0
410 0 0 1.59712e-44 6.15367e-32 0
412.5 0 0 4.45038e-44 2.0702e-32 0
415 0 0 3.23397e-45 2.0989e-31 0
417.5 0 0 4.50355e-44 8.23724e-33 0
420 0 0 1.65988e-44 5.6115e-32 0
422.5 0 0 2.24457e-45 2.62561e-31 0
425 0 0 3.40773e-44 6.19909e-33 0
427.5 0 0 4.18621e-46 2.21459e-31 0
430 0 0 1.72828e-44 6.62208e-32 0
432.5 0 0 6.16815e-44 2.30603e-32 0
435 0 0 4.22189e-45 8.45956e-32 0
437.5 0 0 4.06553e-44 1.64087e-32 0
440 0 0 1.75368e-44 6.76925e-32 0
442.5 0 0 1.0857e-44 2.21521e-31 0
445 0 0 1.34486e-44 3.64112e-32 0
447.5 0 0 1.83687e-44 1.12999e-31 0
450 0 0 1.74757e-44 1.87609e-31 0
452.5 0 0 4.07827e-44 5.7173e-32 0
455 0 0 6.37404e-45 7.75336e-32 0
457.5 0 0 6.86871e-45 1.08879e-31 0
460 0 0 7.62362e-44 2.45663e-32 0
462.5 0 0 7.15864e-45 1.18093e-31 0
465 0 0 3.63102e-44 3.31763e-33 0
467.5 0 0 1.40396e-44 5.76222e-32 0
470 0 0 3.19184e-45 4.18739e-31 0
472.5 0 0 3.29958e-45 3.33141e-32 0
475 0 0 6.50114e-45 1.488e-31 0
477.5 0 0 2.41511e-44 3.52338e-32 0
480 0 0 8.73269e-44 2.94575e-32 0
482.5 0 0 4.42085e-45 3.22785e-32 0
485 0 0 1.56949e-44 5.95163e-32 0
487.5 0 0 3.45349e-44 8.86755e-32 0
490 0 0 1.82361e-44 1.94612e-31 0
492.5 0 0 1.56768e-44 2.35388e-32 0
495 0 0 2.25618e-44 1.19886e-32 0
497.5 0 0 1.21203e-44 3.9869e-31 0
500 0 0 1.13755e-44 9.24112e-32 0
502.5 0 0 8.8152e-45 7.97958e-32 0
505 0 0 4.78898e-45 7.05439e-32 0
507.5 0 0 1.18291e-43 1.83264e-33 0
510 0 0 8.97491e-45 1.87825e-32 0
512.5 0 0 1.72534e-44 5.82349e-32 0
515 0 0 5.53326e-45 9.32936e-32 0
517.5 0 0 5.57013e-45 4.31859e-31 0
520 0 0 1.72693e-44 6.20724e-33 0
522.5 0 0 2.05443e-44 3.61594e-32 0
525 0 0 2.27704e-44 1.07632e-31 0
527.5 0 0 5.48048e-44 6.82769e-32 0
530 0 0 3.75749e-45 1.36927e-31 0
532.5 0 0 2.83783e-45 6.77397e-32 0
535 0 0 7.28239e-44 4.02892e-32 0
537.5 0 0 2.58415e-44 5.89087e-32 0
540 0 0 1.6074e-44 8.49331e-32 0
542.5 0 0 8.35733e-45 1.53052e-32 0
545 0 0 3.47547e-45 4.94706e-31 0
547.5 0 0 1.68253e-44 8.37894e-32 0
550 0 0 2.6703e-44 8.6296e-33 0
552.5 0 0 9.25464e-45 3.16592e-32 0
555 0 0 9.68471e-44 2.69914e-32 0
557.5 0 0 5.08432e-45 1.4396e-31 0
560 0 0 3.92241e-45 9.71561e-32 0
562.5 0 0 1.91515e-44 5.89788e-32 0
565 0 0 1.58202e-44 2.37602e-31 0
567.5 0 0 3.9697e-44 2.68993e-32 0
570 0 0 1.77052e-44 5.44467e-32 0
572.5 0 0 1.3843e-44 1.989e-31 0
575 0 0 2.59111e-44 9.61009e-32 0
577.5 0 0 2.12638e-44 9.90009e-32 0
580 0 0 1.25885e-44 5.15195e-32 0
582.5 0 0 6.92105e-44 4.86412e-32 0
585 0 0 2.64179e-44 1.00772e-31 0
587.5 0 0 1.68857e-45 1.65172e-31 0
590 0 0 7.31159e-45 1.48391e-32 0
592.5 0 0 9.28483e-45 3.17957e-31 0
595 0 0 4.27785e-44 9.68517e-32 0
597.5 0 0 3.70901e-44 3.69502e-32 0
600 0 0 3.02328e-45 6.0977e-32 0
602.5 0 0 4.86835e-44 3.7306e-32 0
605 0 0 1.91973e-44 1.67688e-31 0
607.5 0 0 2.04421e-44 1.1284e-31 0
610 0 0 2.20734e-44 4.87699e-32 0
612.5 0 0 1.93765e-44 1.34644e-31 0
615 0 0 2.53264e-44 1.10658e-31 0
617.5 0 0 2.04523e-44 8.18359e-32 0
620 0 0 2.27562e-44 1.29503e-31 0
622.5 0 0 2.36272e-44 1.638e-31 0
625 0 0 3.64636e-44 4.31046e-32 0
627.5 0 0 5.65107e-45 7.96472e-32 0
630 0 0 3.80257e-44 6.9317e-32 0
632.5 0 0 4.61016e-44 1.13524e-31 0
635 0 0 9.89654e-45 2.10031e-31 0
637.5 0 0 1.05726e-44 7.36549e-33 0
640 0 0 3.60984e-45 1.63762e-31 0
642.5 0 0 3.24288e-44 1.54515e-31 0
645 0 0 5.21824e-44 9.01669e-32 0
647.5 0 0 1.41835e-44 6.73577e-32 0
650 0 0 2.14589e-44 4.56812e-32 0
652.5 0 0 2.62919e-44 9.32086e-32 0
655 0 0 1.84276e-44 1.6295e-31 0
657.5 0 0 2.11705e-44 8.6518e-32 0
660 0 0 4.39324e-44 5.42679e-32 0
662.5 0 0 1.62991e-44 1.60519e-31 0
665 0 0 2.12999e-44 4.31187e-32 0
667.5 0 0 1.51559e-44 9.83566e-32 0
670 0 0 8.86626e-45 2.96409e-31 0
672.5 0 0 5.68837e-44 4.23863e-32 0
675 0 0 6.19782e-45 8.27248e-32 0
677.5 0 0 2.05513e-44 7.29256e-33 0
680 0 0 5.40057e-44 6.60896e-32 0
682.5 0 0 7.91793e-45 2.83754e-31 0
685 0 0 2.71641e-44 5.4771e-32 0
687.5 0 0 1.00844e-44 4.94145e-32 0
690 0 0 2.11572e-44 1.14838e-31 0
692.5 0 0 5.45775e-44 4.32636e-32 0
695 0 0 1.5829e-44 1.841e-31 0
697.5 0 0 6.43512e-46 1.78372e-31 0
700 0 0 2.72766e-44 5.79524e-32 0
702.5 0 0 1.20147e-44 1.14592e-31 0
705 0 0 3.58583e-44 2.42786e-32 0
707.5 0 0 6.7647e-44 1.19113e-32 0
710 0 0 6.4577e-45 2.43047e-31 0
712.5 0 0 2.39034e-44 6.21533e-32 0
715 0 0 1.44379e-46 6.42612e-32 0
717.5 0 0 8.97811e-45 2.60027e-31 0
720 0 0 6.98637e-44 1.1776e-33 0
722.5 0 0 1.06291e-44 2.15068e-31 0
725 0 0 9.4528e-46 4.15718e-32 0
727.5 0 0 3.22636e-44 5.99197e-32 0
730 0 0 3.54837e-45 2.19108e-31 0
732.5 0 0 7.0091e-44 2.34433e-32 0
735 0 0 3.44626e-44 1.34548e-32 0
737.5 0 0 1.14295e-44 8.97639e-32 0
740 0 0 2.71752e-44 4.63138e-32 0
742.5 0 0 8.31967e-46 2.54292e-31 0
745 0 0 1.58569e-44 2.2673e-31 0
747.5 0 0 3.78469e-44 2.83821e-32 0
750 0 0 1.6457e-44 1.14619e-31 0
752.5 0 0 1.85376e-44 8.89321e-33 0
755 0 0 5.09648e-44 7.57597e-32 0
757.5 0 0 7.03509e-45 2.2496e-31 0
760 0 0 6.10135e-44 6.11635e-32 0
762.5 0 0 9.49161e-45 6.6073e-33 0
765 0 0 7.85675e-45 1.48192e-31 0
767.5 0 0 3.82763e-44 3.69407e-32 0
770 0 0 8.35913e-45 3.47263e-31 0
772.5 0 0 1.80178e-44 9.62596e-32 0
775 0 0 2.26039e-44 1.79801e-32 0
777.5 0 0 1.06591e-44 8.17135e-32 0
780 0 0 6.25463e-44 2.11383e-32 0
782.5 0 0 3.3041e-44 1.51662e-31 0
785 0 0 1.70351e-44 1.06429e-31 0
787.5 0 0 2.41979e-44 7.83251e-32 0
790 0 0 5.3616e-45 1.04222e-31 0
792.5 0 0 3.01771e-44 1.61783e-31 0
795 0 0 2.48322e-44 1.23288e-31 0
797.5 0 0 2.49948e-44 2.05677e-31 0
800 0 0 6.70154e-45 5.13012e-32 0
802.5 0 0 3.34336e-44 3.26365e-32 0
805 0 0 2.27721e-44 8.663e-32 0
807.5 0 0 6.5153e-44 1.19104e-31 0
810 0 0 1.33862e-44 1.23728e-31 0
812.5 0 0 3.16097e-45 1.23246e-31 0
815 0 0 1.10201e-44 4.58766e-32 0
817.5 0 0 2.49506e-44 2.05845e-31 0
820 0 0 4.79498e-44 7.6617e-32 0
822.5 0 0 2.31433e-44 1.02439e-31 0
825 0 0 1.55081e-44 7.30171e-32 0
827.5 0 0 1.89886e-44 7.3674e-32 0
830 0 0 2.3486e-44 1.3203e-31 0
832.5 0 0 4.83863e-44 7.69339e-32 0
835 0 0 2.51909e-44 1.80169e-31 0
837.5 0 0 8.29028e-45 5.13739e-32 0
840 0 0 6.33133e-45 1.35724e-31 0
842.5 0 0 1.13267e-44 1.65038e-31 0
845 0 0 6.15069e-44 1.25385e-31 0
847.5 0 0 2.47333e-44 4.05103e-32 0
850 0 0 3.72808e-44 1.50023e-32 0
852.5 0 0 1.16671e-44 4.02228e-32 0
855 0 0 2.4009e-44 2.20671e-31 0
857.5 0 0 1.28825e-44 1.51026e-31 0
860 0 0 3.20909e-44 1.80122e-31 0
862.5 0 0 5.14799e-45 5.84192e-32 0
865 0 0 2.7273e-44 5.42614e-32 0
867.5 0 0 2.32353e-44 6.44088e-32 0
870 0 0 3.59991e-44 2.11606e-31 0
872.5 0 0 5.20759e-44 3.93974e-32 0
875 0 0 7.85035e-45 4.80688e-32 0
877.5 0 0 2.35247e-44 1.3538e-32 0
880 0 0 3.84814e-44 1.00187e-31 0
882.5 0 0 8.75192e-45 3.67285e-31 0
885 0 0 8.02179e-45 4.96723e-32 0
887.5 0 0 5.13669e-45 1.99155e-31 0
890 0 0 8.78859e-45 5.46326e-32 0
892.5 0 0 7.69679e-44 3.87396e-32 0
895 0 0 1.16875e-44 4.24534e-32 0
897.5 0 0 6.59669e-44 1.06796e-31 0
900 0 0 1.34745e-44 2.12903e-32 0
902.5 0 0 6.33918e-45 1.69616e-31 0
905 0 0 8.94699e-45 2.92029e-32 0
907.5 0 0 3.76544e-44 2.92971e-31 0
910 0 0 9.58412e-45 2.22291e-31 0
912.5 0 0 1.065e-44 1.42327e-32 0
915 0 0 1.7953e-45 6.54261e-32 0
917.5 0 0 4.1983e-44 1.17069e-31 0
920 0 0 8.51782e-44 7.36866e-32 0
922.5 0 0 7.92052e-46 2.73883e-32 0
925 0 0 4.44111e-44 2.77178e-32 0
927.5 0 0 1.00666e-44 5.82043e-32 0
930 0 0 1.36061e-44 3.55143e-31 0
932.5 0 0 7.30705e-45 1.75449e-34 0
935 0 0 1.26116e-44 3.44957e-31 0
937.5 0 0 1.00612e-44 5.71485e-32 0
940 0 0 4.78533e-44 2.75051e-32 0
942.5 0 0 5.83648e-46 1.32276e-32 0
945 0 0 8.60146e-44 7.18896e-32 0
947.5 0 0 3.84394e-44 1.1981e-31 0
950 0 0 7.35566e-46 6.50894e-32 0
952.5 0 0 7.96142e-45 1.2785e-32 0
955 0 0 1.48065e-44 2.14609e-31 0
957.5 0 0 4.42575e-44 2.81323e-31 0
960 0 0 3.55597e-45 2.33654e-32 0
962.5 0 0 3.4554e-45 1.49604e-31 0
965 0 0 1.46154e-44 4.89651e-32 0
967.5 0 0 6.74283e-44 1.46299e-31 0
970 0 0 1.28201e-44 6.86937e-33 0
972.5 0 0 7.14511e-44 2.53678e-32 0
975 0 0 1.28447e-44 6.88743e-32 0
977.5 0 0 6.69351e-45 1.97167e-31 0
980 0 0 6.13074e-47 5.71326e-32 0
982.5 0 0 8.59807e-45 3.24469e-31 0
985 0 0 5.11537e-44 9.6547e-32 0
987.5 0 0 2.32037e-44 6.85951e-33 0
990 0 0 6.88211e-45 3.21498e-32 0
992.5 0 0 4.00791e-44 5.34398e-32 0
995 0 0 3.41753e-44 2.75642e-31 0
997.5 0 0 2.33011e-44 3.08457e-32 0
1000 0 0 2.5693e-44 1.48245e-32 0
1002.5 0 0 1.45691e-44 4.23319e-32 0
1005 0 0 4.48729e-44 1.80386e-31 0
1007.5 0 0 1.49347e-45 1.86242e-31 0
1010 0 0 8.67545e-45 1.97792e-31 0
1012.5 0 0 1.82658e-44 6.60538e-32 0
1015 0 0 3.98733e-44 3.296e-32 0
1017.5 0 0 3.73327e-44 2.07189e-32 0
1020 0 0 4.18924e-44 7.43386e-32 0
1022.5 0 0 1.07236e-44 2.28354e-31 0
1025 0 0 5.58639e-45 1.26609e-31 0
1027.5 0 0 1.17841e-44 6.34747e-32 0
1030 0 0 2.38639e-44 7.68317e-32 0
1032.5 0 0 6.64164e-44 4.87555e-32 0
1035 0 0 1.98287e-44 1.72522e-31 0
1037.5 0 0 3.56533e-45 9.26906e-32 0
1040 0 0 2.99459e-45 1.02847e-31 0
1042.5 0 0 1.72326e-44 1.61409e-31 0
1045 0 0 6.95968e-44 5.58441e-32 0
1047.5 0 0 2.19224e-44 8.2863e-32 0
1050 0 0 1.37129e-44 7.1998e-32 0
1052.5 0 0 4.27678e-45 1.16598e-31 0
1055 0 0 1.49814e-44 2.41693e-31 0
1057.5 0 0 3.89651e-44 5.40521e-32 0
1060 0 0 3.6914e-44 3.10188e-32 0
1062.5 0 0 3.59121e-44 3.69379e-32 0
1065 0 0 2.08342e-44 9.55592e-32 0
1067.5 0 0 2.80097e-45 1.72922e-31 0
1070 0 0 2.76657e-45 1.60236e-31 0
1072.5 0 0 4.71382e-44 1.55102e-31 0
1075 0 0 2.22903e-44 2.88696e-32 0
1077.5 0 0 2.71872e-44 1.04951e-32 0
1080 0 0 1.999e-44 1.79999e-32 0
1082.5 0 0 3.20131e-44 3.13882e-31 0
1085 0 0 2.90983e-44 7.30011e-32 0
1087.5 0 0 9.40765e-45 5.9098e-32 0
1090 0 0 1.52545e-44 5.7218e-33 0
1092.5 0 0 5.84697e-44 1.18144e-31 0
1095 0 0 8.49122e-45 2.30389e-31 0
1097.5 0 0 7.33133e-45 7.00171e-32 0
1100 0 0 1.04634e-44 1.46683e-31 0
1102.5 0 0 2.52509e-44 1.07101e-31 0
1105 0 0 5.12011e-44 2.96158e-32 0
1107.5 0 0 9.84837e-45 2.14625e-32 0
1110 0 0 4.94593e-44 1.60957e-31 0
1112.5 0 0 1.25168e-44 1.21288e-31 0
1115 0 0 6.35697e-45 1.2261e-31 0
1117.5 0 0 3.29333e-45 1.18237e-32 0
1120 0 0 5.42004e-44 1.95328e-31 0
1122.5 0 0 3.2547e-44 1.39053e-31 0
1125 0 0 9.97393e-45 2.75391e-32 0
1127.5 0 0 3.63012e-45 4.22299e-32 0
1130 0 0 2.90625e-44 1.9585e-31 0
1132.5 0 0 5.25042e-44 1.3182e-31 0
1135 0 0 2.23683e-45 3.43148e-32 0
1137.5 0 0 2.9819e-44 5.58536e-32 0
1140 0 0 2.93137e-44 8.35008e-32 0
1142.5 0 0 2.28092e-44 1.97853e-31 0
1145 0 0 1.15605e-44 8.4205e-34 0
1147.5 0 0 2.02096e-44 2.05997e-31 0
1150 0 0 3.2069e-44 9.59819e-32 0
1152.5 0 0 2.48313e-44 5.43129e-32 0
1155 0 0 5.24e-45 4.84489e-32 0
1157.5 0 0 4.26684e-44 1.11807e-31 0
1160 0 0 2.79479e-44 2.3375e-31 0
1162.5 0 0 4.59319e-45 3.33825e-32 0
1165 0 0 1.43591e-44 5.28685e-32 0
1167.5 0 0 3.05899e-44 8.31479e-32 0
1170 0 0 5.95215e-44 1.57178e-31 0
1172.5 0 0 7.06807e-45 2.78108e-32 0
1175 0 0 1.10404e-44 1.15352e-31 0
1177.5 0 0 9.28306e-45 1.46179e-31 0
1180 0 0 3.0652e-44 1.69089e-31 0
1182.5 0 0 1.56748e-44 6.65564e-32 0
1185 0 0 3.51476e-44 3.15082e-32 0
1187.5 0 0 3.4416e-44 1.2372e-31 0
1190 0 0 1.11606e-44 6.78354e-32 0
1192.5 0 0 2.38308e-44 9.90624e-32 0
1195 0 0 7.41898e-45 1.09881e-31 0
1197.5 0 0 6.43778e-44 1.19222e-31 0
1200 0 0 6.53528e-45 1.85612e-32 0
1202.5 0 0 1.92127e-44 1.23379e-31 0
1205 0 0 5.53906e-45 8.65494e-32 0
1207.5 0 0 1.87312e-44 2.99915e-31 0
1210 0 0 2.48777e-44 2.57985e-32 0
1212.5 0 0 2.70544e-44 4.06829e-32 0
1215 0 0 3.61797e-44 2.20162e-32 0
1217.5 0 0 3.78153e-44 5.88472e-32 0
1220 0 0 1.73067e-44 1.89562e-31 0
1222.5 0 0 5.0744e-46 8.40732e-32 0
1225 0 0 2.99137e-44 1.79311e-31 0
1227.5 0 0 9.01437e-45 2.12882e-32 0
1230 0 0 4.25354e-44 1.40814e-31 0
1232.5 0 0 6.47354e-45 1.78946e-32 0
1235 0 0 3.11458e-44 2.43363e-31 0
1237.5 0 0 6.36627e-45 2.00378e-32 0
1240 0 0 4.1352e-44 1.02355e-31 0
1242.5 0 0 1.85403e-44 4.00096e-34 0
1245 0 0 5.53749e-44 6.13828e-32 0
1247.5 0 0 6.64283e-45 1.63286e-31 0
1250 0 0 4.04254e-45 1.41412e-31 0
1252.5 0 0 1.0476e-44 1.48155e-31 0
1255 0 0 4.4176e-45 1.0631e-31 0
1257.5 0 0 6.4069e-44 7.8948e-32 0
1260 0 0 1.25518e-44 2.06398e-33 0
1262.5 0 0 4.04411e-44 1.35067e-31 0
1265 0 0 2.52394e-45 1.71178e-32 0
1267.5 0 0 3.56754e-44 2.28943e-31 0
1270 0 0 7.87625e-45 7.50573e-33 0
1272.5 0 0 3.74158e-44 1.45065e-31 0
1275 0 0 5.63464e-45 6.19765e-32 0
1277.5 0 0 2.21021e-44 1.88454e-31 0
1280 0 0 9.52972e-45 7.44741e-32 0
1282.5 0 0 2.14243e-44 1.11377e-31 0
1285 0 0 4.43872e-44 3.56491e-32 0
1287.5 0 0 3.516e-44 1.15899e-32 0
1290 0 0 2.49126e-44 1.16148e-31 0
1292.5 0 0 1.15726e-44 3.72544e-32 0
1295 0 0 1.58832e-44 2.63262e-31 0
1297.5 0 0 3.6014e-45 7.33904e-32 0
1300 0 0 3.13746e-44 1.40623e-31 0
1302.5 0 0 2.34238e-45 4.48113e-32 0
1305 0 0 4.94723e-44 1.18712e-31 0
1307.5 0 0 1.30899e-44 5.2403e-32 0
1310 0 0 3.76059e-44 8.22323e-32 0
1312.5 0 0 2.58329e-44 2.16425e-32 0
1315 0 0 3.46922e-44 9.67749e-32 0
1317.5 0 0 1.26099e-44 1.19043e-31 0
1320 0 0 4.89276e-45 1.33814e-31 0
1322.5 0 0 9.35231e-45 1.83223e-31 0
1325 0 0 7.05035e-45 1.42394e-31 0
1327.5 0 0 3.77542e-44 5.16348e-32 0
1330 0 0 1.97768e-44 4.51249e-32 0
1332.5 0 0 4.30838e-44 4.83437e-32 0
1335 0 0 3.11635e-44 3.14628e-32 0
1337.5 0 0 1.91297e-44 1.20016e-31 0
1340 0 0 2.9457e-44 3.97545e-32 0
1342.5 0 0 1.14684e-44 1.45747e-31 0
1345 0 0 9.01024e-45 1.47353e-31 0
1347.5 0 0 7.73661e-45 1.39065e-31 0
1350 0 0 5.66332e-45 1.74729e-31 0
1352.5 0 0 2.78665e-44 6.58693e-32 0
1355 0 0 3.79409e-44 2.62883e-32 0
1357.5 0 0 4.14624e-44 5.14422e-33 0
1360 0 0 3.22612e-44 3.34507e-32 0
1362.5 0 0 2.69093e-44 9.48786e-32 0
1365 0 0 2.62394e-45 1.54183e-31 0
1367.5 0 0 2.06584e-44 1.48918e-31 0
1370 0 0 4.89053e-45 9.64806e-32 0
1372.5 0 0 1.36867e-44 1.67773e-31 0
1375 0 0 2.04191e-44 4.07249e-32 0
1377.5 0 0 2.19964e-44 1.99031e-31 0
1380 0 0 2.36327e-44 5.04587e-33 0
1382.5 0 0 4.3543e-44 2.65898e-32 0
1385 0 0 2.3727e-44 2.62259e-32 0
1387.5 0 0 4.66123e-44 5.0811e-32 0
1390 0 0 7.73219e-45 1.32399e-31 0
1392.5 0 0 7.05281e-46 1.50034e-31 0
1395 0 0 1.31809e-44 1.57082e-31 0
1397.5 0 0 3.53307e-45 1.07916e-31 0
1400 0 0 3.49053e-44 1.15985e-31 0
1402.5 0 0 1.68933e-44 3.62277e-33 0
1405 0 0 4.31897e-44 1.51678e-31 0
1407.5 0 0 6.76119e-45 8.69042e-34 0
1410 0 0 4.20908e-44 1.01696e-31 0
1412.5 0 0 4.46255e-45 2.99166e-32 0
1415 0 0 4.81879e-44 1.4716e-31 0
1417.5 0 0 4.14129e-45 6.05257e-32 0
1420 0 0 7.71477e-45 1.73594e-31 0
1422.5 0 0 1.36067e-44 6.16711e-32 0
1425 0 0 1.75942e-44 1.69588e-31 0
1427.5 0 0 3.67957e-44 7.3223e-32 0
1430 0 0 1.94435e-44 1.17585e-32 0
1432.5 0 0 2.95178e-44 1.23114e-31 0
1435 0 0 1.56875e-44 1.15793e-32 0
1437.5 0 0 3.20216e-44 1.88404e-31 0
1440 0 0 4.55557e-45 1.10314e-32 0
1442.5 0 0 3.771e-44 1.8007e-31 0
1445 0 0 3.17011e-45 4.63042e-33 0
1447.5 0 0 3.21091e-44 1.55298e-31 0
1450 0 0 4.10316e-45 2.30698e-32 0
1452.5 0 0 4.11277e-44 1.56929e-31 0
1455 0 0 8.30154e-45 9.86622e-32 0
1457.5 0 0 2.27816e-44 6.88208e-32 0
1460 0 0 6.40186e-45 9.29467e-32 0
1462.5 0 0 2.32682e-44 8.61844e-32 0
1465 0 0 4.49126e-44 1.1354e-31 0
1467.5 0 0 8.36783e-45 3.18342e-32 0
1470 0 0 3.17291e-44 6.82779e-32 0
1472.5 0 0 3.93427e-45 3.3607e-32 0
1475 0 0 4.01509e-44 2.06124e-31 0
1477.5 0 0 5.47514e-45 3.40025e-32 0
1480 0 0 3.03411e-44 1.32452e-31 0
1482.5 0 0 4.21489e-46 5.61505e-32 0
1485 0 0 2.68125e-44 1.62064e-31 0
1487.5 0 0 6.2001e-45 7.29586e-32 0
1490 0 0 1.78183e-44 1.36905e-31 0
1492.5 0 0 4.55091e-44 1.70895e-32 0
1495 0 0 2.82212e-44 3.31289e-32 0
1497.5 0 0 2.81266e-44 1.43386e-32 0
1500 0 0 1.81401e-44 3.34027e-32 0
1502.5 0 0 1.59705e-44 2.94395e-31 0
1505 0 0 9.33215e-45 8.18535e-32 0
1507.5 0 0 6.13178e-45 1.29956e-31 0
1510 0 0 2.01044e-45 2.34137e-32 0
1512.5 0 0 5.40073e-44 1.27841e-31 0
1515 0 0 1.14592e-44 1.17234e-31 0
1517.5 0 0 1.76184e-44 6.30191e-32 0
1520 0 0 2.20105e-44 1.0638e-33 0
1522.5 0 0 3.62238e-44 8.11854e-32 0
1525 0 0 4.21024e-44 2.80961e-32 0
1527.5 0 0 1.58979e-44 2.76096e-32 0
1530 0 0 1.10937e-45 2.45669e-31 0
1532.5 0 0 1.08691e-45 1.4284e-31 0
1535 0 0 1.86907e-45 1.61298e-31 0
1537.5 0 0 1.89774e-45 3.92406e-32 0
1540 0 0 7.20821e-44 3.05775e-32 0
1542.5 0 0 2.36293e-44 1.008e-31 0
1545 0 0 1.72969e-44 4.45225e-33 0
1547.5 0 0 1.07506e-44 1.70237e-33 0
1550 0 0 1.91228e-44 1.95851e-31 0
1552.5 0 0 6.05705e-44 5.04255e-32 0
1555 0 0 1.77015e-45 3.13624e-32 0
1557.5 0 0 1.17583e-45 1.22527e-31 0
1560 0 0 9.57358e-45 1.32109e-31 0
1562.5 0 0 3.83406e-45 2.8647e-31 0
1565 0 0 7.40243e-45 1.49109e-32 0
1567.5 0 0 4.8974e-44 2.08229e-32 0
1570 0 0 3.37909e-44 1.72159e-32 0
1572.5 0 0 3.99474e-44 5.59831e-33 0
1575 0 0 5.55862e-45 3.1e-32 0
1577.5 0 0 1.24972e-44 2.17443e-31 0
1580 0 0 3.84816e-44 1.07753e-31 0
1582.5 0 0 1.9631e-45 4.96373e-32 0
1585 0 0 3.5959e-45 5.73859e-32 0
1587.5 0 0 2.71343e-44 9.37539e-32 0
1590 0 0 1.28893e-44 3.24384e-31 0
1592.5 0 0 3.92399e-45 1.20268e-32 0
1595 0 0 2.13428e-44 2.06352e-32 0
1597.5 0 0 2.43757e-44 1.14347e-32 0
1600 0 0 7.45459e-44 1.76959e-32 0
1602.5 0 0 7.50078e-45 5.20556e-32 0
1605 0 0 1.50041e-44 1.18997e-31 0
1607.5 0 0 9.00069e-45 1.08889e-31 0
1610 0 0 1.52047e-45 1.6148e-31 0
1612.5 0 0 1.60418e-44 6.28299e-32 0
1615 0 0 1.80512e-44 1.12014e-31 0
1617.5 0 0 2.4144e-44 1.81769e-31 0
1620 0 0 6.63977e-45 3.75371e-32 0
1622.5 0 0 1.51275e-44 4.0997e-32 0
1625 0 0 2.54813e-44 2.28493e-32 0
1627.5 0 0 6.68603e-44 6.69162e-32 0
1630 0 0 2.47629e-44 8.89116e-33 0
1632.5 0 0 9.46254e-45 6.15623e-32 0
1635 0 0 1.19915e-45 8.15964e-32 0
1637.5 0 0 3.85416e-45 2.5761e-31 0
1640 0 0 1.44985e-44 1.50722e-31 0
1642.5 0 0 5.33195e-45 1.04555e-31 0
1645 0 0 1.54323e-44 5.62521e-32 0
1647.5 0 0 3.1133e-44 8.78938e-33 0
1650 0 0 3.05686e-44 7.34632e-32 0
1652.5 0 0 3.84021e-44 3.34137e-33 0
1655 0 0 3.0851e-44 6.88204e-32 0
1657.5 0 0 1.90822e-44 1.96413e-32 0
1660 0 0 1.29316e-44 8.33446e-32 0
1662.5 0 0 1.1136e-45 1.51222e-31 0
1665 0 0 1.44691e-44 1.82357e-31 0
1667.5 0 0 1.1989e-45 1.86732e-31 0
1670 0 0 3.61222e-45 7.09597e-32 0
1672.5 0 0 1.73539e-44 3.36532e-32 0
1675 0 0 3.43179e-44 1.55733e-32 0
1677.5 0 0 6.06959e-44 3.44436e-32 0
1680 0 0 3.13773e-44 1.36676e-33 0
1682.5 0 0 1.29835e-44 2.9553e-32 0
1685 0 0 1.26142e-45 6.89018e-32 0
1687.5 0 0 1.30819e-44 2.11369e-31 0
1690 0 0 9.30023e-45 1.8972e-31 0
1692.5 0 0 9.18847e-45 7.47058e-32 0
1695 0 0 5.29005e-45 1.00201e-31 0
1697.5 0 0 1.7096e-44 5.63057e-32 0
1700 0 0 3.47198e-44 7.99574e-32 0
1702.5 0 0 1.37858e-44 3.78956e-32 0
1705 0 0 6.45093e-44 5.6296e-33 0
1707.5 0 0 1.66149e-44 6.39971e-34 0
1710 0 0 1.75311e-44 6.53874e-32 0
1712.5 0 0 2.26605e-45 4.43902e-32 0
1715 0 0 4.34595e-45 3.47451e-31 0
1717.5 0 0 1.34482e-44 1.10252e-31 0
1720 0 0 2.66842e-45 5.33925e-32 0
1722.5 0 0 8.30118e-45 1.9829e-32 0
1725 0 0 5.32362e-44 4.03524e-32 0
1727.5 0 0 2.83559e-44 1.50593e-31 0
1730 0 0 4.66799e-45 6.08644e-33 0
1732.5 0 0 3.09109e-44 2.47243e-32 0
1735 0 0 1.22056e-44 5.35222e-32 0
1737.5 0 0 4.29865e-44 9.59324e-32 0
1740 0 0 2.68405e-45 1.0869e-32 0
1742.5 0 0 7.45499e-45 2.77419e-31 0
1745 0 0 1.62519e-45 6.57387e-32 0
1747.5 0 0 1.1194e-44 1.2944e-31 0
1750 0 0 1.08484e-45 6.43857e-33 0
1752.5 0 0 6.92164e-44 4.79105e-32 0
1755 0 0 1.45539e-44 1.17645e-31 0
1757.5 0 0 1.03339e-44 1.05868e-32 0
1760 0 0 6.97519e-45 7.85323e-33 0
1762.5 0 0 1.34626e-44 1.69572e-31 0
1765 0 0 6.24323e-44 5.98891e-32 0
1767.5 0 0 5.18508e-46 1.28291e-32 0
1770 0 0 8.89061e-45 1.09499e-31 0
1772.5 0 0 5.68111e-45 6.53616e-32 0
1775 0 0 1.00878e-44 2.7861e-31 0
1777.5 0 0 3.17677e-45 9.325e-33 0
1780 0 0 4.16343e-44 9.02811e-32 0
1782.5 0 0 9.66416e-45 2.19954e-32 0
1785 0 0 3.60559e-44 2.72501e-32 0
1787.5 0 0 5.62469e-45 7.09396e-33 0
1790 0 0 3.14798e-44 1.75157e-31 0
1792.5 0 0 4.05705e-44 2.64454e-32 0
1795 0 0 5.99889e-45 3.9358e-32 0
1797.5 0 0 5.83996e-46 5.46323e-32 0
1800 0 0 1.88722e-44 1.2836e-31 0
1802.5 0 0 2.58124e-45 3.03989e-31 0
1805 0 0 4.46877e-45 3.16855e-32 0
1807.5 0 0 1.85228e-44 5.34513e-32 0
1810 0 0 1.50045e-44 5.86867e-33 0
1812.5 0 0 6.24331e-44 6.63528e-33 0
1815 0 0 1.26619e-44 3.30369e-32 0
1817.5 0 0 3.63884e-44 9.27481e-32 0
1820 0 0 1.07287e-44 2.10718e-32 0
1822.5 0 0 4.63656e-45 1.21673e-31 0
1825 0 0 4.4895e-45 8.08574e-32 0
1827.5 0 0 1.22783e-44 2.09597e-31 0
1830 0 0 1.50606e-45 1.65696e-31 0
1832.5 0 0 6.73665e-45 5.12325e-32 0
1835 0 0 1.80155e-44 3.96674e-33 0
1837.5 0 0 3.97959e-44 1.30908e-32 0
1840 0 0 5.16077e-44 5.17689e-33 0
1842.5 0 0 2.38011e-44 1.7484e-32 0
1845 0 0 1.48451e-44 6.35706e-32 0
1847.5 0 0 4.41564e-45 7.22516e-32 0
1850 0 0 7.8694e-46 1.75269e-31 0
1852.5 0 0 7.25867e-45 1.39704e-31 0
1855 0 0 4.59932e-45 1.82366e-31 0
1857.5 0 0 1.59126e-45 7.41796e-32 0
1860 0 0 1.94997e-44 1.50726e-32 0
1862.5 0 0 2.88977e-44 1.07232e-32 0
1865 0 0 6.13218e-44 4.83974e-35 0
1867.5 0 0 2.79685e-44 8.05042e-33 0
1870 0 0 1.56229e-44 2.0008e-32 0
1872.5 0 0 7.24357e-46 8.28868e-32 0
1875 0 0 3.76795e-45 2.10778e-31 0
1877.5 0 0 8.61348e-45 1.33602e-31 0
1880 0 0 1.41706e-45 1.48749e-31 0
1882.5 0 0 6.7734e-45 6.89915e-32 0
1885 0 0 1.8959e-44 6.04983e-32 0
1887.5 0 0 2.10969e-44 3.42643e-32 0
1890 0 0 4.45805e-44 7.87076e-33 0
1892.5 0 0 4.27249e-44 1.27215e-32 0
1895 0 0 2.15407e-44 3.27373e-33 0
1897.5 0 0 6.70716e-45 4.00018e-32 0
1900 0 0 3.19478e-46 1.45757e-31 0
1902.5 0 0 8.80344e-45 2.45045e-31 0
1905 0 0 5.37671e-45 1.00365e-31 0
1907.5 0 0 2.84654e-45 8.6438e-32 0
1910 0 0 1.28753e-44 1.18305e-32 0
1912.5 0 0 4.0086e-44 7.64713e-32 0
1915 0 0 1.50738e-44 6.04484e-32 0
1917.5 0 0 4.2494e-44 2.12931e-33 0
1920 0 0 1.35093e-44 1.25347e-32 0
1922.5 0 0 2.32717e-44 5.37458e-32 0
1925 0 0 1.62372e-44 3.05515e-32 0
1927.5 0 0 5.71032e-46 2.07498e-31 0
1930 0 0 1.11244e-44 1.21129e-31 0
1932.5 0 0 4.01301e-46 1.15862e-31 0
1935 0 0 2.69254e-45 7.2009e-32 0
1937.5 0 0 2.91473e-44 1.12342e-32 0
1940 0 0 2.93364e-44 9.78128e-32 0
1942.5 0 0 2.30246e-44 2.46544e-32 0
1945 0 0 2.65699e-44 1.16244e-32 0
1947.5 0 0 5.49405e-45 2.64063e-32 0
1950 0 0 2.89094e-44 7.66978e-32 0
1952.5 0 0 1.75336e-44 6.57091e-32 0
1955 0 0 6.61383e-45 1.70044e-31 0
1957.5 0 0 1.94897e-45 4.3744e-32 0
1960 0 0 6.36431e-45 1.17763e-31 0
1962.5 0 0 5.78632e-45 1.05266e-31 0
1965 0 0 3.62549e-44 4.81429e-32 0
1967.5 0 0 1.04147e-44 7.53011e-32 0
1970 0 0 2.56965e-44 3.64188e-33 0
1972.5 0 0 2.6118e-44 2.53511e-33 0
1975 0 0 1.25278e-44 7.87726e-32 0
1977.5 0 0 3.42295e-44 3.63358e-32 0
1980 0 0 6.02526e-45 1.11194e-31 0
1982.5 0 0 6.12021e-45 1.20559e-31 0
1985 0 0 2.26402e-45 5.35617e-32 0
1987.5 0 0 4.59407e-45 1.46899e-31 0
1990 0 0 2.27827e-44 7.65352e-32 0
1992.5 0 0 2.55309e-44 7.97089e-32 0
1995 0 0 8.10904e-45 2.69127e-32 0
1997.5 0 0 2.19878e-44 4.63318e-33 0
2000 0 0 2.77562e-44 4.34858e-32 0
2002.5 0 0 2.97341e-44 8.07337e-32 0
2005 0 0 2.44132e-44 1.99093e-32 0
2007.5 0 0 8.74327e-46 8.66547e-32 0
2010 0 0 6.74499e-46 1.29282e-31 0
2012.5 0 0 8.44512e-45 1.22326e-31 0
2015 0 0 1.35592e-45 1.4965e-31 0
2017.5 0 0 2.57315e-44 2.52571e-32 0
2020 0 0 2.58347e-44 3.81949e-32 0
2022.5 0 0 1.58378e-44 2.53363e-32 0
2025 0 0 2.45869e-44 2.93484e-33 0
2027.5 0 0 1.63605e-44 1.06928e-31 0
2030 0 0 3.02904e-44 6.1532e-32 0
2032.5 0 0 1.56282e-44 3.05168e-32 0
2035 0 0 6.70406e-46 5.15861e-32 0
2037.5 0 0 1.13948e-44 1.23311e-31 0
2040 0 0 3.92963e-45 1.84143e-31 0
2042.5 0 0 4.82538e-45 1.07444e-31 0
2045 0 0 1.16189e-44 1.06204e-32 0
2047.5 0 0 3.24462e-44 7.38584e-33 0
2050 0 0 3.31088e-44 2.15544e-32 0
2052.5 0 0 2.07108e-44 3.04127e-32 0
2055 0 0 8.16807e-45 7.35725e-32 0
2057.5 0 0 1.16501e-44 1.01521e-31 0
2060 0 0 1.71689e-44 5.75802e-32 0
2062.5 0 0 8.85022e-45 4.5518e-32 0
2065 0 0 1.75396e-44 8.62337e-32 0
2067.5 0 0 7.29278e-45 1.37588e-31 0
2070 0 0 3.77669e-45 1.15865e-31 0
2072.5 0 0 3.65977e-45 3.0239e-32 0
2075 0 0 2.6399e-44 3.32382e-32 0
2077.5 0 0 4.24371e-44 4.10423e-34 0
2080 0 0 2.48746e-44 4.6845e-32 0
2082.5 0 0 5.6953e-45 2.18505e-32 0
2085 0 0 4.62896e-45 1.09072e-31 0
2087.5 0 0 9.38365e-45 1.2229e-31 0
2090 0 0 2.3215e-44 6.79042e-32 0
2092.5 0 0 7.14625e-45 5.00664e-32 0
2095 0 0 1.60056e-44 6.34066e-32 0
2097.5 0 0 7.36701e-45 1.16479e-31 0
2100 0 0 4.76879e-45 1.05581e-31 0
2102.5 0 0 1.66161e-44 3.33687e-32 0
2105 0 0 2.85458e-44 2.20459e-32 0
2107.5 0 0 3.70202e-44 1.33826e-32 0
2110 0 0 1.50687e-44 8.70241e-33 0
2112.5 0 0 8.11727e-45 7.66905e-32 0
2115 0 0 3.79892e-45 1.32928e-31 0
2117.5 0 0 1.90786e-44 1.32963e-31 0
2120 0 0 1.62548e-45 3.94505e-32 0
2122.5 0 0 1.13875e-44 5.48486e-32 0
2125 0 0 1.66051e-44 6.39414e-32 0
2127.5 0 0 1.79869e-44 1.44535e-31 0
2130 0 0 1.03294e-44 6.7479e-33 0
2132.5 0 0 2.02221e-44 2.28772e-32 0
2135 0 0 3.05851e-44 6.95761e-33 0
2137.5 0 0 3.45053e-44 3.49159e-32 0
2140 0 0 3.84046e-45 5.40443e-32 0
2142.5 0 0 4.74766e-45 9.75445e-32 0
2145 0 0 3.6297e-45 1.66616e-31 0
2147.5 0 0 3.06417e-45 9.85086e-32 0
2150 0 0 7.99258e-45 5.24394e-32 0
2152.5 0 0 1.3825e-44 4.0187e-32 0
2155 0 0 3.60352e-44 8.7001e-32 0
2157.5 0 0 1.3838e-44 4.34601e-33 0
2160 0 0 2.16107e-44 7.34412e-33 0
2162.5 0 0 1.46666e-44 1.26544e-32 0
2165 0 0 3.37222e-44 1.18535e-31 0
2167.5 0 0 4.4548e-46 4.80365e-32 0
2170 0 0 8.31361e-46 1.06906e-31 0
2172.5 0 0 4.40349e-46 1.00072e-31 0
2175 0 0 1.43966e-44 1.55581e-31 0
2177.5 0 0 7.23491e-45 2.75686e-32 0
2180 0 0 1.31481e-44 2.12174e-32 0
2182.5 0 0 3.3221e-44 2.42597e-32 0
2185 0 0 3.43626e-44 1.79647e-32 0
2187.5 0 0 1.62866e-44 1.29782e-32 0
2190 0 0 7.35178e-45 9.83742e-33 0
2192.5 0 0 1.57127e-44 1.68268e-31 0
2195 0 0 3.60101e-46 1.0398e-31 0
2197.5 0 0 1.80497e-45 9.84811e-32 0
2200 0 0 2.89062e-46 3.56284e-32 0
2202.5 0 0 3.36479e-44 1.21014e-31 0
2205 0 0 1.00324e-44 2.47776e-32 0
2207.5 0 0 1.86415e-44 1.87205e-32 0
2210 0 0 1.26233e-44 1.98629e-32 0
2212.5 0 0 3.94044e-44 7.17267e-32 0
2215 0 0 1.43558e-44 1.08325e-32 0
2217.5 0 0 5.32436e-45 4.20866e-32 0
2220 0 0 7.66214e-45 1.11135e-31 0
2222.5 0 0 2.00417e-45 1.73365e-31 0
2225 0 0 3.98197e-45 7.79608e-32 0
2227.5 0 0 4.69207e-45 1.754e-32 0
2230 0 0 3.56154e-44 5.61264e-32 0
2232.5 0 0 2.64096e-44 6.7467e-33 0
2235 0 0 1.617e-44 4.20846e-32 0
2237.5 0 0 3.06273e-45 3.20663e-32 0
2240 0 0 1.96627e-44 1.29562e-31 0
2242.5 0 0 1.12043e-44 3.46483e-32 0
2245 0 0 1.30821e-44 5.51634e-32 0
2247.5 0 0 1.08114e-44 4.43969e-32 0
2250 0 0 1.48784e-44 1.26664e-31 0
2252.5 0 0 4.44583e-46 7.87654e-32 0
2255 0 0 1.33822e-44 4.24864e-32 0
2257.5 0 0 2.04043e-44 4.61794e-32 0
2260 0 0 3.15739e-44 1.19931e-32 0
2262.5 0 0 1.49895e-44 3.15344e-32 0
2265 0 0 4.46266e-45 6.37014e-32 0
2267.5 0 0 7.14887e-45 1.15445e-31 0
2270 0 0 5.06369e-45 8.68854e-32 0
2272.5 0 0 2.03802e-44 3.73294e-32 0
2275 0 0 1.81602e-44 2.68345e-32 0
2277.5 0 0 2.22374e-44 3.91751e-32 0
2280 0 0 5.07867e-45 5.55199e-32 0
2282.5 0 0 8.01715e-45 9.89821e-32 0
2285 0 0 1.29777e-44 7.75194e-32 0
2287.5 0 0 1.44937e-44 5.87966e-32 0
2290 0 0 1.41242e-44 2.07924e-33 0
2292.5 0 0 1.64026e-44 7.21848e-32 0
2295 0 0 9.7708e-45 8.53906e-32 0
2297.5 0 0 1.04221e-44 7.2316e-32 0
2300 0 0 1.08959e-44 3.08728e-32 0
2302.5 0 0 2.67037e-44 4.82574e-32 0
2305 0 0 1.59272e-44 1.69162e-32 0
2307.5 0 0 1.21635e-44 6.28087e-32 0
2310 0 0 8.86517e-46 1.06895e-31 0
2312.5 0 0 1.4108e-44 1.18123e-31 0
2315 0 0 2.52481e-45 4.6408e-32 0
2317.5 0 0 1.34566e-44 1.05787e-32 0
2320 0 0 2.91434e-44 2.54797e-32 0
2322.5 0 0 1.9213e-44 9.0844e-32 0
2325 0 0 1.32998e-44 2.27255e-32 0
2327.5 0 0 6.55552e-46 3.34723e-32 0
2330 0 0 2.05436e-44 1.02508e-31 0
2332.5 0 0 1.67535e-44 4.12703e-32 0
2335 0 0 5.92357e-45 8.28024e-32 0
2337.5 0 0 1.00247e-45 3.7205e-32 0
2340 0 0 1.96275e-44 1.40543e-31 0
2342.5 0 0 2.44524e-45 2.92681e-32 0
2345 0 0 2.13065e-44 1.61229e-32 0
2347.5 0 0 2.05538e-44 1.26229e-32 0
2350 0 0 3.20536e-44 9.66664e-32 0
2352.5 0 0 3.42371e-45 3.28746e-33 0
2355 0 0 1.12667e-45 4.71955e-32 0
2357.5 0 0 1.27237e-44 1.15037e-31 0
2360 0 0 2.09577e-44 9.15775e-32 0
2362.5 0 0 4.7395e-46 6.47987e-32 0
2365 0 0 1.17454e-45 1.68757e-33 0
2367.5 0 0 2.81171e-44 1.06061e-31 0
2370 0 0 9.83691e-45 4.63459e-32 0
2372.5 0 0 2.62946e-44 2.01614e-33 0
2375 0 0 4.93548e-45 1.06954e-32 0
2377.5 0 0 3.0674e-44 1.07908e-31 0
2380 0 0 1.26987e-45 1.31072e-32 0
2382.5 0 0 2.46188e-46 9.16558e-32 0
2385 0 0 1.44939e-44 6.17812e-32 0
2387.5 0 0 2.08869e-44 1.29801e-31 0
2390 0 0 2.39388e-46 1.24955e-32 0
2392.5 0 0 7.3751e-45 1.09895e-34 0
2395 0 0 2.29106e-44 1.07401e-31 0
2397.5 0 0 2.0368e-44 5.94574e-32 0
2400 0 0 1.52764e-44 2.194e-33 0
2402.5 0 0 9.84898e-46 4.65507e-33 0
2405 0 0 2.54506e-44 1.17543e-31 0
2407.5 0 0 5.20873e-45 4.27115e-32 0
2410 0 0 1.32922e-45 1.06907e-31 0
2412.5 0 0 1.13141e-44 2.56052e-32 0
2415 0 0 2.43294e-44 9.63678e-32 0
2417.5 0 0 2.20102e-45 4.77174e-34 0
2420 0 0 1.79575e-44 5.39216e-33 0
2422.5 0 0 1.36482e-44 1.17167e-31 0
2425 0 0 1.83096e-44 6.96136e-32 0
2427.5 0 0 3.47101e-45 3.39516e-34 0
2430 0 0 1.2659e-45 2.66245e-32 0
2432.5 0 0 3.34227e-44 9.69436e-32 0
2435 0 0 7.03393e-45 6.74288e-32 0
2437.5 0 0 3.87056e-45 4.69079e-32 0
2440 0 0 6.3709e-45 1.66114e-32 0
2442.5 0 0 2.48942e-44 1.0451e-31 0
2445 0 0 1.02931e-44 4.09525e-33 0
2447.5 0 0 1.30865e-44 3.2223e-32 0
2450 0 0 1.16406e-44 9.71314e-32 0
2452.5 0 0 1.13175e-44 9.2423e-32 0
2455 0 0 5.74642e-46 1.13418e-32 0
2457.5 0 0 6.90951e-45 3.92537e-32 0
2460 0 0 3.55485e-44 9.77816e-32 0
2462.5 0 0 1.05119e-44 3.80834e-32 0
2465 0 0 2.3623e-46 1.64424e-32 0
2467.5 0 0 6.85939e-45 1.79292e-32 0
2470 0 0 2.78976e-44 1.45077e-31 0
2472.5 0 0 1.30704e-44 1.3377e-32 0
2475 0 0 4.18684e-45 2.35932e-32 0
2477.5 0 0 9.49101e-45 5.44216e-32 0
2480 0 0 1.94486e-44 1.03686e-31 0
2482.5 0 0 1.34506e-45 4.48767e-32 0
2485 0 0 1.27232e-44 1.3237e-32 0
2487.5 0 0 2.40405e-44 1.09222e-31 0
2490 0 0 1.15086e-44 2.85474e-32 0
2492.5 0 0 2.75789e-45 8.07467e-33 0
2495 0 0 3.45446e-45 4.20777e-32 0
2497.5 0 0 3.83456e-44 1.38651e-31 0
2500 0 0 4.58337e-45 2.39686e-32 0
2502.5 0 0 1.42706e-45 2.35192e-33 0
2505 0 0 6.68402e-45 4.14988e-32 0
2507.5 0 0 2.64163e-44 1.48769e-31 0
2510 0 0 6.81014e-45 3.16951e-32 0
2512.5 0 0 5.94287e-45 2.18158e-34 0
2515 0 0 1.6715e-44 7.44677e-32 0
2517.5 0 0 1.47598e-44 5.87151e-32 0
2520 0 0 7.06235e-45 3.52419e-32 0
2522.5 0 0 1.83163e-45 3.79029e-32 0
2525 0 0 3.70426e-44 9.54385e-32 0
2527.5 0 0 4.892e-45 1.37043e-32 0
2530 0 0 4.14158e-45 8.89125e-33 0
2532.5 0 0 7.77402e-45 3.42001e-32 0
2535 0 0 2.11819e-44 1.92224e-31 0
2537.5 0 0 7.82461e-45 9.32201e-33 0
2540 0 0 4.07144e-46 3.02923e-34 0
2542.5 0 0 1.3404e-44 4.15585e-32 0
2545 0 0 2.89678e-44 7.44481e-32 0
2547.5 0 0 2.20333e-45 6.35092e-32 0
2550 0 0 3.61903e-45 1.10229e-32 0
2552.5 0 0 2.13516e-44 7.79498e-32 0
2555 0 0 9.85078e-45 3.23409e-32 0
2557.5 0 0 1.35057e-44 6.78283e-33 0
2560 0 0 4.62267e-45 5.80836e-32 0
2562.5 0 0 1.50523e-44 1.53619e-31 0
2565 0 0 9.26485e-46 1.72595e-32 0
2567.5 0 0 1.70856e-45 1.51552e-32 0
2570 0 0 2.23344e-44 2.64763e-32 0
2572.5 0 0 3.55606e-44 4.50717e-32 0
2575 0 0 1.09758e-45 4.60072e-32 0
2577.5 0 0 6.82539e-46 6.85166e-33 0
2580 0 0 1.0434e-44 1.0325e-31 0
2582.5 0 0 5.77567e-45 8.68087e-32 0
2585 0 0 2.11597e-44 6.18586e-34 0
2587.5 0 0 3.18031e-45 5.50722e-32 0
2590 0 0 1.41919e-44 8.71021e-32 0
2592.5 0 0 4.21074e-45 1.57141e-32 0
2595 0 0 5.53928e-46 6.30628e-32 0
2597.5 0 0 3.1663e-44 2.43037e-32 0
2600 0 0 2.5605e-44 3.10947e-32 0
2602.5 0 0 2.42871e-45 3.61338e-33 0
2605 0 0 2.69205e-45 7.57787e-33 0
2607.5 0 0 8.42456e-45 1.67795e-31 0
2610 0 0 2.61181e-45 1.02254e-31 0
2612.5 0 0 9.52568e-45 7.76531e-33 0
2615 0 0 5.1866e-45 1.51444e-32 0
2617.5 0 0 2.8104e-44 6.0161e-32 0
2620 0 0 1.2369e-44 4.56971e-33 0
2622.5 0 0 1.34331e-45 6.10216e-32 0
2625 0 0 2.43073e-44 4.11061e-32 0
2627.5 0 0 1.50142e-44 4.77828e-32 0
2630 0 0 2.14033e-46 7.86624e-33 0
2632.5 0 0 9.78935e-45 1.4096e-33 0
2635 0 0 1.50111e-44 2.07563e-31 0
2637.5 0 0 1.2232e-45 6.75011e-32 0
2640 0 0 8.42563e-46 2.99228e-33 0
2642.5 0 0 2.18837e-45 3.6282e-33 0
2645 0 0 4.92287e-44 7.96054e-32 0
2647.5 0 0 9.57066e-45 1.06451e-32 0
2650 0 0 3.04944e-45 2.64071e-32 0
2652.5 0 0 7.08228e-45 4.35128e-32 0
2655 0 0 1.4849e-44 1.16929e-31 0
2657.5 0 0 3.25721e-45 1.50183e-32 0
2660 0 0 7.46788e-45 1.25793e-32 0
2662.5 0 0 2.31972e-44 1.28825e-31 0
2665 0 0 6.25348e-45 4.88523e-32 0
2667.5 0 0 3.5986e-46 2.7117e-33 0
2670 0 0 7.36616e-46 8.91573e-33 0
2672.5 0 0 4.73207e-44 1.39e-31 0
2675 0 0 3.74996e-45 1.80934e-33 0
2677.5 0 0 5.98451e-46 2.98475e-33 0
2680 0 0 7.25665e-46 1.06522e-32 0
2682.5 0 0 2.8324e-44 1.7791e-31 0
2685 0 0 3.77076e-45 2.19166e-33 0
2687.5 0 0 1.18704e-45 1.5931e-32 0
2690 0 0 1.67512e-44 5.2602e-32 0
2692.5 0 0 2.17034e-44 7.0671e-32 0
2695 0 0 3.12127e-46 1.77617e-32 0
2697.5 0 0 3.79921e-45 1.53872e-33 0
2700 0 0 2.77891e-44 1.60186e-31 0
2702.5 0 0 2.96349e-45 1.86637e-32 0
2705 0 0 1.12818e-45 5.19582e-33 0
2707.5 0 0 5.85034e-46 3.74794e-34 0
2710 0 0 4.40995e-44 1.5344e-31 0
2712.5 0 0 6.34106e-47 6.12195e-34 0
2715 0 0 6.0654e-46 4.16078e-34 0
2717.5 0 0 4.37845e-45 2.69445e-32 0
2720 0 0 2.83107e-44 1.34241e-31 0
2722.5 0 0 3.70242e-45 6.26332e-33 0
2725 0 0 1.25447e-45 1.82421e-33 0
2727.5 0 0 1.37959e-44 9.29488e-32 0
2730 0 0 1.06446e-44 6.40915e-32 0
2732.5 0 0 2.40542e-45 2.26336e-32 0
2735 0 0 3.47203e-45 1.54004e-33 0
2737.5 0 0 3.93997e-44 9.0431e-32 0
2740 0 0 4.84122e-45 6.49688e-34 0
2742.5 0 0 1.89206e-45 4.71302e-33 0
2745 0 0 3.72561e-46 4.01696e-32 0
2747.5 0 0 1.84533e-44 1.78044e-31 0
2750 0 0 5.3536e-45 2.09488e-33 0
2752.5 0 0 2.40831e-46 6.82099e-34 0
2755 0 0 1.38622e-44 2.82791e-32 0
2757.5 0 0 2.64639e-44 6.03415e-32 0
2760 0 0 3.48359e-46 5.99105e-32 0
2762.5 0 0 6.61187e-45 1.06125e-33 0
2765 0 0 1.94766e-44 7.09329e-32 0
2767.5 0 0 7.92297e-45 2.71777e-32 0
2770 0 0 1.12115e-44 5.23575e-33 0
2772.5 0 0 1.25786e-45 7.66887e-32 0
2775 0 0 1.15392e-44 1.2543e-31 0
2777.5 0 0 3.82833e-46 1.43362e-32 0
2780 0 0 1.69358e-45 1.0998e-32 0
2782.5 0 0 2.31702e-44 2.28301e-32 0
2785 0 0 3.00997e-44 3.83795e-32 0
2787.5 0 0 1.14895e-45 3.79379e-32 0
2790 0 0 1.57686e-45 6.23126e-33 0
2792.5 0 0 1.04551e-44 8.58819e-32 0
2795 0 0 4.30453e-45 7.33179e-32 0
2797.5 0 0 1.66744e-44 1.02968e-33 0
2800 0 0 2.6263e-45 7.39353e-32 0
2802.5 0 0 1.05652e-44 7.80538e-32 0
2805 0 0 3.65627e-45 1.29297e-32 0
2807.5 0 0 4.98685e-46 5.25748e-32 0
2810 0 0 3.46358e-44 2.5933e-32 0
2812.5 0 0 2.06991e-44 1.5546e-32 0
2815 0 0 2.30728e-45 3.15744e-33 0
2817.5 0 0 1.55211e-45 7.47238e-33 0
2820 0 0 1.16647e-44 1.76017e-31 0
2822.5 0 0 2.11723e-45 6.77148e-32 0
2825 0 0 7.73168e-45 7.5546e-33 0
2827.5 0 0 3.82395e-45 1.44005e-32 0
2830 0 0 2.40831e-44 9.84434e-32 0
2832.5 0 0 7.13368e-45 4.63654e-33 0
2835 0 0 1.17196e-45 4.57959e-32 0
2837.5 0 0 2.28898e-44 2.19925e-32 0
2840 0 0 2.09981e-44 3.38836e-32 0
2842.5 0 0 1.01256e-46 3.8367e-33 0
2845 0 0 6.37982e-45 6.11705e-33 0
2847.5 0 0 1.0291e-44 1.75454e-31 0
2850 0 0 2.88978e-45 8.46666e-32 0
2852.5 0 0 2.20844e-45 5.8321e-33 0
2855 0 0 2.54177e-45 5.14869e-33 0
2857.5 0 0 3.78831e-44 6.65885e-32 0
2860 0 0 7.45959e-45 1.97452e-32 0
2862.5 0 0 3.52086e-45 2.12711e-32 0
2865 0 0 8.14051e-45 4.06629e-32 0
2867.5 0 0 1.83814e-44 1.00077e-31 0
2870 0 0 3.83017e-45 4.10327e-33 0
2872.5 0 0 4.77167e-45 1.4602e-32 0
2875 0 0 1.68826e-44 8.62e-32 0
2877.5 0 0 6.29069e-45 6.86078e-32 0
2880 0 0 1.16402e-45 4.05927e-33 0
2882.5 0 0 1.11591e-45 1.64575e-32 0
2885 0 0 2.93198e-44 9.792e-32 0
2887.5 0 0 6.56908e-45 2.18938e-32 0
2890 0 0 8.25628e-46 1.86072e-32 0
2892.5 0 0 8.08538e-45 1.21172e-32 0
2895 0 0 2.41924e-44 9.70319e-32 0
2897.5 0 0 7.30105e-45 3.7658e-33 0
2900 0 0 1.91218e-45 2.01883e-32 0
2902.5 0 0 1.13739e-44 7.69661e-32 0
2905 0 0 9.54648e-45 7.15063e-32 0
2907.5 0 0 1.1482e-45 2.40621e-32 0
2910 0 0 6.34403e-45 1.45355e-33 0
2912.5 0 0 2.36802e-44 9.87514e-32 0
2915 0 0 7.40204e-45 7.20859e-33 0
2917.5 0 0 1.00868e-45 1.8452e-32 0
2920 0 0 4.37865e-45 2.53102e-32 0
2922.5 0 0 2.65665e-44 9.63718e-32 0
2925 0 0 1.51472e-45 1.14539e-32 0
2927.5 0 0 2.40331e-45 2.10369e-33 0
2930 0 0 8.10789e-45 6.26533e-32 0
2932.5 0 0 1.42661e-44 8.2088e-32 0
2935 0 0 4.30509e-45 1.31283e-32 0
2937.5 0 0 3.35693e-45 2.89735e-34 0
2940 0 0 1.90772e-44 8.37235e-32 0
2942.5 0 0 7.71191e-45 3.16503e-32 0
2945 0 0 3.22311e-45 2.74972e-32 0
2947.5 0 0 3.66609e-45 2.67825e-32 0
2950 0 0 2.4372e-44 6.87077e-32 0
2952.5 0 0 1.99333e-45 1.19922e-32 0
2955 0 0 5.0016e-45 5.45372e-33 0
2957.5 0 0 9.06224e-45 6.97058e-32 0
2960 0 0 1.03721e-44 9.21661e-32 0
2962.5 0 0 6.58978e-45 7.35092e-33 0
2965 0 0 7.88207e-47 6.0571e-33 0
2967.5 0 0 2.37758e-44 5.9797e-32 0
2970 0 0 1.00778e-44 1.89843e-32 0
2972.5 0 0 1.49684e-45 4.13355e-32 0
2975 0 0 1.83625e-45 1.25714e-32 0
2977.5 0 0 1.85834e-44 1.17493e-31 0
2980 0 0 1.20317e-45 2.62498e-33 0
2982.5 0 0 8.87482e-45 6.99326e-33 0
2985 0 0 8.65795e-45 3.38639e-32 0
2987.5 0 0 2.15985e-44 8.51265e-32 0
2990 0 0 2.53788e-45 2.51265e-33 0
2992.5 0 0 7.11728e-46 9.908e-33 0
2995 0 0 1.65627e-44 6.82075e-32 0
2997.5 0 0 1.27201e-44 6.09625e-32 0
3000 0 0 4.01767e-46 4.24173e-32 0
3002.5 0 0 3.15214e-46 3.10929e-34 0
3005 0 0 2.11285e-44 9.44062e-32 0
3007.5 0 0 4.3171e-45 1.35926e-32 0
3010 0 0 1.26238e-44 8.73173e-34 0
3012.5 0 0 2.54188e-45 2.85378e-32 0
3015 0 0 2.04697e-44 9.21538e-32 0
3017.5 0 0 8.01132e-47 2.77938e-33 0
3020 0 0 3.57215e-48 3.44346e-32 0
3022.5 0 0 1.5095e-44 4.4172e-32 0
3025 0 0 1.31516e-44 7.03392e-32 0
3027.5 0 0 6.85476e-46 1.5998e-32 0
3030 0 0 2.19853e-45 6.48023e-34 0
3032.5 0 0 1.92751e-44 9.6651e-32 0
3035 0 0 1.04709e-44 2.20088e-32 0
3037.5 0 0 9.45203e-45 7.36109e-33 0
3040 0 0 7.42652e-46 8.19742e-33 0
3042.5 0 0 1.86163e-44 1.04939e-31 0
3045 0 0 3.17365e-46 2.08075e-32 0
3047.5 0 0 1.80618e-45 3.75067e-32 0
3050 0 0 8.73646e-45 2.13855e-32 0
3052.5 0 0 2.00248e-44 6.7001e-32 0
3055 0 0 7.2796e-46 1.41348e-32 0
3057.5 0 0 6.9014e-45 4.95026e-33 0
3060 0 0 1.21791e-44 5.37399e-32 0
3062.5 0 0 1.50008e-44 4.16732e-32 0
3065 0 0 7.19943e-45 9.86808e-33 0
3067.5 0 0 7.03542e-46 2.54956e-32 0
3070 0 0 1.12665e-44 9.61787e-32 0
3072.5 0 0 1.24877e-45 5.90981e-32 0
3075 0 0 5.54261e-45 3.59024e-32 0
3077.5 0 0 1.04394e-44 4.20359e-33 0
3080 0 0 2.59414e-44 2.98718e-32 0
3082.5 0 0 5.36083e-45 4.67376e-33 0
3085 0 0 4.92512e-45 3.3324e-32 0
3087.5 0 0 4.65258e-45 6.91631e-32 0
3090 0 0 6.39308e-45 8.25071e-32 0
3092.5 0 0 6.08021e-45 1.01908e-33 0
3095 0 0 5.98575e-45 2.03932e-32 0
3097.5 0 0 1.26914e-44 5.55627e-32 0
3100 0 0 6.68772e-45 3.95694e-32 0
3102.5 0 0 1.78022e-45 3.21643e-32 0
3105 0 0 1.01678e-44 1.74265e-32 0
3107.5 0 0 1.75578e-44 3.27975e-32 0
3110 0 0 9.75196e-45 7.47168e-33 0
3112.5 0 0 4.06109e-45 3.05596e-32 0
3115 0 0 5.19949e-45 6.96462e-32 0
3117.5 0 0 2.36822e-45 7.00532e-32 0
3120 0 0 5.43802e-45 2.28643e-32 0
3122.5 0 0 1.04543e-44 5.68809e-33 0
3125 0 0 1.44674e-44 4.80657e-32 0
3127.5 0 0 9.00859e-45 1.42572e-32 0
3130 0 0 3.38346e-46 4.14473e-32 0
3132.5 0 0 7.81495e-45 4.01355e-32 0
3135 0 0 1.22566e-44 2.92414e-32 0
3137.5 0 0 5.79942e-45 1.83369e-32 0
3140 0 0 7.05415e-45 9.21675e-33 0
3142.5 0 0 8.90738e-45 7.97135e-32 0
3145 0 0 1.61497e-45 4.82448e-32 0
3147.5 0 0 6.68559e-45 2.54023e-32 0
3150 0 0 7.65583e-45 5.95701e-33 0
3152.5 0 0 2.48013e-44 3.65813e-32 0
3155 0 0 6.02783e-45 7.93818e-33 0
3157.5 0 0 2.53931e-45 4.79149e-32 0
3160 0 0 1.04912e-45 5.26302e-32 0
3162.5 0 0 7.64017e-45 8.97066e-32 0
3165 0 0 3.02559e-45 1.10489e-32 0
3167.5 0 0 8.57201e-45 6.45434e-33 0
3170 0 0 1.68486e-44 4.512e-32 0
3172.5 0 0 9.24111e-45 2.39982e-32 0
3175 0 0 4.84922e-45 1.27151e-32 0
3177.5 0 0 3.25837e-45 1.52646e-32 0
3180 0 0 2.12655e-44 7.34452e-32 0
3182.5 0 0 1.19113e-45 1.22049e-32 0
3185 0 0 1.23407e-45 3.42539e-32 0
3187.5 0 0 3.05289e-46 3.28016e-32 0
3190 0 0 1.53795e-44 1.17359e-31 0
3192.5 0 0 2.30217e-45 1.62261e-33 0
3195 0 0 6.78976e-45 3.82074e-33 0
3197.5 0 0 1.22596e-44 6.92758e-33 0
3200 0 0 2.1091e-44 4.71463e-32 0
3202.5 0 0 4.22501e-45 9.71393e-33 0
3205 0 0 1.62247e-45 1.40556e-32 0
3207.5 0 0 8.82486e-45 7.5237e-32 0
3210 0 0 1.57482e-45 4.84025e-32 0
3212.5 0 0 6.27175e-46 3.94991e-32 0
3215 0 0 3.08186e-46 1.16027e-32 0
3217.5 0 0 2.07756e-44 8.37637e-32 0
3220 0 0 5.88046e-45 2.43403e-33 0
3222.5 0 0 9.401e-45 6.90852e-34 0
3225 0 0 4.94623e-45 1.83876e-33 0
3227.5 0 0 2.28608e-44 6.15496e-32 0
3230 0 0 4.19191e-45 1.46563e-32 0
3232.5 0 0 2.15214e-45 2.58101e-32 0
3235 0 0 3.0229e-45 4.39258e-32 0
3237.5 0 0 3.88523e-45 8.68535e-32 0
3240 0 0 1.86383e-45 2.90858e-32 0
3242.5 0 0 1.76437e-45 1.93361e-32 0
3245 0 0 1.9279e-44 4.77278e-32 0
3247.5 0 0 1.38403e-44 1.10227e-33 0
3250 0 0 6.16637e-45 2.50004e-33 0
3252.5 0 0 4.06171e-45 1.74424e-33 0
3255 0 0 1.52526e-44 9.145e-32 0
3257.5 0 0 5.32322e-45 2.8108e-32 0
3260 0 0 2.71282e-45 1.64418e-32 0
3262.5 0 0 1.40934e-45 1.90152e-32 0
3265 0 0 1.34648e-44 8.13004e-32 0
3267.5 0 0 2.24791e-45 5.7582e-32 0
3270 0 0 2.46228e-45 2.22496e-32 0
3272.5 0 0 8.05187e-45 1.5855e-32 0
3275 0 0 1.52115e-44 1.55215e-32 0
3277.5 0 0 1.39233e-44 2.94153e-33 0
3280 0 0 6.10267e-45 9.49162e-33 0
3282.5 0 0 5.47482e-45 5.98546e-32 0
3285 0 0 9.99474e-46 3.97976e-32 0
3287.5 0 0 2.76399e-45 3.7758e-32 0
3290 0 0 4.63067e-45 2.25605e-32 0
3292.5 0 0 1.6056e-44 4.26073e-32 0
3295 0 0 4.16787e-45 4.37869e-32 0
3297.5 0 0 3.77282e-45 2.56811e-32 0
3300 0 0 4.07355e-45 2.17183e-32 0
3302.5 0 0 1.06117e-44 4.16456e-32 0
3305 0 0 1.6716e-44 1.46827e-33 0
3307.5 0 0 7.97699e-45 1.34438e-32 0
3310 0 0 3.73118e-45 2.26714e-32 0
3312.5 0 0 1.9294e-45 4.58681e-32 0
3315 0 0 1.16417e-45 6.12311e-32 0
3317.5 0 0 6.09744e-45 3.17157e-32 0
3320 0 0 8.28707e-45 2.00251e-32 0
3322.5 0 0 6.92324e-45 2.06369e-32 0
3325 0 0 6.45375e-45 2.8593e-32 0
3327.5 0 0 4.89713e-45 3.22065e-32 0
3330 0 0 5.892e-45 4.01957e-32 0
3332.5 0 0 1.20311e-44 1.00493e-32 0
3335 0 0 1.2279e-44 5.45934e-33 0
3337.5 0 0 7.92363e-45 1.37129e-32 0
3340 0 0 4.28624e-45 3.66956e-32 0
3342.5 0 0 4.15263e-46 6.73482e-32 0
3345 0 0 3.6161e-45 6.12195e-32 0
3347.5 0 0 3.61087e-45 2.95748e-32 0
3350 0 0 5.39618e-45 1.1756e-32 0
3352.5 0 0 1.19998e-44 1.77456e-32 0
3355 0 0 1.03429e-44 3.4024e-32 0
3357.5 0 0 6.49893e-45 2.08223e-32 0
3360 0 0 5.98948e-45 6.06393e-33 0
3362.5 0 0 8.23904e-45 1.71201e-32 0
3365 0 0 1.21862e-44 2.96259e-32 0
3367.5 0 0 2.17268e-45 5.06456e-32 0
3370 0 0 1.76889e-45 5.46337e-32 0
3372.5 0 0 4.90054e-46 4.76503e-32 0
3375 0 0 4.21778e-45 4.42599e-32 0
3377.5 0 0 1.11413e-44 4.5265e-33 0
3380 0 0 1.33559e-44 2.87494e-32 0
3382.5 0 0 1.14691e-44 1.27184e-32 0
3385 0 0 6.19635e-45 1.36309e-32 0
3387.5 0 0 2.62765e-45 2.34862e-32 0
3390 0 0 1.02081e-44 3.68216e-32 0
3392.5 0 0 9.41829e-45 4.19229e-32 0
3395 0 0 1.2859e-45 4.59725e-32 0
3397.5 0 0 1.90138e-46 2.82183e-32 0
3400 0 0 3.50196e-45 4.79301e-32 0
3402.5 0 0 6.67673e-45 4.72768e-32 0
3405 0 0 1.44385e-44 1.26124e-32 0
3407.5 0 0 5.8806e-45 2.06436e-32 0
3410 0 0 1.08414e-44 4.14878e-33 0
3412.5 0 0 7.88315e-45 1.25442e-32 0
3415 0 0 5.7236e-45 5.21602e-32 0
3417.5 0 0 1.16138e-44 1.35542e-32 0
3420 0 0 3.06539e-45 4.65962e-32 0
3422.5 0 0 4.63181e-46 3.16838e-32 0
3425 0 0 2.62646e-45 3.90468e-32 0
3427.5 0 0 1.72818e-45 5.99002e-32 0
3430 0 0 1.02089e-44 3.6447e-32 0
3432.5 0 0 9.61631e-45 1.13181e-32 0
3435 0 0 4.43655e-45 2.99521e-33 0
3437.5 0 0 1.23222e-44 3.10693e-33 0
3440 0 0 1.03024e-44 2.90278e-32 0
3442.5 0 0 8.68949e-45 4.44668e-32 0
3445 0 0 7.04284e-45 6.32503e-33 0
3447.5 0 0 1.3024e-45 3.92192e-32 0
3450 0 0 1.43292e-45 4.85632e-32 0
3452.5 0 0 4.39559e-45 4.97505e-32 0
3455 0 0 7.03682e-46 5.21467e-32 0
3457.5 0 0 8.50614e-45 1.59071e-32 0
3460 0 0 9.95746e-45 4.94118e-33 0
3462.5 0 0 5.73487e-45 1.48416e-33 0
3465 0 0 1.34376e-44 4.69124e-33 0
3467.5 0 0 6.11199e-45 3.63644e-32 0
3470 0 0 9.57075e-45 4.73884e-32 0
3472.5 0 0 2.90126e-45 4.85184e-33 0
3475 0 0 2.20989e-45 3.64777e-32 0
3477.5 0 0 4.25335e-45 3.41297e-32 0
3480 0 0 6.01144e-45 7.90517e-32 0
3482.5 0 0 1.56867e-47 3.97949e-32 0
3485 0 0 5.08417e-45 2.23445e-32 0
3487.5 0 0 7.69726e-45 1.35812e-33 0
3490 0 0 1.39419e-44 5.7912e-33 0
3492.5 0 0 1.45325e-44 2.36818e-33 0
3495 0 0 7.19669e-45 1.90498e-32 0
3497.5 0 0 5.37942e-45 3.27612e-32 0
3500 0 0 7.33424e-46 2.18288e-32 0
3502.5 0 0 1.43063e-45 5.52166e-32 0
3505 0 0 4.22787e-45 4.14071e-32 0
3507.5 0 0 2.76465e-45 7.6304e-32 0
3510 0 0 6.99206e-46 1.16147e-32 0
3512.5 0 0 8.29574e-45 1.48492e-32 0
3515 0 0 1.11068e-44 6.84956e-33 0
3517.5 0 0 1.94158e-44 4.93636e-34 0
3520 0 0 6.59776e-45 1.12073e-33 0
3522.5 0 0 7.71303e-45 1.90182e-32 0
3525 0 0 6.22916e-46 4.45839e-32 0
3527.5 0 0 5.65571e-46 5.38197e-32 0
3530 0 0 1.63291e-45 3.74856e-32 0
3532.5 0 0 2.15188e-45 6.43515e-32 0
3535 0 0 2.5654e-45 3.04729e-32 0
3537.5 0 0 5.21317e-45 1.11325e-32 0
3540 0 0 8.20096e-45 1.03179e-32 0
3542.5 0 0 1.90916e-44 4.80105e-33 0
3545 0 0 1.21621e-44 9.71337e-34 0
3547.5 0 0 4.71055e-45 2.70196e-33 0
3550 0 0 3.6173e-45 2.21216e-32 0
3552.5 0 0 1.25214e-46 7.82805e-32 0
3555 0 0 1.96724e-45 5.39987e-32 0
3557.5 0 0 5.44952e-46 2.47348e-32 0
3560 0 0 1.75555e-45 3.20566e-32 0
3562.5 0 0 6.93894e-45 9.12177e-33 0
3565 0 0 9.69627e-45 2.01046e-32 0
3567.5 0 0 5.78046e-45 8.43103e-33 0
3570 0 0 1.48703e-44 1.10396e-33 0
3572.5 0 0 5.90261e-45 2.97642e-33 0
3575 0 0 6.23731e-45 1.63884e-32 0
3577.5 0 0 2.98317e-45 2.24777e-32 0
3580 0 0 1.32591e-46 8.31583e-32 0
3582.5 0 0 1.31828e-45 4.11075e-32 0
3585 0 0 4.62934e-46 3.11336e-32 0
3587.5 0 0 1.97442e-45 1.76865e-32 0
3590 0 0 1.23577e-44 1.03235e-32 0
3592.5 0 0 9.54479e-45 2.54348e-32 0
3595 0 0 5.92927e-45 1.44511e-33 0
3597.5 0 0 9.14748e-45 7.89813e-34 0
3600 0 0 4.47445e-45 1.17171e-32 0
3602.5 0 0 9.83467e-45 2.60449e-32 0
3605 0 0 1.18564e-45 2.0341e-32 0
3607.5 0 0 1.20379e-45 7.51385e-32 0
3610 0 0 2.09306e-46 2.90847e-32 0
3612.5 0 0 2.5669e-45 3.85115e-32 0
3615 0 0 1.59072e-45 3.37733e-33 0
3617.5 0 0 1.79698e-44 1.80459e-32 0
3620 0 0 6.23155e-45 2.98913e-32 0
3622.5 0 0 5.12615e-45 2.91267e-33 0
3625 0 0 2.42436e-45 2.28114e-33 0
3627.5 0 0 6.34318e-45 4.45353e-32 0
3630 0 0 1.71088e-44 1.73259e-32 0
3632.5 0 0 3.35573e-46 8.19766e-33 0
3635 0 0 1.38406e-45 4.11583e-32 0
3637.5 0 0 1.46613e-45 3.45823e-32 0
3640 0 0 2.35039e-45 9.30628e-32 0
3642.5 0 0 4.8113e-46 1.9265e-33 0
3645 0 0 1.32173e-44 2.37839e-32 0
3647.5 0 0 6.68013e-45 9.39915e-33 0
3650 0 0 1.54198e-44 8.92506e-33 0
3652.5 0 0 8.0307e-46 4.62509e-33 0
3655 0 0 8.64362e-45 4.76086e-32 0
3657.5 0 0 1.23449e-44 2.0798e-32 0
3660 0 0 1.78289e-45 2.65748e-32 0
3662.5 0 0 1.62549e-48 1.4026e-32 0
3665 0 0 4.69948e-45 4.28924e-32 0
3667.5 0 0 1.53962e-45 9.94649e-32 0
3670 0 0 2.36766e-46 5.37553e-33 0
3672.5 0 0 5.18247e-45 6.59084e-33 0
3675 0 0 8.12531e-45 1.49798e-33 0
3677.5 0 0 2.46326e-44 4.45108e-34 0
3680 0 0 2.74612e-45 5.12525e-33 0
3682.5 0 0 8.0988e-45 2.45324e-32 0
3685 0 0 3.48047e-45 2.2486e-32 0
3687.5 0 0 2.57891e-46 7.18336e-32 0
3690 0 0 1.24762e-45 2.10756e-32 0
3692.5 0 0 3.34772e-45 6.32011e-32 0
3695 0 0 1.91432e-45 5.59599e-32 0
3697.5 0 0 3.88424e-45 3.45139e-33 0
3700 0 0 4.71653e-45 3.94454e-33 0
3702.5 0 0 1.30773e-44 1.16208e-33 0
3705 0 0 1.99052e-44 2.24063e-33 0
3707.5 0 0 4.32561e-45 3.92209e-34 0
3710 0 0 4.98077e-45 1.71725e-32 0
3712.5 0 0 9.12794e-46 3.10033e-32 0
3715 0 0 3.88704e-46 7.81771e-32 0
3717.5 0 0 1.33462e-45 3.49102e-32 0
3720 0 0 1.52992e-45 5.25016e-32 0
3722.5 0 0 2.30482e-45 2.40422e-32 0
3725 0 0 7.23208e-45 2.26903e-35 0
3727.5 0 0 8.22124e-45 5.07709e-33 0
3730 0 0 1.44664e-44 3.59787e-34 0
3732.5 0 0 1.17024e-44 4.85157e-33 0
3735 0 0 3.63903e-45 2.37266e-33 0
3737.5 0 0 2.00544e-45 2.68897e-32 0
3740 0 0 9.92497e-46 4.92338e-32 0
3742.5 0 0 1.88204e-45 6.39508e-32 0
3745 0 0 3.71621e-46 5.27345e-32 0
3747.5 0 0 1.98744e-45 2.47704e-32 0
3750 0 0 4.33079e-45 2.11716e-32 0
3752.5 0 0 8.99165e-45 9.52872e-34 0
3755 0 0 1.51529e-44 7.20923e-33 0
3757.5 0 0 8.6884e-45 6.27192e-34 0
3760 0 0 7.31288e-45 6.40089e-33 0
3762.5 0 0 1.9333e-45 1.15844e-32 0
3765 0 0 3.61146e-45 5.15314e-32 0
3767.5 0 0 1.91927e-45 3.48149e-32 0
3770 0 0 2.08388e-45 3.69508e-32 0
3772.5 0 0 3.64408e-46 4.45923e-32 0
3775 0 0 5.02804e-45 2.1907e-32 0
3777.5 0 0 4.26339e-45 2.37305e-32 0
3780 0 0 5.01925e-45 6.68507e-33 0
3782.5 0 0 1.74427e-44 6.08822e-34 0
3785 0 0 7.24539e-45 3.53347e-33 0
3787.5 0 0 6.89754e-45 3.52134e-33 0
3790 0 0 2.66485e-46 1.03633e-32 0
3792.5 0 0 2.02814e-45 7.42558e-32 0
3795 0 0 1.96657e-45 3.09483e-32 0
3797.5 0 0 3.76945e-46 2.58801e-32 0
3800 0 0 1.25629e-45 1.8157e-32 0
3802.5 0 0 1.05211e-44 2.8535e-32 0
3805 0 0 3.62922e-45 2.66472e-32 0
3807.5 0 0 3.25787e-45 3.44608e-33 0
3810 0 0 1.13363e-44 2.14727e-33 0
3812.5 0 0 1.1201e-44 9.31361e-33 0
3815 0 0 9.43336e-45 3.3506e-33 0
3817.5 0 0 5.27482e-46 5.52086e-33 0
3820 0 0 2.21775e-46 6.80738e-32 0
3822.5 0 0 3.58961e-46 5.49273e-32 0
3825 0 0 1.12922e-46 3.66825e-32 0
3827.5 0 0 1.71904e-46 1.12994e-32 0
3830 0 0 1.26902e-44 1.20704e-32 0
3832.5 0 0 6.86063e-45 2.13595e-32 0
3835 0 0 3.27509e-45 5.15479e-34 0
3837.5 0 0 6.80119e-45 2.29696e-34 0
3840 0 0 5.83518e-45 2.40859e-32 0
3842.5 0 0 1.12501e-44 1.09156e-32 0
3845 0 0 2.76953e-46 3.66985e-33 0
3847.5 0 0 2.3659e-46 5.45949e-32 0
3850 0 0 3.45678e-46 3.55377e-32 0
3852.5 0 0 1.10229e-45 4.94752e-32 0
3855 0 0 3.60124e-46 7.98985e-33 0
3857.5 0 0 1.23712e-44 6.49326e-33 0
3860 0 0 6.97969e-45 9.99576e-33 0
3862.5 0 0 7.09441e-45 2.35536e-33 0
3865 0 0 5.33948e-45 2.65856e-33 0
3867.5 0 0 3.42086e-45 3.18694e-32 0
3870 0 0 8.74305e-45 1.78399e-32 0
3872.5 0 0 7.12813e-46 1.04024e-32 0
3875 0 0 9.28097e-46 4.5264e-32 0
3877.5 0 0 1.35698e-45 2.22254e-32 0
3880 0 0 3.02319e-45 5.53699e-32 0
3882.5 0 0 2.76783e-46 1.48757e-32 0
3885 0 0 9.22837e-45 6.35422e-33 0
3887.5 0 0 5.30815e-45 2.34718e-33 0
3890 0 0 1.1317e-44 7.60811e-33 0
3892.5 0 0 5.95506e-45 5.16905e-33 0
3895 0 0 2.11487e-45 2.34111e-32 0
3897.5 0 0 3.86802e-45 2.05446e-32 0
3900 0 0 1.74964e-46 2.70288e-32 0
3902.5 0 0 2.62815e-45 4.31388e-32 0
3905 0 0 1.49195e-45 1.37223e-32 0
3907.5 0 0 5.90068e-45 3.65844e-32 0
3910 0 0 1.0491e-45 5.49522e-33 0
3912.5 0 0 1.02851e-44 1.11573e-32 0
3915 0 0 3.50345e-45 2.63084e-33 0
3917.5 0 0 9.84449e-45 2.04626e-32 0
3920 0 0 4.52279e-45 1.96886e-33 0
3922.5 0 0 2.12553e-45 3.05043e-32 0
3925 0 0 3.7941e-45 2.03024e-32 0
3927.5 0 0 1.41763e-45 3.22303e-32 0
3930 0 0 3.81836e-45 4.14822e-32 0
3932.5 0 0 1.70132e-45 8.37368e-33 0
3935 0 0 6.7165e-45 3.15332e-32 0
3937.5 0 0 2.11996e-45 4.93214e-34 0
3940 0 0 1.12049e-44 3.40624e-32 0
3942.5 0 0 1.61737e-45 8.70066e-34 0
3945 0 0 8.88251e-45 3.53678e-32 0
3947.5 0 0 1.3513e-45 2.48979e-36 0
3950 0 0 7.32193e-45 3.7701e-32 0
3952.5 0 0 3.657e-45 5.8443e-33 0
3955 0 0 6.2842e-45 2.71768e-32 0
3957.5 0 0 1.78577e-45 2.22619e-32 0
3960 0 0 4.33347e-45 2.06633e-32 0
3962.5 0 0 1.85919e-45 3.71646e-32 0
3965 0 0 1.64553e-45 1.21477e-32 0
3967.5 0 0 8.63694e-45 2.70704e-32 0
3970 0 0 2.66064e-45 4.12598e-33 0
3972.5 0 0 1.37213e-44 1.71194e-32 0
3975 0 0 6.39912e-46 1.73076e-33 0
3977.5 0 0 8.21217e-45 3.41025e-32 0
3980 0 0 1.61655e-45 6.46585e-33 0
3982.5 0 0 5.29474e-45 5.62227e-32 0
3985 0 0 9.1889e-46 1.52293e-32 0
3987.5 0 0 4.57749e-45 3.70841e-32 0
3990 0 0 5.81035e-46 2.88097e-32 0
3992.5 0 0 4.32332e-45 2.25624e-32 0
3995 0 0 8.17638e-45 7.91418e-33 0
3997.5 0 0 7.76911e-45 4.15857e-33 0
4000 0 0 1.23698e-44 3.46727e-33 0
4002.5 0 0 2.94534e-45 1.5412e-33 0
4005 0 0 3.51309e-45 4.03082e-32 0
4007.5 0 0 1.19901e-45 2.58753e-32 0
4010 0 0 2.56548e-45 6.3944e-32 0
4012.5 0 0 5.08806e-46 1.95203e-32 0
4015 0 0 5.91035e-45 2.19404e-32 0
4017.5 0 0 2.46988e-45 1.92013e-32 0
4020 0 0 7.58917e-45 1.9179e-32 0
4022.5 0 0 6.50957e-45 4.72092e-33 0
4025 0 0 7.21801e-45 7.17322e-33 0
4027.5 0 0 9.07694e-45 2.72404e-33 0
4030 0 0 3.34716e-45 9.8212e-33 0
4032.5 0 0 1.56804e-45 3.69268e-32 0
4035 0 0 1.11774e-46 3.12669e-32 0
4037.5 0 0 1.5459e-45 5.08627e-32 0
4040 0 0 1.31828e-45 1.39409e-32 0
4042.5 0 0 7.86418e-45 1.15187e-32 0
4045 0 0 4.28154e-45 1.48754e-32 0
4047.5 0 0 7.01529e-45 1.33079e-32 0
4050 0 0 4.45064e-45 7.0734e-33 0
4052.5 0 0 5.59108e-45 2.10988e-32 0
4055 0 0 9.37242e-45 5.63865e-33 0
4057.5 0 0 1.95699e-45 1.61226e-32 0
4060 0 0 1.70675e-45 2.28493e-32 0
4062.5 0 0 3.20332e-46 3.55357e-32 0
4065 0 0 1.88812e-45 5.3133e-32 0
4067.5 0 0 3.29056e-45 1.33864e-32 0
4070 0 0 5.99469e-45 9.44254e-33 0
4072.5 0 0 6.08648e-45 8.68754e-33 0
4075 0 0 6.37929e-45 1.41122e-32 0
4077.5 0 0 4.93996e-45 1.47758e-32 0
4080 0 0 3.09428e-45 1.74225e-32 0
4082.5 0 0 5.96833e-45 1.43326e-32 0
4085 0 0 1.26641e-45 1.37935e-32 0
4087.5 0 0 3.95534e-45 2.39802e-32 0
4090 0 0 9.22873e-46 2.22351e-32 0
4092.5 0 0 3.46188e-45 3.17155e-32 0
4095 0 0 3.54529e-45 5.35659e-33 0
4097.5 0 0 7.29264e-45 1.55799e-32 0
4100 0 0 4.76772e-45 8.89931e-33 0
4102.5 0 0 4.02728e-45 2.15843e-32 0
4105 0 0 4.01147e-45 1.71878e-32 0
4107.5 0 0 1.37119e-45 2.19587e-32 0
4110 0 0 6.23536e-45 1.76633e-32 0
4112.5 0 0 2.39132e-45 5.5276e-33 0
4115 0 0 4.46745e-45 3.59451e-32 0
4117.5 0 0 3.66205e-46 5.45871e-33 0
4120 0 0 4.04451e-45 3.10209e-32 0
4122.5 0 0 1.42292e-45 9.01595e-34 0
4125 0 0 1.36596e-44 1.97424e-32 0
4127.5 0 0 1.53849e-45 1.23907e-32 0
4130 0 0 3.67011e-45 1.44122e-32 0
4132.5 0 0 8.9252e-46 1.19189e-32 0
4135 0 0 2.11395e-45 5.52859e-32 0
4137.5 0 0 9.35736e-45 1.20089e-32 0
4140 0 0 1.84322e-45 2.83722e-33 0
4142.5 0 0 3.47407e-45 1.77139e-32 0
4145 0 0 2.92726e-45 4.57373e-33 0
4147.5 0 0 3.25435e-45 4.97527e-32 0
4150 0 0 3.30273e-46 4.31142e-33 0
4152.5 0 0 9.35497e-45 1.52991e-32 0
4155 0 0 1.84099e-45 1.5856e-33 0
4157.5 0 0 8.09525e-45 1.39717e-32 0
4160 0 0 7.32365e-46 4.41982e-33 0
4162.5 0 0 2.64857e-45 4.8237e-32 0
4165 0 0 4.10583e-45 1.68021e-32 0
4167.5 0 0 2.77965e-45 1.37237e-32 0
4170 0 0 2.97514e-45 8.984e-33 0
4172.5 0 0 4.95004e-45 6.48216e-33 0
4175 0 0 3.92552e-45 3.57166e-32 0
4177.5 0 0 3.22188e-46 1.10657e-32 0
4180 0 0 4.78149e-45 1.94098e-32 0
4182.5 0 0 1.64345e-45 3.25355e-33 0
4185 0 0 1.06221e-44 1.70319e-32 0
4187.5 0 0 2.96369e-45 2.25088e-33 0
4190 0 0 3.12557e-45 2.30149e-32 0
4192.5 0 0 1.39763e-45 1.65998e-32 0
4195 0 0 3.1005e-45 3.27355e-32 0
4197.5 0 0 3.27269e-45 2.15367e-32 0
4200 0 0 1.99816e-45 1.11662e-32 0
4202.5 0 0 4.48243e-45 1.65262e-32 0
4205 0 0 2.51531e-45 1.22797e-32 0
4207.5 0 0 5.69461e-45 2.36374e-32 0
4210 0 0 2.71479e-45 4.50756e-33 0
4212.5 0 0 6.48325e-45 1.83108e-32 0
4215 0 0 4.22016e-45 1.96173e-33 0
4217.5 0 0 3.45879e-45 2.08169e-32 0
4220 0 0 1.68629e-45 1.44314e-32 0
4222.5 0 0 3.86251e-45 2.51787e-32 0
4225 0 0 2.10148e-45 2.9096e-32 0
4227.5 0 0 1.13746e-45 8.43504e-33 0
4230 0 0 2.94113e-45 1.31856e-32 0
4232.5 0 0 3.69886e-45 1.50879e-32 0
4235 0 0 7.3457e-45 1.64872e-32 0
4237.5 0 0 2.73441e-45 1.83025e-33 0
4240 0 0 4.83991e-45 1.47404e-32 0
4242.5 0 0 3.34552e-45 6.27146e-33 0
4245 0 0 3.30166e-45 2.65393e-32 0
4247.5 0 0 8.50461e-46 1.61757e-32 0
4250 0 0 4.567e-45 2.68399e-32 0
4252.5 0 0 2.41937e-45 2.71433e-32 0
4255 0 0 1.9172e-45 6.22927e-33 0
4257.5 0 0 2.59737e-45 7.92517e-33 0
4260 0 0 4.74903e-45 1.69143e-32 0
4262.5 0 0 9.397e-45 2.00982e-32 0
4265 0 0 1.04924e-45 6.05512e-34 0
4267.5 0 0 3.5944e-45 1.38861e-32 0
4270 0 0 1.56999e-45 1.4074e-32 0
4272.5 0 0 5.36552e-45 3.65272e-32 0
4275 0 0 6.00529e-46 8.17419e-33 0
4277.5 0 0 6.501e-45 2.18073e-32 0
4280 0 0 2.83576e-45 1.95305e-32 0
4282.5 0 0 3.2832e-45 1.7493e-32 0
4285 0 0 1.8485e-45 6.7956e-33 0
4287.5 0 0 3.20434e-45 3.12612e-32 0
4290 0 0 9.21586e-45 1.47017e-32 0
4292.5 0 0 2.09407e-45 1.29924e-33 0
4295 0 0 2.0052e-45 8.42515e-33 0
4297.5 0 0 3.29875e-45 1.15229e-32 0
4300 0 0 5.20812e-45 4.83208e-32 0
4302.5 0 0 8.68307e-46 2.69407e-33 0
4305 0 0 4.70713e-45 7.71692e-33 0
4307.5 0 0 2.15207e-45 3.67628e-33 0
4310 0 0 8.18374e-45 2.6542e-32 0
4312.5 0 0 4.10856e-46 1.58436e-32 0
4315 0 0 1.01791e-45 3.83416e-32 0
4317.5 0 0 3.19097e-45 5.37586e-33 0
4320 0 0 5.23148e-45 1.01043e-32 0
4322.5 0 0 5.09464e-45 2.00307e-33 0
4325 0 0 7.17974e-45 8.74245e-33 0
4327.5 0 0 2.1629e-45 3.88958e-32 0
4330 0 0 3.58109e-47 1.36122e-32 0
4332.5 0 0 1.75629e-45 1.6302e-32 0
4335 0 0 2.47229e-45 1.32569e-32 0
4337.5 0 0 1.10273e-44 1.50724e-32 0
4340 0 0 1.72247e-45 1.3196e-32 0
4342.5 0 0 1.48668e-45 1.831e-32 0
4345 0 0 1.13359e-45 1.27242e-32 0
4347.5 0 0 3.26663e-45 3.1211e-32 0
4350 0 0 8.39311e-45 5.68289e-33 0
4352.5 0 0 4.25281e-45 1.33919e-32 0
4355 0 0 2.88768e-45 1.2673e-32 0
4357.5 0 0 1.88578e-45 1.06769e-32 0
4360 0 0 2.13903e-45 3.88482e-32 0
4362.5 0 0 5.29501e-45 1.26083e-32 0
4365 0 0 5.76689e-45 1.04193e-32 0
4367.5 0 0 2.63046e-45 2.38296e-33 0
4370 0 0 3.59562e-45 1.54411e-32 0
4372.5 0 0 1.51736e-45 3.10217e-32 0
4375 0 0 7.48577e-46 3.01916e-32 0
4377.5 0 0 3.7459e-45 1.18542e-32 0
4380 0 0 2.72506e-45 6.86585e-33 0
4382.5 0 0 7.22778e-45 6.84407e-33 0
4385 0 0 4.54655e-45 8.64241e-34 0
4387.5 0 0 3.58076e-45 2.8703e-32 0
4390 0 0 3.75129e-45 9.28613e-33 0
4392.5 0 0 2.72611e-45 2.43789e-32 0
4395 0 0 4.08213e-46 3.51537e-33 0
4397.5 0 0 6.14296e-45 2.27162e-32 0
4400 0 0 1.30393e-45 3.53773e-32 0
4402.5 0 0 1.15156e-45 2.26626e-32 0
4405 0 0 1.00768e-45 3.1366e-33 0
4407.5 0 0 4.79393e-45 1.2721e-32 0
4410 0 0 1.0107e-44 5.58492e-33 0
4412.5 0 0 3.90484e-45 4.24768e-34 0
4415 0 0 2.74972e-45 1.72524e-32 0
4417.5 0 0 2.22903e-45 1.64275e-32 0
4420 0 0 2.39891e-45 3.69099e-32 0
4422.5 0 0 2.08531e-47 5.76477e-33 0
4425 0 0 5.71021e-45 2.01056e-32 0
4427.5 0 0 2.13969e-45 2.76729e-32 0
4430 0 0 2.95937e-45 1.84428e-32 0
4432.5 0 0 3.79486e-47 1.20758e-33 0
4435 0 0 5.68561e-45 1.60396e-32 0
4437.5 0 0 9.57979e-45 9.31389e-33 0
4440 0 0 3.44674e-45 2.50982e-33 0
4442.5 0 0 1.42208e-45 8.31899e-33 0
4445 0 0 2.12756e-45 2.42976e-32 0
4447.5 0 0 2.06606e-45 3.45277e-32 0
4450 0 0 3.81309e-47 9.06981e-33 0
4452.5 0 0 3.3603e-45 1.7041e-32 0
4455 0 0 2.71429e-45 1.88778e-32 0
4457.5 0 0 4.35657e-45 1.36313e-32 0
4460 0 0 1.55298e-46 8.27978e-34 0
4462.5 0 0 6.70382e-45 9.17221e-33 0
4465 0 0 7.23813e-45 7.91402e-33 0
4467.5 0 0 2.89943e-45 7.78806e-33 0
4470 0 0 7.07074e-46 6.94806e-33 0
4472.5 0 0 9.4929e-46 2.68904e-32 0
4475 0 0 2.5448e-45 4.08355e-32 0
4477.5 0 0 2.67239e-46 5.97506e-33 0
4480 0 0 2.08656e-45 1.79484e-32 0
4482.5 0 0 3.01096e-45 1.1084e-32 0
4485 0 0 7.32403e-45 1.53815e-32 0
4487.5 0 0 2.87629e-46 6.63098e-35 0
4490 0 0 7.17594e-45 4.51385e-33 0
4492.5 0 0 4.77515e-45 3.0156e-33 0
4495 0 0 3.09216e-45 1.84589e-32 0
4497.5 0 0 6.2494e-46 1.46352e-32 0
4500 0 0 6.02713e-46 3.61539e-32 0
4502.5 0 0 1.74787e-45 3.02317e-32 0
4505 0 0 1.55374e-45 5.1794e-33 0
4507.5 0 0 2.96121e-45 1.30059e-32 0
4510 0 0 5.54065e-45 5.71759e-33 0
4512.5 0 0 6.28946e-45 1.90013e-32 0
4515 0 0 4.28789e-46 3.09462e-33 0
4517.5 0 0 4.12643e-45 5.70544e-33 0
4520 0 0 2.33424e-45 7.23236e-33 0
4522.5 0 0 4.6881e-45 1.91096e-32 0
4525 0 0 1.85895e-45 1.45988e-32 0
4527.5 0 0 1.65657e-45 2.46539e-32 0
4530 0 0 6.71559e-46 1.58367e-32 0
4532.5 0 0 2.16003e-45 8.01556e-33 0
4535 0 0 3.94498e-45 1.64788e-32 0
4537.5 0 0 6.64949e-45 1.27191e-32 0
4540 0 0 2.77832e-45 1.2233e-32 0
4542.5 0 0 8.54894e-47 5.18636e-33 0
4545 0 0 2.34925e-45 1.17308e-32 0
4547.5 0 0 3.66033e-45 2.11744e-32 0
4550 0 0 4.8592e-45 7.36152e-33 0
4552.5 0 0 2.42513e-45 1.17803e-32 0
4555 0 0 2.62575e-45 8.05701e-33 0
4557.5 0 0 3.22129e-45 1.80654e-32 0
4560 0 0 1.27477e-45 1.51745e-32 0
4562.5 0 0 5.0827e-45 1.48846e-32 0
4565 0 0 2.59897e-45 1.89064e-32 0
4567.5 0 0 2.90241e-45 1.93312e-32 0
4570 0 0 4.20281e-46 7.66635e-33 0
4572.5 0 0 2.42802e-45 1.55222e-32 0
4575 0 0 6.20864e-45 1.31228e-32 0
4577.5 0 0 4.1638e-45 9.26216e-33 0
4580 0 0 2.95611e-45 4.756e-33 0
4582.5 0 0 2.49545e-45 5.77e-33 0
4585 0 0 3.35736e-45 3.14026e-32 0
4587.5 0 0 2.95332e-45 7.09658e-33 0
4590 0 0 3.15454e-45 1.95892e-32 0
4592.5 0 0 1.36284e-45 8.46065e-33 0
4595 0 0 3.66009e-45 2.42178e-32 0
4597.5 0 0 5.05806e-46 1.74629e-32 0
4600 0 0 4.40085e-45 1.84848e-32 0
4602.5 0 0 2.81226e-45 3.89318e-33 0
4605 0 0 4.67052e-45 5.38405e-33 0
4607.5 0 0 4.02967e-45 2.75728e-33 0
4610 0 0 3.94787e-45 1.31972e-32 0
4612.5 0 0 7.55248e-46 2.34049e-32 0
4615 0 0 2.58228e-45 1.02933e-32 0
4617.5 0 0 2.15278e-45 1.91195e-32 0
4620 0 0 1.95614e-45 7.05527e-33 0
4622.5 0 0 4.41961e-45 1.22575e-32 0
4625 0 0 4.61343e-46 2.12562e-32 0
4627.5 0 0 4.94832e-45 1.99272e-32 0
4630 0 0 4.8238e-46 4.35524e-33 0
4632.5 0 0 2.72522e-45 7.12095e-33 0
4635 0 0 4.92042e-45 2.34554e-34 0
4637.5 0 0 5.11798e-45 2.60008e-32 0
4640 0 0 3.91519e-46 1.37316e-32 0
4642.5 0 0 1.97481e-45 7.98631e-33 0
4645 0 0 1.78403e-45 1.75205e-32 0
4647.5 0 0 4.00205e-45 1.27783e-32 0
4650 0 0 4.01533e-45 7.74447e-33 0
4652.5 0 0 6.26547e-46 1.952e-32 0
4655 0 0 5.18346e-45 2.13685e-32 0
4657.5 0 0 4.7571e-46 5.086e-33 0
4660 0 0 1.87943e-45 1.13231e-32 0
4662.5 0 0 4.64754e-45 3.8449e-34 0
4665 0 0 3.70767e-45 3.14128e-32 0
4667.5 0 0 3.29958e-46 5.80544e-33 0
4670 0 0 3.81067e-45 5.22122e-33 0
4672.5 0 0 1.55454e-45 1.63299e-32 0
4675 0 0 6.18906e-45 5.66577e-33 0
4677.5 0 0 2.33226e-45 6.657e-33 0
4680 0 0 6.36081e-46 2.38237e-32 0
4682.5 0 0 2.97629e-45 1.87679e-32 0
4685 0 0 3.4815e-46 1.28844e-32 0
4687.5 0 0 1.70115e-45 1.03021e-32 0
4690 0 0 5.64072e-45 1.31336e-33 0
4692.5 0 0 2.84008e-45 2.36704e-32 0
4695 0 0 8.37744e-46 1.46577e-33 0
4697.5 0 0 3.48752e-45 8.29224e-33 0
4700 0 0 1.69298e-45 2.41686e-32 0
4702.5 0 0 5.78389e-45 5.79998e-33 0
4705 0 0 7.96756e-46 7.72597e-34 0
4707.5 0 0 1.69486e-45 1.8714e-32 0
4710 0 0 3.60853e-45 1.8951e-32 0
4712.5 0 0 5.51179e-46 1.74113e-32 0
4715 0 0 7.06731e-46 8.39076e-33 0
4717.5 0 0 4.22178e-45 3.77421e-33 0
4720 0 0 3.8649e-45 1.5509e-32 0
4722.5 0 0 3.31272e-45 1.0211e-33 0
4725 0 0 2.62758e-45 6.52695e-33 0
4727.5 0 0 1.02009e-45 2.43481e-32 0
4730 0 0 3.51459e-45 1.81494e-32 0
4732.5 0 0 1.85986e-45 8.17668e-33 0
4735 0 0 1.65427e-45 9.24386e-33 0
4737.5 0 0 5.39196e-45 9.3869e-33 0
4740 0 0 2.69454e-45 1.65122e-32 0
4742.5 0 0 2.41014e-46 2.01531e-32 0
4745 0 0 1.6477e-45 4.39484e-33 0
4747.5 0 0 2.42688e-45 2.2011e-32 0
4750 0 0 4.66487e-45 3.81878e-33 0
4752.5 0 0 4.18715e-45 3.88048e-33 0
4755 0 0 6.73686e-46 1.01216e-32 0
4757.5 0 0 4.15418e-45 1.44915e-32 0
4760 0 0 2.31865e-45 1.92621e-32 0
4762.5 0 0 1.19334e-45 1.33681e-32 0
4765 0 0 2.81683e-45 3.79752e-33 0
4767.5 0 0 2.9628e-45 1.22044e-32 0
4770 0 0 1.69946e-45 2.55497e-32 0
4772.5 0 0 1.91746e-45 1.7581e-33 0
4775 0 0 4.52679e-46 1.67475e-32 0
4777.5 0 0 3.90625e-45 7.5898e-33 0
4780 0 0 5.71684e-45 6.51425e-33 0
4782.5 0 0 2.86593e-47 5.55803e-33 0
4785 0 0 4.56808e-45 8.16396e-34 0
4787.5 0 0 2.55819e-45 1.92619e-32 0
4790 0 0 1.3887e-45 2.10951e-32 0
4792.5 0 0 1.24933e-45 2.95303e-34 0
4795 0 0 3.54368e-46 2.20671e-32 0
4797.5 0 0 1.49633e-45 2.00532e-32 0
4800 0 0 4.40476e-45 2.27855e-33 0
4802.5 0 0 3.72343e-46 8.746e-33 0
4805 0 0 5.47317e-45 2.36889e-33 0
4807.5 0 0 3.87999e-45 1.12125e-32 0
4810 0 0 2.99922e-46 1.49974e-32 0
4812.5 0 0 2.14152e-45 2.54123e-33 0
4815 0 0 2.67637e-45 1.38738e-32 0
4817.5 0 0 2.89078e-45 1.66455e-32 0
4820 0 0 3.19517e-45 1.49221e-33 0
4822.5 0 0 1.68442e-46 1.61247e-32 0
4825 0 0 3.64314e-46 2.5986e-32 0
4827.5 0 0 4.54139e-45 8.81063e-33 0
4830 0 0 8.18772e-46 1.38416e-32 0
4832.5 0 0 4.36556e-45 3.31545e-33 0
4835 0 0 4.36097e-45 2.09805e-33 0
4837.5 0 0 1.12751e-45 2.03616e-32 0
4840 0 0 1.74508e-45 7.28001e-33 0
4842.5 0 0 3.61937e-45 1.22081e-32 0
4845 0 0 1.52237e-45 1.09531e-32 0
4847.5 0 0 6.3092e-45 2.45463e-33 0
4850 0 0 5.75906e-46 1.22044e-32 0
4852.5 0 0 7.22735e-46 2.965e-32 0
4855 0 0 1.75129e-45 1.00346e-32 0
4857.5 0 0 2.56176e-46 2.68667e-32 0
4860 0 0 3.14853e-45 5.13753e-34 0
4862.5 0 0 5.81546e-45 3.0109e-34 0
4865 0 0 2.32896e-45 1.09838e-32 0
4867.5 0 0 3.14053e-45 7.00941e-33 0
4870 0 0 2.08446e-45 9.10132e-33 0
4872.5 0 0 4.23148e-46 1.63988e-32 0
4875 0 0 6.02239e-45 6.82392e-33 0
4877.5 0 0 9.63847e-46 1.42132e-32 0
4880 0 0 9.86735e-46 2.4442e-32 0
4882.5 0 0 1.27928e-45 6.12948e-33 0
4885 0 0 3.00029e-46 3.06746e-32 0
4887.5 0 0 3.83971e-45 3.2686e-34 0
4890 0 0 7.12829e-45 8.93216e-34 0
4892.5 0 0 1.81914e-45 7.13275e-33 0
4895 0 0 3.46073e-45 6.22194e-33 0
4897.5 0 0 8.73793e-46 1.79119e-32 0
4900 0 0 3.12491e-46 2.65169e-32 0
4902.5 0 0 4.79596e-45 4.20361e-33 0
4905 0 0 4.67752e-46 1.25849e-32 0
4907.5 0 0 2.71869e-45 1.56913e-32 0
4910 0 0 2.58458e-45 7.18258e-33 0
4912.5 0 0 7.58191e-46 2.82221e-32 0
4915 0 0 3.89962e-45 2.8695e-33 0
4917.5 0 0 6.06105e-45 5.77365e-33 0
4920 0 0 2.04374e-45 1.01747e-32 0
4922.5 0 0 3.94034e-45 5.38264e-33 0
4925 0 0 7.35778e-46 1.87793e-32 0
4927.5 0 0 2.11509e-46 2.26042e-32 0
4930 0 0 3.4959e-45 5.34365e-33 0
4932.5 0 0 5.88412e-46 9.84501e-33 0
4935 0 0 3.75313e-45 1.33159e-32 0
4937.5 0 0 2.91743e-45 6.94491e-33 0
4940 0 0 9.1952e-46 1.872e-32 0
4942.5 0 0 2.84489e-45 5.40981e-34 0
4945 0 0 5.37777e-45 1.3955e-32 0
4947.5 0 0 1.78367e-45 1.47319e-32 0
4950 0 0 4.0955e-45 3.82884e-33 0
4952.5 0 0 2.40717e-46 1.09324e-32 0
4955 0 0 2.89148e-46 2.02414e-32 0
4957.5 0 0 3.10351e-45 5.26029e-33 0
4960 0 0 9.67517e-46 1.90755e-32 0
4962.5 0 0 1.85899e-45 7.93492e-33 0
4965 0 0 3.28514e-45 2.41718e-33 0
4967.5 0 0 4.1297e-46 1.11602e-32 0
4970 0 0 4.69665e-45 3.71515e-33 0
4972.5 0 0 4.03667e-45 7.89787e-33 0
4975 0 0 5.84314e-46 1.91497e-32 0
4977.5 0 0 3.16556e-45 3.51789e-34 0
4980 0 0 1.58761e-46 1.34461e-32 0
4982.5 0 0 9.50079e-46 2.13024e-32 0
4985 0 0 4.36187e-45 1.24963e-33 0
4987.5 0 0 5.31419e-46 2.23328e-32 0
4990 0 0 1.06863e-45 2.59656e-33 0
4992.5 0 0 5.11223e-45 2.32315e-33 0
4995 0 0 1.57443e-46 1.8693e-32 0
4997.5 0 0 5.0492e-45 4.04085e-33 0
