0 0 0 0 0 0
2.5 0 0 1.41262e-44 1.18088e-33 0
5 0 0 7.04725e-45 1.36588e-33 0
7.5 0 0 1.52017e-45 1.4418e-33 0
10 0 0 2.78334e-48 1.15826e-33 0
12.5 0 0 6.99093e-46 1.80199e-33 0
15 0 0 9.49063e-46 3.93345e-33 0
17.5 0 0 3.35842e-46 4.19192e-33 0
20 0 0 2.21625e-48 1.39015e-33 0
22.5 0 0 3.11418e-46 4.34658e-33 0
25 0 0 5.0596e-46 1.83836e-32 0
27.5 0 0 2.15815e-46 2.40738e-32 0
30 0 0 5.58563e-49 5.22607e-33 0
32.5 0 0 2.34159e-46 2.24361e-32 0
35 0 0 4.5296e-46 2.08136e-31 0
37.5 0 0 2.42803e-46 6.03596e-31 0
40 0 0 1.32517e-48 1.00606e-30 0
42.5 0 0 2.10295e-46 1.09146e-30 0
45 0 0 5.30332e-46 7.59533e-31 0
47.5 0 0 3.7917e-46 2.8255e-31 0
50 0 0 2.41539e-47 1.92334e-32 0
52.5 0 0 1.88729e-46 3.26908e-32 0
55 0 0 7.21185e-46 1.02013e-31 0
57.5 0 0 7.15258e-46 6.85135e-32 0
60 0 0 1.37081e-46 5.59186e-33 0
62.5 0 0 1.55042e-46 2.10327e-32 0
65 0 0 1.17488e-45 6.63859e-32 0
67.5 0 0 1.71222e-45 4.86648e-32 0
70 0 0 6.70029e-46 4.13713e-33 0
72.5 0 0 1.40121e-46 2.08239e-32 0
75 0 0 3.82839e-45 6.86103e-32 0
77.5 0 0 1.19325e-44 5.59955e-32 0
80 0 0 1.9197e-44 6.50884e-33 0
82.5 0 0 1.97174e-44 2.05594e-32 0
85 0 0 1.32136e-44 8.39203e-32 0
87.5 0 0 5.12725e-45 8.26913e-32 0
90 0 0 6.40733e-46 1.64006e-32 0
92.5 0 0 9.99128e-47 1.63104e-32 0
95 0 0 6.22597e-46 1.06743e-31 0
97.5 0 0 4.18063e-46 1.37292e-31 0
100 0 0 1.79274e-47 4.72051e-32 0
102.5 0 0 1.53046e-46 7.74835e-33 0
105 0 0 3.93332e-46 1.40343e-31 0
107.5 0 0 2.1374e-46 2.61022e-31 0
110 0 0 7.39107e-50 1.52605e-31 0
112.5 0 0 2.26977e-46 2.85832e-33 0
115 0 0 5.11751e-46 2.61435e-31 0
117.5 0 0 3.20232e-46 1.0015e-30 0
120 0 0 7.74561e-48 1.68713e-30 0
122.5 0 0 2.34391e-46 1.73714e-30 0
125 0 0 7.24492e-46 1.16208e-30 0
127.5 0 0 6.45739e-46 4.75836e-31 0
130 0 0 1.08038e-46 9.20066e-32 0
132.5 0 0 1.37409e-46 4.70299e-33 0
135 0 0 9.19544e-46 8.95272e-33 0
137.5 0 0 1.26606e-45 2.94774e-33 0
140 0 0 5.38296e-46 2.00741e-33 0
142.5 0 0 9.63098e-48 1.09336e-32 0
145 0 0 1.02125e-45 7.66692e-33 0
147.5 0 0 2.47101e-45 6.33032e-36 0
150 0 0 2.04137e-45 1.07909e-32 0
152.5 0 0 2.318e-46 2.6876e-32 0
155 0 0 1.20347e-45 2.00524e-32 0
157.5 0 0 7.97124e-45 1.8786e-33 0
160 0 0 1.7573e-44 7.38873e-33 0
162.5 0 0 2.29492e-44 3.33277e-32 0
165 0 0 1.99997e-44 3.98576e-32 0
167.5 0 0 1.15534e-44 1.5919e-32 0
170 0 0 3.87025e-45 4.34355e-34 0
172.5 0 0 4.2245e-46 2.29746e-32 0
175 0 0 6.93586e-47 5.55561e-32 0
177.5 0 0 2.56453e-46 5.08638e-32 0
180 0 0 8.60731e-47 1.39518e-32 0
182.5 0 0 1.20367e-47 3.90163e-33 0
185 0 0 1.57739e-46 5.45462e-32 0
187.5 0 0 1.48552e-46 1.14701e-31 0
190 0 0 6.80517e-48 9.97263e-32 0
192.5 0 0 1.14671e-46 1.90363e-32 0
195 0 0 3.9152e-46 3.13282e-32 0
197.5 0 0 3.57664e-46 3.20149e-31 0
200 0 0 5.47082e-47 8.7406e-31 0
202.5 0 0 9.71698e-47 1.40754e-30 0
205 0 0 5.919e-46 1.56192e-30 0
207.5 0 0 8.00244e-46 1.22606e-30 0
210 0 0 3.41852e-46 6.44337e-31 0
212.5 0 0 3.75507e-48 1.83447e-31 0
215 0 0 5.66822e-46 8.79674e-33 0
217.5 0 0 1.36435e-45 1.4719e-32 0
220 0 0 1.13637e-45 3.11276e-32 0
222.5 0 0 1.828e-46 1.14971e-32 0
225 0 0 2.73792e-46 7.6673e-34 0
227.5 0 0 1.88629e-45 1.11188e-32 0
230 0 0 2.9153e-45 1.15463e-32 0
232.5 0 0 1.5939e-45 1.65595e-33 0
235 0 0 2.227e-47 1.05009e-32 0
237.5 0 0 2.7181e-45 2.96469e-32 0
240 0 0 1.09179e-44 2.26656e-32 0
242.5 0 0 1.97535e-44 2.20848e-33 0
245 0 0 2.25415e-44 1.89095e-32 0
247.5 0 0 1.74859e-44 6.22345e-32 0
250 0 0 9.00143e-45 6.11552e-32 0
252.5 0 0 2.66956e-45 1.33253e-32 0
255 0 0 2.78949e-46 1.34805e-32 0
257.5 0 0 5.26778e-47 9.29737e-32 0
260 0 0 7.20422e-47 1.36823e-31 0
262.5 0 0 3.03562e-49 6.52746e-32 0
265 0 0 7.84542e-47 2.27027e-33 0
267.5 0 0 1.33106e-46 1.01928e-31 0
270 0 0 2.48979e-47 2.62775e-31 0
272.5 0 0 6.42106e-47 2.33825e-31 0
275 0 0 3.79132e-46 4.21036e-32 0
277.5 0 0 5.11215e-46 8.40675e-32 0
280 0 0 2.01461e-46 6.30571e-31 0
282.5 0 0 1.07106e-47 1.38348e-30 0
285 0 0 4.59458e-46 1.73463e-30 0
287.5 0 0 1.00362e-45 1.4272e-30 0
290 0 0 7.72331e-46 7.81001e-31 0
292.5 0 0 1.00669e-46 2.67787e-31 0
295 0 0 2.17668e-46 5.23703e-32 0
297.5 0 0 1.24711e-45 8.13236e-33 0
300 0 0 1.72968e-45 1.23489e-33 0
302.5 0 0 8.4017e-46 5.0597e-33 0
305 0 0 3.82141e-48 1.52228e-32 0
307.5 0 0 9.76255e-46 1.00799e-32 0
310 0 0 2.87862e-45 2.74632e-34 0
312.5 0 0 2.98212e-45 1.90034e-32 0
315 0 0 8.97984e-46 5.12458e-32 0
317.5 0 0 2.84928e-46 4.63926e-32 0
320 0 0 4.83651e-45 9.5558e-33 0
322.5 0 0 1.31792e-44 6.26194e-33 0
325 0 0 1.93989e-44 5.50406e-32 0
327.5 0 0 1.89319e-44 8.65224e-32 0
330 0 0 1.28486e-44 5.03222e-32 0
332.5 0 0 5.93948e-45 2.63275e-33 0
335 0 0 1.72947e-45 2.55256e-32 0
337.5 0 0 2.91156e-46 9.60524e-32 0
340 0 0 4.43568e-47 1.1233e-31 0
342.5 0 0 1.84539e-47 4.72855e-32 0
345 0 0 6.24203e-47 3.94825e-34 0
347.5 0 0 8.65167e-47 5.97727e-32 0
350 0 0 1.59059e-47 1.65029e-31 0
352.5 0 0 6.36408e-47 1.7407e-31 0
355 0 0 3.65338e-46 6.3575e-32 0
357.5 0 0 5.64583e-46 3.49912e-33 0
360 0 0 3.18947e-46 1.90373e-31 0
362.5 0 0 7.24547e-48 6.17838e-31 0
365 0 0 2.6903e-46 1.04462e-30 0
367.5 0 0 9.02372e-46 1.19997e-30 0
370 0 0 9.9458e-46 1.01135e-30 0
372.5 0 0 3.55317e-46 6.34238e-31 0
375 0 0 1.51918e-47 2.88485e-31 0
377.5 0 0 7.26244e-46 8.90602e-32 0
380 0 0 1.62883e-45 1.7169e-32 0
382.5 0 0 1.37207e-45 3.13609e-33 0
385 0 0 2.82003e-46 1.51701e-33 0
387.5 0 0 1.83603e-46 4.53417e-34 0
390 0 0 1.71541e-45 1.39081e-34 0
392.5 0 0 3.00285e-45 2.90784e-33 0
395 0 0 2.10699e-45 1.09571e-32 0
397.5 0 0 2.33746e-46 1.87285e-32 0
400 0 0 1.02212e-45 1.49989e-32 0
402.5 0 0 6.20223e-45 2.91906e-33 0
405 0 0 1.29548e-44 5.30102e-33 0
407.5 0 0 1.64248e-44 3.16949e-32 0
410 0 0 1.44616e-44 5.23388e-32 0
412.5 0 0 9.18197e-45 3.50999e-32 0
415 0 0 4.21501e-45 3.99468e-33 0
417.5 0 0 1.41682e-45 1.78224e-32 0
420 0 0 3.98636e-46 7.69683e-32 0
422.5 0 0 1.38338e-46 1.02557e-31 0
425 0 0 9.4257e-47 5.07082e-32 0
427.5 0 0 8.43943e-47 2.13439e-33 0
430 0 0 2.56276e-47 6.07673e-32 0
432.5 0 0 2.98586e-47 1.80018e-31 0
435 0 0 2.68583e-46 1.95183e-31 0
437.5 0 0 5.59297e-46 6.97757e-32 0
440 0 0 4.8878e-46 1.37251e-32 0
442.5 0 0 1.12209e-46 2.54628e-31 0
445 0 0 5.70067e-47 7.25815e-31 0
447.5 0 0 5.95531e-46 1.08889e-30 0
450 0 0 1.06016e-45 1.08167e-30 0
452.5 0 0 7.44147e-46 7.63803e-31 0
455 0 0 9.10529e-47 3.94997e-31 0
457.5 0 0 2.03144e-46 1.569e-31 0
460 0 0 1.14683e-45 5.45371e-32 0
462.5 0 0 1.6423e-45 2.08654e-32 0
465 0 0 9.06974e-46 1.37004e-32 0
467.5 0 0 3.30747e-47 1.30712e-32 0
470 0 0 5.89747e-46 5.71113e-33 0
472.5 0 0 2.19635e-45 1.48109e-33 0
475 0 0 2.72221e-45 2.13042e-32 0
477.5 0 0 1.28637e-45 5.1213e-32 0
480 0 0 3.11868e-47 4.91274e-32 0
482.5 0 0 1.89759e-45 1.4065e-32 0
485 0 0 6.93838e-45 2.32751e-33 0
487.5 0 0 1.18114e-44 4.39069e-32 0
490 0 0 1.31027e-44 8.54252e-32 0
492.5 0 0 1.04753e-44 6.43583e-32 0
495 0 0 6.30927e-45 1.05944e-32 0
497.5 0 0 2.99595e-45 1.063e-32 0
500 0 0 1.24053e-45 7.59456e-32 0
502.5 0 0 5.40735e-46 1.16357e-31 0
505 0 0 2.98225e-46 7.07269e-32 0
507.5 0 0 1.88147e-46 5.53382e-33 0
510 0 0 6.79239e-47 2.70841e-32 0
512.5 0 0 7.36868e-48 1.24544e-31 0
515 0 0 1.98538e-46 1.71574e-31 0
517.5 0 0 5.59144e-46 9.81936e-32 0
520 0 0 6.54605e-46 5.18095e-33 0
522.5 0 0 3.03409e-46 6.26266e-32 0
525 0 0 2.55799e-48 3.12445e-31 0
527.5 0 0 3.05842e-46 6.10698e-31 0
530 0 0 9.19046e-46 7.66385e-31 0
532.5 0 0 9.89397e-46 7.08754e-31 0
535 0 0 3.75972e-46 5.14634e-31 0
537.5 0 0 4.50067e-48 3.07691e-31 0
540 0 0 5.68554e-46 1.60509e-31 0
542.5 0 0 1.39495e-45 7.85774e-32 0
545 0 0 1.30148e-45 3.74187e-32 0
547.5 0 0 3.79865e-46 1.5058e-32 0
550 0 0 4.87507e-47 2.47126e-33 0
552.5 0 0 1.06279e-45 1.5044e-33 0
555 0 0 2.24812e-45 1.44926e-32 0
557.5 0 0 1.96748e-45 3.15975e-32 0
560 0 0 5.21853e-46 3.38831e-32 0
562.5 0 0 1.83653e-46 1.62469e-32 0
565 0 0 2.5813e-45 5.0836e-34 0
567.5 0 0 6.64308e-45 1.15563e-32 0
570 0 0 9.5866e-45 4.09942e-32 0
572.5 0 0 9.64047e-45 5.17263e-32 0
575 0 0 7.36296e-45 2.74664e-32 0
577.5 0 0 4.53961e-45 1.67734e-33 0
580 0 0 2.4415e-45 1.68069e-32 0
582.5 0 0 1.2732e-45 6.14519e-32 0
585 0 0 7.03638e-46 7.73013e-32 0
587.5 0 0 3.97551e-46 3.95005e-32 0
590 0 0 1.65257e-46 2.02577e-33 0
592.5 0 0 1.03511e-47 3.13568e-32 0
595 0 0 9.05881e-47 1.07013e-31 0
597.5 0 0 4.25083e-46 1.33408e-31 0
600 0 0 6.78136e-46 6.85152e-32 0
602.5 0 0 5.03042e-46 4.31243e-33 0
605 0 0 9.74346e-47 7.67696e-32 0
607.5 0 0 6.11994e-47 3.02539e-31 0
610 0 0 5.5501e-46 5.43154e-31 0
612.5 0 0 9.56413e-46 6.40502e-31 0
615 0 0 6.84676e-46 5.59862e-31 0
617.5 0 0 1.07923e-46 3.88743e-31 0
620 0 0 1.16188e-46 2.29286e-31 0
622.5 0 0 8.23746e-46 1.23727e-31 0
625 0 0 1.29188e-45 6.51383e-32 0
627.5 0 0 8.31603e-46 3.46708e-32 0
630 0 0 8.90139e-47 1.65769e-32 0
632.5 0 0 2.42288e-46 3.52392e-33 0
635 0 0 1.30114e-45 2.47885e-33 0
637.5 0 0 1.93248e-45 2.15962e-32 0
640 0 0 1.23479e-45 4.54226e-32 0
642.5 0 0 1.38967e-46 4.35788e-32 0
645 0 0 4.85172e-46 1.50757e-32 0
647.5 0 0 2.85637e-45 4.09881e-34 0
650 0 0 5.83051e-45 2.73663e-32 0
652.5 0 0 7.44095e-45 6.39195e-32 0
655 0 0 6.98286e-45 5.8139e-32 0
657.5 0 0 5.24848e-45 1.66125e-32 0
660 0 0 3.4122e-45 1.91563e-33 0
662.5 0 0 2.08711e-45 4.23535e-32 0
665 0 0 1.28404e-45 8.48478e-32 0
667.5 0 0 7.88242e-46 6.80815e-32 0
670 0 0 4.08796e-46 1.48614e-32 0
672.5 0 0 1.01628e-46 5.74093e-33 0
675 0 0 8.45699e-48 6.46225e-32 0
677.5 0 0 2.49984e-46 1.18489e-31 0
680 0 0 6.16348e-46 9.37499e-32 0
682.5 0 0 6.70493e-46 2.12789e-32 0
685 0 0 3.08382e-46 8.92603e-33 0
687.5 0 0 4.86642e-48 1.16491e-31 0
690 0 0 2.28458e-46 2.88405e-31 0
692.5 0 0 7.38989e-46 4.14581e-31 0
695 0 0 8.42576e-46 4.33685e-31 0
697.5 0 0 3.73261e-46 3.66483e-31 0
700 0 0 2.4052e-48 2.70675e-31 0
702.5 0 0 3.21979e-46 1.87506e-31 0
705 0 0 9.52854e-46 1.26913e-31 0
707.5 0 0 1.01979e-45 8.09842e-32 0
710 0 0 4.07247e-46 4.13608e-32 0
712.5 0 0 1.52077e-48 1.05117e-32 0
715 0 0 4.85165e-46 5.07448e-34 0
717.5 0 0 1.32725e-45 1.6108e-32 0
720 0 0 1.42707e-45 3.95654e-32 0
722.5 0 0 6.14682e-46 4.29804e-32 0
725 0 0 1.52063e-47 2.09893e-32 0
727.5 0 0 7.75736e-46 9.03322e-34 0
730 0 0 2.7497e-45 9.6211e-33 0
732.5 0 0 4.67228e-45 3.6913e-32 0
735 0 0 5.44028e-45 4.66904e-32 0
737.5 0 0 4.95894e-45 2.52668e-32 0
740 0 0 3.86132e-45 1.75963e-33 0
742.5 0 0 2.76829e-45 1.00095e-32 0
745 0 0 1.92707e-45 4.15827e-32 0
747.5 0 0 1.30325e-45 5.49157e-32 0
750 0 0 7.80152e-46 3.12622e-32 0
752.5 0 0 3.14062e-46 2.79337e-33 0
755 0 0 2.37607e-47 1.22446e-32 0
757.5 0 0 8.23901e-47 5.46435e-32 0
760 0 0 4.26296e-46 7.90375e-32 0
762.5 0 0 6.7078e-46 5.27337e-32 0
765 0 0 5.01849e-46 8.7345e-33 0
767.5 0 0 1.15176e-46 1.52651e-32 0
770 0 0 2.85112e-47 1.01703e-31 0
772.5 0 0 3.93115e-46 2.26413e-31 0
775 0 0 7.36224e-46 3.18108e-31 0
777.5 0 0 5.80266e-46 3.37767e-31 0
780 0 0 1.32241e-46 2.96977e-31 0
782.5 0 0 3.67393e-47 2.30049e-31 0
785 0 0 4.72436e-46 1.63063e-31 0
787.5 0 0 8.61675e-46 1.06356e-31 0
790 0 0 6.57722e-46 6.12115e-32 0
792.5 0 0 1.36872e-46 2.66028e-32 0
795 0 0 5.73446e-47 4.60022e-33 0
797.5 0 0 6.1341e-46 1.51846e-33 0
800 0 0 1.12419e-45 1.79214e-32 0
802.5 0 0 9.16544e-46 3.73716e-32 0
805 0 0 2.45614e-46 3.68392e-32 0
807.5 0 0 5.52392e-47 1.51473e-32 0
810 0 0 9.03316e-46 4.31666e-35 0
812.5 0 0 2.37501e-45 1.40757e-32 0
815 0 0 3.57207e-45 4.09141e-32 0
817.5 0 0 3.95783e-45 4.39972e-32 0
820 0 0 3.63455e-45 1.80593e-32 0
822.5 0 0 2.99961e-45 3.69346e-35 0
825 0 0 2.3489e-45 1.81811e-32 0
827.5 0 0 1.76835e-45 4.96498e-32 0
830 0 0 1.21825e-45 5.05153e-32 0
832.5 0 0 6.61983e-46 1.88292e-32 0
835 0 0 1.87348e-46 1.21456e-34 0
837.5 0 0 4.67183e-49 2.45776e-32 0
840 0 0 1.96323e-46 6.32973e-32 0
842.5 0 0 5.35355e-46 6.56755e-32 0
845 0 0 6.08356e-46 2.76508e-32 0
847.5 0 0 3.11362e-46 1.92967e-34 0
850 0 0 1.76945e-47 2.99131e-32 0
852.5 0 0 1.19815e-46 1.08916e-31 0
855 0 0 4.90698e-46 1.88841e-31 0
857.5 0 0 6.26842e-46 2.30398e-31 0
860 0 0 3.348e-46 2.2945e-31 0
862.5 0 0 1.89335e-47 2.04495e-31 0
865 0 0 1.33017e-46 1.73261e-31 0
867.5 0 0 5.37929e-46 1.41664e-31 0
870 0 0 6.78299e-46 1.06113e-31 0
872.5 0 0 3.54876e-46 6.3517e-32 0
875 0 0 1.75554e-47 2.22487e-32 0
877.5 0 0 1.58557e-46 1.04026e-33 0
880 0 0 6.34296e-46 9.93533e-33 0
882.5 0 0 8.41289e-46 3.31993e-32 0
885 0 0 5.07675e-46 4.12305e-32 0
887.5 0 0 6.18669e-47 2.37778e-32 0
890 0 0 1.40563e-46 2.76363e-33 0
892.5 0 0 8.94639e-46 4.3561e-33 0
895 0 0 1.89627e-45 2.47743e-32 0
897.5 0 0 2.62029e-45 3.56627e-32 0
900 0 0 2.8648e-45 2.23072e-32 0
902.5 0 0 2.74373e-45 2.98549e-33 0
905 0 0 2.44536e-45 3.62549e-33 0
907.5 0 0 2.07024e-45 2.28679e-32 0
910 0 0 1.61966e-45 3.45554e-32 0
912.5 0 0 1.06998e-45 2.31015e-32 0
915 0 0 4.85966e-46 3.94899e-33 0
917.5 0 0 7.36258e-47 2.99865e-33 0
920 0 0 3.58469e-47 2.30445e-32 0
922.5 0 0 3.13214e-46 4.02009e-32 0
925 0 0 5.52112e-46 3.35602e-32 0
927.5 0 0 4.55299e-46 1.09638e-32 0
930 0 0 1.39339e-46 1.44119e-33 0
932.5 0 0 3.4055e-48 2.56156e-32 0
935 0 0 2.15783e-46 7.7588e-32 0
937.5 0 0 4.83075e-46 1.33687e-31 0
940 0 0 4.38619e-46 1.73075e-31 0
942.5 0 0 1.42456e-46 1.88388e-31 0
945 0 0 2.71392e-48 1.8202e-31 0
947.5 0 0 2.14226e-46 1.58742e-31 0
950 0 0 4.87573e-46 1.23034e-31 0
952.5 0 0 4.46869e-46 8.03425e-32 0
955 0 0 1.47569e-46 3.87448e-32 0
957.5 0 0 2.5676e-48 8.96974e-33 0
960 0 0 2.23905e-46 1.72573e-34 0
962.5 0 0 5.39489e-46 1.13717e-32 0
965 0 0 5.50728e-46 2.73019e-32 0
967.5 0 0 2.43288e-46 2.92408e-32 0
970 0 0 7.1654e-48 1.44616e-32 0
972.5 0 0 1.92886e-46 7.87711e-34 0
975 0 0 7.71995e-46 5.54629e-33 0
977.5 0 0 1.43807e-45 2.25803e-32 0
980 0 0 1.92265e-45 2.90164e-32 0
982.5 0 0 2.15326e-45 1.5818e-32 0
985 0 0 2.18405e-45 1.05744e-33 0
987.5 0 0 2.07209e-45 5.65538e-33 0
990 0 0 1.82217e-45 2.39348e-32 0
992.5 0 0 1.40697e-45 3.07938e-32 0
995 0 0 8.47941e-46 1.66011e-32 0
997.5 0 0 3.01529e-46 1.0616e-33 0
1000 0 0 1.46092e-47 6.3298e-33 0
1002.5 0 0 1.03301e-46 2.66915e-32 0
1005 0 0 3.76562e-46 3.61872e-32 0
1007.5 0 0 4.83418e-46 2.27429e-32 0
1010 0 0 2.91193e-46 3.37799e-33 0
1012.5 0 0 4.04518e-47 3.71632e-33 0
1015 0 0 4.04535e-47 3.09017e-32 0
1017.5 0 0 2.69324e-46 7.07804e-32 0
1020 0 0 4.06753e-46 1.05254e-31 0
1022.5 0 0 2.65332e-46 1.26077e-31 0
1025 0 0 3.98491e-47 1.34643e-31 0
1027.5 0 0 3.53649e-47 1.34841e-31 0
1030 0 0 2.50172e-46 1.27167e-31 0
1032.5 0 0 3.85169e-46 1.0757e-31 0
1035 0 0 2.56768e-46 7.33483e-32 0
1037.5 0 0 4.15746e-47 3.26878e-32 0
1040 0 0 3.04216e-47 4.84884e-33 0
1042.5 0 0 2.41627e-46 3.7906e-33 0
1045 0 0 4.07366e-46 2.10537e-32 0
1047.5 0 0 3.23673e-46 3.19798e-32 0
1050 0 0 9.66291e-47 2.26483e-32 0
1052.5 0 0 5.90398e-48 5.1912e-33 0
1055 0 0 2.05398e-46 9.43162e-34 0
1057.5 0 0 6.16526e-46 1.281e-32 0
1060 0 0 1.06221e-45 2.29271e-32 0
1062.5 0 0 1.42376e-45 1.7438e-32 0
1065 0 0 1.66987e-45 4.18282e-33 0
1067.5 0 0 1.79939e-45 5.72645e-34 0
1070 0 0 1.78977e-45 1.00188e-32 0
1072.5 0 0 1.58963e-45 1.87452e-32 0
1075 0 0 1.16965e-45 1.5117e-32 0
1077.5 0 0 6.15092e-46 4.3016e-33 0
1080 0 0 1.53364e-46 2.31293e-34 0
1082.5 0 0 8.3485e-48 7.61432e-33 0
1085 0 0 1.74356e-46 1.71484e-32 0
1087.5 0 0 3.82309e-46 1.77011e-32 0
1090 0 0 3.65785e-46 8.97806e-33 0
1092.5 0 0 1.49998e-46 1.00346e-33 0
1095 0 0 2.50962e-48 3.91748e-33 0
1097.5 0 0 8.89524e-47 2.0355e-32 0
1100 0 0 2.6824e-46 4.61379e-32 0
1102.5 0 0 2.90504e-46 7.50628e-32 0
1105 0 0 1.28928e-46 1.01629e-31 0
1107.5 0 0 2.65333e-48 1.20551e-31 0
1110 0 0 7.27236e-47 1.26118e-31 0
1112.5 0 0 2.31126e-46 1.1398e-31 0
1115 0 0 2.58886e-46 8.48606e-32 0
1117.5 0 0 1.21714e-46 4.71656e-32 0
1120 0 0 4.18866e-48 1.5011e-32 0
1122.5 0 0 5.7254e-47 6.06632e-34 0
1125 0 0 2.08652e-46 5.20771e-33 0
1127.5 0 0 2.69454e-46 1.70495e-32 0
1130 0 0 1.70782e-46 2.09726e-32 0
1132.5 0 0 3.20225e-47 1.25634e-32 0
1135 0 0 1.63289e-47 1.92244e-33 0
1137.5 0 0 1.79602e-46 1.35663e-33 0
1140 0 0 4.65151e-46 1.03843e-32 0
1142.5 0 0 7.89859e-46 1.65427e-32 0
1145 0 0 1.0994e-45 1.15833e-32 0
1147.5 0 0 1.36041e-45 2.22e-33 0
1150 0 0 1.531e-45 9.63679e-34 0
1152.5 0 0 1.54508e-45 9.20713e-33 0
1155 0 0 1.33455e-45 1.5525e-32 0
1157.5 0 0 9.03281e-46 1.13633e-32 0
1160 0 0 3.98293e-46 2.4628e-33 0
1162.5 0 0 6.08911e-47 7.5345e-34 0
1165 0 0 3.52206e-47 8.46632e-33 0
1167.5 0 0 2.14556e-46 1.57923e-32 0
1170 0 0 3.3301e-46 1.38596e-32 0
1172.5 0 0 2.42535e-46 5.21769e-33 0
1175 0 0 6.10256e-47 1.02027e-35 0
1177.5 0 0 5.97358e-48 5.29807e-33 0
1180 0 0 1.1873e-46 2.04406e-32 0
1182.5 0 0 2.27279e-46 4.04348e-32 0
1185 0 0 1.82962e-46 6.05253e-32 0
1187.5 0 0 4.98624e-47 7.79138e-32 0
1190 0 0 3.53553e-48 9.10023e-32 0
1192.5 0 0 9.22769e-47 9.72148e-32 0
1195 0 0 1.84441e-46 9.15958e-32 0
1197.5 0 0 1.55171e-46 7.02804e-32 0
1200 0 0 4.7314e-47 3.80643e-32 0
1202.5 0 0 1.12456e-48 1.02491e-32 0
1205 0 0 6.83391e-47 1.36745e-33 0
1207.5 0 0 1.58425e-46 1.03205e-32 0
1210 0 0 1.63375e-46 2.06206e-32 0
1212.5 0 0 8.26777e-47 1.82951e-32 0
1215 0 0 8.00943e-48 6.74816e-33 0
1217.5 0 0 2.24696e-47 2.4599e-34 0
1220 0 0 1.44278e-46 4.98526e-33 0
1222.5 0 0 3.47892e-46 1.23701e-32 0
1225 0 0 6.01903e-46 1.18034e-32 0
1227.5 0 0 8.78022e-46 4.4349e-33 0
1230 0 0 1.13734e-45 5.26029e-35 0
1232.5 0 0 1.31378e-45 3.32969e-33 0
1235 0 0 1.31665e-45 8.59922e-33 0
1237.5 0 0 1.08149e-45 8.54786e-33 0
1240 0 0 6.56736e-46 3.58334e-33 0
1242.5 0 0 2.31696e-46 8.03085e-35 0
1245 0 0 2.00105e-47 1.75958e-33 0
1247.5 0 0 7.22334e-47 5.89631e-33 0
1250 0 0 2.22006e-46 7.5991e-33 0
1252.5 0 0 2.56917e-46 5.34861e-33 0
1255 0 0 1.38297e-46 1.70674e-33 0
1257.5 0 0 1.56345e-47 3.05887e-34 0
1260 0 0 2.43951e-47 3.47662e-33 0
1262.5 0 0 1.23156e-46 1.21925e-32 0
1265 0 0 1.6596e-46 2.67829e-32 0
1267.5 0 0 9.74934e-47 4.65793e-32 0
1270 0 0 1.21252e-47 6.83808e-32 0
1272.5 0 0 1.5717e-47 8.54693e-32 0
1275 0 0 8.87081e-47 8.95312e-32 0
1277.5 0 0 1.25748e-46 7.59015e-32 0
1280 0 0 7.96528e-47 4.86346e-32 0
1282.5 0 0 1.32904e-47 2.00242e-32 0
1285 0 0 7.35163e-48 2.96559e-33 0
1287.5 0 0 6.05913e-47 1.61932e-33 0
1290 0 0 1.04254e-46 8.82121e-33 0
1292.5 0 0 9.05387e-47 1.32113e-32 0
1295 0 0 3.84498e-47 9.62781e-33 0
1297.5 0 0 1.88094e-48 2.65969e-33 0
1300 0 0 2.08955e-47 8.42039e-35 0
1302.5 0 0 1.08809e-46 3.71095e-33 0
1305 0 0 2.64668e-46 7.9199e-33 0
1307.5 0 0 4.80292e-46 7.08774e-33 0
1310 0 0 7.33879e-46 2.46363e-33 0
1312.5 0 0 9.76978e-46 3.39456e-35 0
1315 0 0 1.12661e-45 2.55522e-33 0
1317.5 0 0 1.08867e-45 6.26107e-33 0
1320 0 0 8.28594e-46 6.17675e-33 0
1322.5 0 0 4.40524e-46 2.55934e-33 0
1325 0 0 1.19054e-46 1.07923e-34 0
1327.5 0 0 1.399e-47 1.70421e-33 0
1330 0 0 9.7227e-47 5.16331e-33 0
1332.5 0 0 1.96531e-46 6.43417e-33 0
1335 0 0 1.76561e-46 4.2823e-33 0
1337.5 0 0 6.82451e-47 1.05545e-33 0
1340 0 0 2.28447e-48 1.38206e-34 0
1342.5 0 0 3.90741e-47 3.74656e-33 0
1345 0 0 1.06582e-46 1.23779e-32 0
1347.5 0 0 1.08043e-46 2.50259e-32 0
1350 0 0 4.52194e-47 3.97265e-32 0
1352.5 0 0 1.39109e-48 5.41428e-32 0
1355 0 0 2.44884e-47 6.51593e-32 0
1357.5 0 0 7.18929e-47 6.80436e-32 0
1360 0 0 7.73109e-47 5.83499e-32 0
1362.5 0 0 3.65566e-47 3.72893e-32 0
1365 0 0 2.39311e-48 1.45651e-32 0
1367.5 0 0 1.16215e-47 2.28534e-33 0
1370 0 0 4.58386e-47 3.95395e-33 0
1372.5 0 0 6.36051e-47 1.10682e-32 0
1375 0 0 4.86406e-47 1.25975e-32 0
1377.5 0 0 1.8296e-47 6.72333e-33 0
1380 0 0 7.33795e-49 9.33343e-34 0
1382.5 0 0 1.78661e-47 1.34753e-33 0
1385 0 0 8.46247e-47 5.4765e-33 0
1387.5 0 0 2.10937e-46 6.82071e-33 0
1390 0 0 3.97584e-46 3.69463e-33 0
1392.5 0 0 6.25374e-46 4.24159e-34 0
1395 0 0 8.39967e-46 7.41734e-34 0
1397.5 0 0 9.50623e-46 3.21675e-33 0
1400 0 0 8.72985e-46 4.08662e-33 0
1402.5 0 0 6.07487e-46 2.35864e-33 0
1405 0 0 2.77463e-46 3.54741e-34 0
1407.5 0 0 5.59587e-47 1.93205e-34 0
1410 0 0 2.45009e-47 1.49505e-33 0
1412.5 0 0 1.06479e-46 2.54037e-33 0
1415 0 0 1.55953e-46 2.38759e-33 0
1417.5 0 0 1.08586e-46 1.39795e-33 0
1420 0 0 2.74037e-47 4.62074e-34 0
1422.5 0 0 3.59859e-48 4.33608e-34 0
1425 0 0 4.43254e-47 2.29701e-33 0
1427.5 0 0 7.97707e-47 7.5408e-33 0
1430 0 0 6.13602e-47 1.78264e-32 0
1432.5 0 0 1.67221e-47 3.3282e-32 0
1435 0 0 1.46612e-48 5.02443e-32 0
1437.5 0 0 2.54651e-47 6.12324e-32 0
1440 0 0 4.92459e-47 5.91882e-32 0
1442.5 0 0 4.13847e-47 4.35379e-32 0
1445 0 0 1.43466e-47 2.21225e-32 0
1447.5 0 0 4.31236e-49 5.91948e-33 0
1450 0 0 1.07793e-47 7.47711e-34 0
1452.5 0 0 2.90116e-47 3.66652e-33 0
1455 0 0 3.55939e-47 7.15411e-33 0
1457.5 0 0 2.63356e-47 6.41368e-33 0
1460 0 0 1.02939e-47 2.66615e-33 0
1462.5 0 0 1.27572e-48 1.35923e-34 0
1465 0 0 1.49432e-47 8.8003e-34 0
1467.5 0 0 6.83374e-47 3.01846e-33 0
1470 0 0 1.76255e-46 3.54507e-33 0
1472.5 0 0 3.42635e-46 1.90279e-33 0
1475 0 0 5.45288e-46 2.16783e-34 0
1477.5 0 0 7.21779e-46 3.83109e-34 0
1480 0 0 7.82762e-46 1.84038e-33 0
1482.5 0 0 6.69621e-46 2.58169e-33 0
1485 0 0 4.19378e-46 1.74249e-33 0
1487.5 0 0 1.62134e-46 4.3171e-34 0
1490 0 0 2.68318e-47 1.37466e-34 0
1492.5 0 0 3.56817e-47 1.04502e-33 0
1495 0 0 9.77453e-47 2.13048e-33 0
1497.5 0 0 1.10962e-46 2.36966e-33 0
1500 0 0 6.04168e-47 1.54938e-33 0
1502.5 0 0 9.22983e-48 3.64581e-34 0
1505 0 0 8.29568e-48 2.15639e-34 0
1507.5 0 0 3.99023e-47 2.67784e-33 0
1510 0 0 5.32466e-47 8.63407e-33 0
1512.5 0 0 3.17528e-47 1.77513e-32 0
1515 0 0 5.2587e-48 2.86486e-32 0
1517.5 0 0 3.72796e-48 3.89667e-32 0
1520 0 0 2.10317e-47 4.50615e-32 0
1522.5 0 0 3.04067e-47 4.29677e-32 0
1525 0 0 2.07797e-47 3.17169e-32 0
1527.5 0 0 5.44969e-48 1.61175e-32 0
1530 0 0 6.75226e-49 4.44893e-33 0
1532.5 0 0 7.79448e-48 1.63499e-33 0
1535 0 0 1.70781e-47 4.91542e-33 0
1537.5 0 0 2.02774e-47 7.35718e-33 0
1540 0 0 1.57657e-47 5.3958e-33 0
1542.5 0 0 7.14869e-48 1.64343e-33 0
1545 0 0 2.52678e-48 3.31937e-34 0
1547.5 0 0 1.47176e-47 1.89089e-33 0
1550 0 0 5.98432e-47 3.27743e-33 0
1552.5 0 0 1.53305e-46 2.47618e-33 0
1555 0 0 2.99415e-46 7.09978e-34 0
1557.5 0 0 4.7282e-46 1.22837e-34 0
1560 0 0 6.0815e-46 9.05869e-34 0
1562.5 0 0 6.26318e-46 1.58346e-33 0
1565 0 0 4.96298e-46 1.24305e-33 0
1567.5 0 0 2.78381e-46 4.18508e-34 0
1570 0 0 9.11372e-47 1.24981e-35 0
1572.5 0 0 1.78254e-47 2.11485e-34 0
1575 0 0 4.22247e-47 5.98111e-34 0
1577.5 0 0 8.0619e-47 7.93314e-34 0
1580 0 0 7.24807e-47 7.36451e-34 0
1582.5 0 0 3.01645e-47 5.72515e-34 0
1585 0 0 2.90729e-48 4.72893e-34 0
1587.5 0 0 1.12546e-47 6.58274e-34 0
1590 0 0 3.07553e-47 1.83139e-33 0
1592.5 0 0 3.15552e-47 5.60796e-33 0
1595 0 0 1.4362e-47 1.37146e-32 0
1597.5 0 0 1.41204e-48 2.56113e-32 0
1600 0 0 4.54194e-48 3.68034e-32 0
1602.5 0 0 1.41736e-47 4.08454e-32 0
1605 0 0 1.6327e-47 3.44719e-32 0
1607.5 0 0 9.48626e-48 2.10107e-32 0
1610 0 0 2.10912e-48 8.08883e-33 0
1612.5 0 0 5.50987e-49 1.5145e-33 0
1615 0 0 4.19219e-48 1.30273e-33 0
1617.5 0 0 9.11847e-48 3.265e-33 0
1620 0 0 1.19591e-47 3.67913e-33 0
1622.5 0 0 1.09081e-47 2.11314e-33 0
1625 0 0 6.74205e-48 4.28281e-34 0
1627.5 0 0 4.59977e-48 9.05245e-35 0
1630 0 0 1.5067e-47 8.16354e-34 0
1632.5 0 0 5.38808e-47 1.37211e-33 0
1635 0 0 1.37121e-46 1.08238e-33 0
1637.5 0 0 2.66436e-46 3.67842e-34 0
1640 0 0 4.09922e-46 2.81313e-35 0
1642.5 0 0 5.02467e-46 3.02029e-34 0
1645 0 0 4.83656e-46 7.35679e-34 0
1647.5 0 0 3.51142e-46 8.13106e-34 0
1650 0 0 1.75543e-46 4.94352e-34 0
1652.5 0 0 5.00304e-47 1.32491e-34 0
1655 0 0 1.6464e-47 6.61815e-35 0
1657.5 0 0 4.0721e-47 3.76921e-34 0
1660 0 0 5.93944e-47 8.67121e-34 0
1662.5 0 0 4.37078e-47 1.13963e-33 0
1665 0 0 1.41639e-47 8.7792e-34 0
1667.5 0 0 1.93595e-48 3.15216e-34 0
1670 0 0 1.08391e-47 4.14226e-34 0
1672.5 0 0 2.08095e-47 2.37296e-33 0
1675 0 0 1.74087e-47 6.84202e-33 0
1677.5 0 0 6.3722e-48 1.35059e-32 0
1680 0 0 7.67353e-49 2.10161e-32 0
1682.5 0 0 3.79577e-48 2.69759e-32 0
1685 0 0 8.40937e-48 2.84741e-32 0
1687.5 0 0 8.4741e-48 2.38755e-32 0
1690 0 0 4.71797e-48 1.48457e-32 0
1692.5 0 0 1.16044e-48 6.03482e-33 0
1695 0 0 2.38131e-49 1.64159e-33 0
1697.5 0 0 2.04305e-48 1.94036e-33 0
1700 0 0 5.39444e-48 3.61288e-33 0
1702.5 0 0 8.3056e-48 3.55865e-33 0
1705 0 0 8.87942e-48 1.78796e-33 0
1707.5 0 0 7.13695e-48 3.86697e-34 0
1710 0 0 6.65401e-48 5.00412e-34 0
1712.5 0 0 1.61516e-47 1.24673e-33 0
1715 0 0 5.03302e-47 1.32801e-33 0
1717.5 0 0 1.23889e-46 6.77525e-34 0
1720 0 0 2.34508e-46 1.40445e-34 0
1722.5 0 0 3.47043e-46 1.73721e-34 0
1725 0 0 4.03262e-46 4.49582e-34 0
1727.5 0 0 3.62737e-46 5.11563e-34 0
1730 0 0 2.42046e-46 3.11438e-34 0
1732.5 0 0 1.08927e-46 8.14403e-35 0
1735 0 0 2.93549e-47 1.47744e-36 0
1737.5 0 0 1.719e-47 8.11851e-35 0
1740 0 0 3.52058e-47 2.12693e-34 0
1742.5 0 0 4.08649e-47 2.97485e-34 0
1745 0 0 2.48388e-47 3.75105e-34 0
1747.5 0 0 6.39823e-48 5.43975e-34 0
1750 0 0 2.17638e-48 7.26656e-34 0
1752.5 0 0 8.65232e-48 8.54087e-34 0
1755 0 0 1.26017e-47 1.6239e-33 0
1757.5 0 0 8.79301e-48 4.69317e-33 0
1760 0 0 2.73211e-48 1.11554e-32 0
1762.5 0 0 5.97237e-49 1.93845e-32 0
1765 0 0 2.32131e-48 2.50676e-32 0
1767.5 0 0 4.20884e-48 2.44006e-32 0
1770 0 0 4.11415e-48 1.75779e-32 0
1772.5 0 0 2.52108e-48 8.80434e-33 0
1775 0 0 7.73209e-49 2.68994e-33 0
1777.5 0 0 2.05836e-51 7.5395e-34 0
1780 0 0 9.32988e-49 1.26781e-33 0
1782.5 0 0 3.45553e-48 1.79641e-33 0
1785 0 0 6.44078e-48 1.37221e-33 0
1787.5 0 0 8.37356e-48 5.3065e-34 0
1790 0 0 8.38231e-48 5.55977e-35 0
1792.5 0 0 8.25318e-48 1.13905e-34 0
1795 0 0 1.60308e-47 3.56557e-34 0
1797.5 0 0 4.67984e-47 4.34037e-34 0
1800 0 0 1.13007e-46 2.90476e-34 0
1802.5 0 0 2.06346e-46 9.55161e-35 0
1805 0 0 2.89411e-46 2.02784e-35 0
1807.5 0 0 3.1479e-46 9.4041e-35 0
1810 0 0 2.62443e-46 2.2465e-34 0
1812.5 0 0 1.6067e-46 2.97242e-34 0
1815 0 0 6.6052e-47 2.45823e-34 0
1817.5 0 0 1.87762e-47 9.84744e-35 0
1820 0 0 1.61142e-47 5.24903e-36 0
1822.5 0 0 2.68293e-47 1.49921e-34 0
1825 0 0 2.61018e-47 5.21553e-34 0
1827.5 0 0 1.3732e-47 8.09998e-34 0
1830 0 0 3.26027e-48 7.01948e-34 0
1832.5 0 0 2.0979e-48 3.69625e-34 0
1835 0 0 5.79455e-48 5.81192e-34 0
1837.5 0 0 7.11665e-48 2.21979e-33 0
1840 0 0 4.58839e-48 5.63007e-33 0
1842.5 0 0 1.50646e-48 1.02688e-32 0
1845 0 0 4.49871e-49 1.47336e-32 0
1847.5 0 0 1.11896e-48 1.71575e-32 0
1850 0 0 2.06174e-48 1.61205e-32 0
1852.5 0 0 2.36609e-48 1.18037e-32 0
1855 0 0 1.8195e-48 6.30452e-33 0
1857.5 0 0 7.67764e-49 2.31075e-33 0
1860 0 0 9.9398e-50 1.04727e-33 0
1862.5 0 0 7.24135e-49 1.53559e-33 0
1865 0 0 2.85496e-48 1.9403e-33 0
1867.5 0 0 5.85151e-48 1.43521e-33 0
1870 0 0 8.37651e-48 5.85163e-34 0
1872.5 0 0 8.9872e-48 2.05428e-34 0
1875 0 0 8.83138e-48 3.59229e-34 0
1877.5 0 0 1.58428e-47 5.46708e-34 0
1880 0 0 4.39774e-47 4.54983e-34 0
1882.5 0 0 1.01699e-46 2.12618e-34 0
1885 0 0 1.76544e-46 6.3859e-35 0
1887.5 0 0 2.3389e-46 7.30988e-35 0
1890 0 0 2.39017e-46 1.4641e-34 0
1892.5 0 0 1.8622e-46 1.72768e-34 0
1895 0 0 1.06072e-46 1.12983e-34 0
1897.5 0 0 4.12658e-47 2.93452e-35 0
1900 0 0 1.37413e-47 2.0917e-35 0
1902.5 0 0 1.4108e-47 8.86842e-35 0
1905 0 0 1.93329e-47 1.38644e-34 0
1907.5 0 0 1.62066e-47 1.78031e-34 0
1910 0 0 7.6415e-48 3.59429e-34 0
1912.5 0 0 1.91809e-48 6.76973e-34 0
1915 0 0 1.66078e-48 8.26156e-34 0
1917.5 0 0 3.44894e-48 7.65968e-34 0
1920 0 0 3.79487e-48 1.39159e-33 0
1922.5 0 0 2.44587e-48 4.04011e-33 0
1925 0 0 9.16904e-49 8.81838e-33 0
1927.5 0 0 2.08759e-49 1.36294e-32 0
1930 0 0 3.6246e-49 1.54892e-32 0
1932.5 0 0 9.73723e-49 1.31251e-32 0
1935 0 0 1.4882e-48 8.13351e-33 0
1937.5 0 0 1.4618e-48 3.47795e-33 0
1940 0 0 9.30036e-49 1.01789e-33 0
1942.5 0 0 4.32261e-49 5.35417e-34 0
1945 0 0 7.13582e-49 7.44843e-34 0
1947.5 0 0 2.45983e-48 7.36619e-34 0
1950 0 0 5.6951e-48 4.34611e-34 0
1952.5 0 0 8.81346e-48 1.36891e-34 0
1955 0 0 9.36509e-48 1.68146e-35 0
1957.5 0 0 8.3982e-48 3.7864e-35 0
1960 0 0 1.4682e-47 9.82579e-35 0
1962.5 0 0 4.10344e-47 1.31793e-34 0
1965 0 0 9.12802e-47 1.18456e-34 0
1967.5 0 0 1.49365e-46 6.93823e-35 0
1970 0 0 1.85208e-46 1.92142e-35 0
1972.5 0 0 1.76702e-46 1.75488e-35 0
1975 0 0 1.28486e-46 9.3209e-35 0
1977.5 0 0 6.86463e-47 1.97937e-34 0
1980 0 0 2.60714e-47 2.16418e-34 0
1982.5 0 0 1.02584e-47 1.02597e-34 0
1985 0 0 1.08571e-47 9.88842e-37 0
1987.5 0 0 1.28691e-47 1.26312e-34 0
1990 0 0 9.86807e-48 4.65941e-34 0
1992.5 0 0 4.56077e-48 7.04706e-34 0
1995 0 0 1.32621e-48 5.8412e-34 0
1997.5 0 0 1.04148e-48 3.31757e-34 0
2000 0 0 1.86088e-48 6.19663e-34 0
2002.5 0 0 2.14668e-48 2.02807e-33 0
2005 0 0 1.62057e-48 4.52506e-33 0
2007.5 0 0 7.59993e-49 7.37939e-33 0
2010 0 0 1.27006e-49 9.48292e-33 0
2012.5 0 0 9.38278e-50 9.87501e-33 0
2015 0 0 6.29278e-49 8.29248e-33 0
2017.5 0 0 1.27127e-48 5.45013e-33 0
2020 0 0 1.50198e-48 2.68859e-33 0
2022.5 0 0 1.17313e-48 1.07781e-33 0
2025 0 0 6.44734e-49 7.16266e-34 0
2027.5 0 0 7.65984e-49 8.96171e-34 0
2030 0 0 2.51951e-48 9.06701e-34 0
2032.5 0 0 5.85833e-48 6.01738e-34 0
2035 0 0 8.69519e-48 2.6157e-34 0
2037.5 0 0 8.5979e-48 1.23103e-34 0
2040 0 0 7.44302e-48 1.6168e-34 0
2042.5 0 0 1.39307e-47 2.19911e-34 0
2045 0 0 3.801e-47 1.95627e-34 0
2047.5 0 0 7.94393e-47 1.0098e-34 0
2050 0 0 1.22009e-46 1.90956e-35 0
2052.5 0 0 1.42451e-46 1.72147e-35 0
2055 0 0 1.28365e-46 7.14127e-35 0
2057.5 0 0 8.85311e-47 9.42371e-35 0
2060 0 0 4.542e-47 5.82387e-35 0
2062.5 0 0 1.74786e-47 3.68471e-35 0
2065 0 0 7.89834e-48 7.62832e-35 0
2067.5 0 0 8.04088e-48 1.08929e-34 0
2070 0 0 8.53591e-48 9.43257e-35 0
2072.5 0 0 6.22615e-48 1.6096e-34 0
2075 0 0 2.93286e-48 4.22713e-34 0
2077.5 0 0 9.10785e-49 6.89696e-34 0
2080 0 0 5.44143e-49 6.56018e-34 0
2082.5 0 0 9.67854e-49 5.28746e-34 0
2085 0 0 1.30369e-48 1.19717e-33 0
2087.5 0 0 1.15793e-48 3.36707e-33 0
2090 0 0 6.24596e-49 6.4737e-33 0
2092.5 0 0 1.20954e-49 8.77466e-33 0
2095 0 0 4.63364e-50 8.78134e-33 0
2097.5 0 0 4.70876e-49 6.57092e-33 0
2100 0 0 1.12579e-48 3.61162e-33 0
2102.5 0 0 1.57374e-48 1.41067e-33 0
2105 0 0 1.42254e-48 4.53784e-34 0
2107.5 0 0 7.81127e-49 2.96651e-34 0
2110 0 0 7.09945e-49 3.26092e-34 0
2112.5 0 0 2.56525e-48 2.68241e-34 0
2115 0 0 6.06603e-48 1.50133e-34 0
2117.5 0 0 8.47383e-48 5.60178e-35 0
2120 0 0 7.49924e-48 1.08829e-35 0
2122.5 0 0 6.08194e-48 3.8719e-36 0
2125 0 0 1.28425e-47 2.64324e-35 0
2127.5 0 0 3.48741e-47 6.89625e-35 0
2130 0 0 6.8515e-47 1.01292e-34 0
2132.5 0 0 9.83499e-47 8.49792e-35 0
2135 0 0 1.07657e-46 2.76123e-35 0
2137.5 0 0 9.14682e-47 6.97988e-36 0
2140 0 0 6.00162e-47 8.74098e-35 0
2142.5 0 0 2.98489e-47 2.04928e-34 0
2145 0 0 1.16899e-47 2.10776e-34 0
2147.5 0 0 5.63023e-48 7.99351e-35 0
2150 0 0 5.44471e-48 3.55356e-36 0
2152.5 0 0 5.53483e-48 1.68127e-34 0
2155 0 0 4.12489e-48 4.69835e-34 0
2157.5 0 0 2.09557e-48 5.86863e-34 0
2160 0 0 6.58439e-49 3.95554e-34 0
2162.5 0 0 2.40192e-49 2.25529e-34 0
2165 0 0 5.47828e-49 6.05275e-34 0
2167.5 0 0 9.82027e-49 1.76069e-33 0
2170 0 0 1.04896e-48 3.38627e-33 0
2172.5 0 0 6.69025e-49 4.84797e-33 0
2175 0 0 1.86932e-49 5.55663e-33 0
2177.5 0 0 5.78164e-50 5.24225e-33 0
2180 0 0 4.85394e-49 4.06174e-33 0
2182.5 0 0 1.23749e-48 2.52945e-33 0
2185 0 0 1.71544e-48 1.24902e-33 0
2187.5 0 0 1.41008e-48 5.67101e-34 0
2190 0 0 6.43549e-49 4.15019e-34 0
2192.5 0 0 7.52926e-49 4.69803e-34 0
2195 0 0 2.84364e-48 4.56434e-34 0
2197.5 0 0 5.98301e-48 3.13537e-34 0
2200 0 0 7.40902e-48 1.40998e-34 0
2202.5 0 0 5.87804e-48 5.25221e-35 0
2205 0 0 5.06261e-48 7.07544e-35 0
2207.5 0 0 1.21505e-47 1.21306e-34 0
2210 0 0 3.11252e-47 1.1644e-34 0
2212.5 0 0 5.68355e-47 5.13421e-35 0
2215 0 0 7.67138e-47 2.06785e-36 0
2217.5 0 0 7.98022e-47 1.84147e-35 0
2220 0 0 6.50583e-47 5.75919e-35 0
2222.5 0 0 4.1427e-47 5.92611e-35 0
2225 0 0 2.03565e-47 4.26607e-35 0
2227.5 0 0 8.12596e-48 6.15464e-35 0
2230 0 0 4.01022e-48 9.38758e-35 0
2232.5 0 0 3.76501e-48 7.85488e-35 0
2235 0 0 3.82457e-48 6.3855e-35 0
2237.5 0 0 2.94643e-48 1.84929e-34 0
2240 0 0 1.54121e-48 4.24413e-34 0
2242.5 0 0 4.33138e-49 5.36903e-34 0
2245 0 0 8.28545e-50 3.92975e-34 0
2247.5 0 0 3.70864e-49 3.50219e-34 0
2250 0 0 8.01681e-49 1.03478e-33 0
2252.5 0 0 9.25991e-49 2.60997e-33 0
2255 0 0 6.47781e-49 4.37096e-33 0
2257.5 0 0 2.27401e-49 5.24115e-33 0
2260 0 0 7.92156e-50 4.7029e-33 0
2262.5 0 0 4.87653e-49 3.18993e-33 0
2265 0 0 1.27884e-48 1.60972e-33 0
2267.5 0 0 1.75402e-48 5.93182e-34 0
2270 0 0 1.32574e-48 1.93663e-34 0
2272.5 0 0 4.88865e-49 1.26573e-34 0
2275 0 0 7.67764e-49 1.29977e-34 0
2277.5 0 0 3.00948e-48 1.08944e-34 0
2280 0 0 5.75865e-48 7.37103e-35 0
2282.5 0 0 6.32954e-48 4.33961e-35 0
2285 0 0 4.38394e-48 1.74637e-35 0
2287.5 0 0 4.07511e-48 1.26196e-36 0
2290 0 0 1.12553e-47 1.82879e-35 0
2292.5 0 0 2.74759e-47 7.26933e-35 0
2295 0 0 4.68123e-47 1.14296e-34 0
2297.5 0 0 5.9358e-47 8.62683e-35 0
2300 0 0 5.85646e-47 1.8245e-35 0
2302.5 0 0 4.57615e-47 1.65703e-35 0
2305 0 0 2.82676e-47 1.19243e-34 0
2307.5 0 0 1.36517e-47 2.10895e-34 0
2310 0 0 5.39481e-48 1.61707e-34 0
2312.5 0 0 2.62075e-48 3.05919e-35 0
2315 0 0 2.52102e-48 2.45423e-35 0
2317.5 0 0 2.72568e-48 2.20692e-34 0
2320 0 0 2.24391e-48 4.24882e-34 0
2322.5 0 0 1.23359e-48 3.99424e-34 0
2325 0 0 3.33617e-49 1.94456e-34 0
2327.5 0 0 3.14718e-50 1.53969e-34 0
2330 0 0 3.24359e-49 5.73473e-34 0
2332.5 0 0 7.91717e-49 1.40548e-33 0
2335 0 0 9.58102e-49 2.30808e-33 0
2337.5 0 0 6.62429e-49 2.91551e-33 0
2340 0 0 1.93668e-49 3.03695e-33 0
2342.5 0 0 8.33855e-50 2.68058e-33 0
2345 0 0 6.1278e-49 1.99921e-33 0
2347.5 0 0 1.40176e-48 1.23115e-33 0
2350 0 0 1.63494e-48 6.16984e-34 0
2352.5 0 0 9.85941e-49 2.92298e-34 0
2355 0 0 3.04831e-49 2.27689e-34 0
2357.5 0 0 9.52231e-49 2.7318e-34 0
2360 0 0 3.10954e-48 2.76675e-34 0
2362.5 0 0 5.04937e-48 1.87839e-34 0
2365 0 0 4.82818e-48 7.11321e-35 0
2367.5 0 0 3.07357e-48 1.95728e-35 0
2370 0 0 3.60518e-48 4.99106e-35 0
2372.5 0 0 1.03857e-47 9.03267e-35 0
2375 0 0 2.33147e-47 7.4946e-35 0
2377.5 0 0 3.7122e-47 2.38891e-35 0
2380 0 0 4.48215e-47 2.71621e-36 0
2382.5 0 0 4.27105e-47 2.52187e-35 0
2385 0 0 3.26001e-47 4.50131e-35 0
2387.5 0 0 1.98369e-47 3.93125e-35 0
2390 0 0 9.45483e-48 4.05694e-35 0
2392.5 0 0 3.6514e-48 6.43923e-35 0
2395 0 0 1.77933e-48 6.97617e-35 0
2397.5 0 0 1.8637e-48 4.21074e-35 0
2400 0 0 2.12951e-48 6.02347e-35 0
2402.5 0 0 1.77208e-48 1.91028e-34 0
2405 0 0 9.38159e-49 3.40443e-34 0
2407.5 0 0 2.10991e-49 3.33652e-34 0
2410 0 0 1.5931e-50 1.974e-34 0
2412.5 0 0 3.21896e-49 2.61224e-34 0
2415 0 0 7.45113e-49 8.48117e-34 0
2417.5 0 0 8.7268e-49 1.85892e-33 0
2420 0 0 5.76011e-49 2.75245e-33 0
2422.5 0 0 1.46952e-49 2.98673e-33 0
2425 0 0 1.0338e-49 2.46364e-33 0
2427.5 0 0 6.67531e-49 1.54875e-33 0
2430 0 0 1.37484e-48 7.21161e-34 0
2432.5 0 0 1.4342e-48 2.37412e-34 0
2435 0 0 7.13968e-49 6.8035e-35 0
2437.5 0 0 2.04393e-49 5.10575e-35 0
2440 0 0 1.05797e-48 6.01045e-35 0
2442.5 0 0 3.03295e-48 5.87638e-35 0
2445 0 0 4.34338e-48 5.41512e-35 0
2447.5 0 0 3.62504e-48 4.30657e-35 0
2450 0 0 2.08091e-48 1.79357e-35 0
2452.5 0 0 3.13331e-48 1.38649e-36 0
2455 0 0 9.37728e-48 2.96356e-35 0
2457.5 0 0 1.96945e-47 8.87745e-35 0
2460 0 0 2.94793e-47 1.0898e-34 0
2462.5 0 0 3.38643e-47 5.75637e-35 0
2465 0 0 3.10364e-47 5.33362e-36 0
2467.5 0 0 2.29829e-47 4.27759e-35 0
2470 0 0 1.3626e-47 1.41445e-34 0
2472.5 0 0 6.2886e-48 1.72054e-34 0
2475 0 0 2.3078e-48 8.47736e-35 0
2477.5 0 0 1.15532e-48 1.59144e-36 0
2480 0 0 1.40008e-48 6.4958e-35 0
2482.5 0 0 1.71331e-48 2.33078e-34 0
2485 0 0 1.46351e-48 3.12778e-34 0
2487.5 0 0 7.74128e-49 2.08493e-34 0
2490 0 0 1.57942e-49 6.86008e-35 0
2492.5 0 0 2.50694e-50 1.39515e-34 0
2495 0 0 3.67869e-49 5.07267e-34 0
2497.5 0 0 7.89281e-49 1.02171e-33 0
2500 0 0 8.4492e-49 1.44895e-33 0
2502.5 0 0 4.62362e-49 1.64746e-33 0
2505 0 0 6.28146e-50 1.60424e-33 0
2507.5 0 0 1.67765e-49 1.36982e-33 0
2510 0 0 7.90158e-49 1.01212e-33 0
2512.5 0 0 1.30027e-48 6.21283e-34 0
2515 0 0 1.08886e-48 3.07119e-34 0
2517.5 0 0 3.88651e-49 1.50121e-34 0
2520 0 0 2.07673e-49 1.42765e-34 0
2522.5 0 0 1.21073e-48 1.89812e-34 0
2525 0 0 2.75053e-48 1.86878e-34 0
2527.5 0 0 3.35802e-48 1.11296e-34 0
2530 0 0 2.45168e-48 3.03822e-35 0
2532.5 0 0 1.46382e-48 1.3535e-35 0
2535 0 0 2.94087e-48 4.97335e-35 0
2537.5 0 0 8.23698e-48 7.07594e-35 0
2540 0 0 1.59634e-47 4.42807e-35 0
2542.5 0 0 2.2682e-47 8.28405e-36 0
2545 0 0 2.52224e-47 6.24627e-36 0
2547.5 0 0 2.26552e-47 2.64897e-35 0
2550 0 0 1.65362e-47 3.30081e-35 0
2552.5 0 0 9.63177e-48 2.671e-35 0
2555 0 0 4.29389e-48 3.36942e-35 0
2557.5 0 0 1.50317e-48 4.8114e-35 0
2560 0 0 8.52106e-49 3.98924e-35 0
2562.5 0 0 1.19092e-48 2.3651e-35 0
2565 0 0 1.44762e-48 6.08383e-35 0
2567.5 0 0 1.16966e-48 1.60032e-34 0
2570 0 0 5.54188e-49 2.25963e-34 0
2572.5 0 0 7.69588e-50 1.75783e-34 0
2575 0 0 4.90561e-50 9.58573e-35 0
2577.5 0 0 3.9064e-49 2.08566e-34 0
2580 0 0 7.21885e-49 6.39068e-34 0
2582.5 0 0 6.92667e-49 1.23748e-33 0
2585 0 0 3.21855e-49 1.66786e-33 0
2587.5 0 0 2.73232e-50 1.67942e-33 0
2590 0 0 2.16165e-49 1.29272e-33 0
2592.5 0 0 7.81451e-49 7.49004e-34 0
2595 0 0 1.11901e-48 3.07356e-34 0
2597.5 0 0 8.03285e-49 8.05748e-35 0
2600 0 0 2.10356e-49 2.16711e-35 0
2602.5 0 0 2.3023e-49 2.67473e-35 0
2605 0 0 1.22183e-48 3.50632e-35 0
2607.5 0 0 2.40694e-48 4.13371e-35 0
2610 0 0 2.60059e-48 4.62967e-35 0
2612.5 0 0 1.6564e-48 3.49258e-35 0
2615 0 0 1.02615e-48 9.34986e-36 0
2617.5 0 0 2.65127e-48 5.69145e-36 0
2620 0 0 7.15521e-48 4.54099e-35 0
2622.5 0 0 1.3052e-47 8.85676e-35 0
2625 0 0 1.76689e-47 7.7473e-35 0
2627.5 0 0 1.89139e-47 2.45496e-35 0
2630 0 0 1.64591e-47 9.06651e-36 0
2632.5 0 0 1.16562e-47 6.70112e-35 0
2635 0 0 6.54625e-48 1.28229e-34 0
2637.5 0 0 2.76337e-48 1.0664e-34 0
2640 0 0 9.21309e-49 2.77832e-35 0
2642.5 0 0 6.36185e-49 6.9383e-36 0
2645 0 0 1.00951e-48 9.37459e-35 0
2647.5 0 0 1.2295e-48 1.94422e-34 0
2650 0 0 9.7023e-49 1.86331e-34 0
2652.5 0 0 4.28082e-49 8.08058e-35 0
2655 0 0 4.05749e-50 2.51556e-35 0
2657.5 0 0 8.75123e-50 1.43512e-34 0
2660 0 0 4.46954e-49 4.10032e-34 0
2662.5 0 0 7.06604e-49 6.87131e-34 0
2665 0 0 5.70129e-49 8.5744e-34 0
2667.5 0 0 1.8505e-49 8.96417e-34 0
2670 0 0 1.17162e-50 8.37784e-34 0
2672.5 0 0 3.06805e-49 7.10159e-34 0
2675 0 0 7.81784e-49 5.26404e-34 0
2677.5 0 0 8.90455e-49 3.1875e-34 0
2680 0 0 4.86567e-49 1.5316e-34 0
2682.5 0 0 8.24224e-50 8.66903e-35 0
2685 0 0 3.19111e-49 1.09328e-34 0
2687.5 0 0 1.18812e-48 1.44886e-34 0
2690 0 0 1.92433e-48 1.25177e-34 0
2692.5 0 0 1.80106e-48 5.8871e-35 0
2695 0 0 1.03984e-48 1.14245e-35 0
2697.5 0 0 8.46378e-49 1.95452e-35 0
2700 0 0 2.44925e-48 4.95104e-35 0
2702.5 0 0 5.99534e-48 4.98671e-35 0
2705 0 0 1.0268e-47 2.01541e-35 0
2707.5 0 0 1.34174e-47 1.11887e-36 0
2710 0 0 1.40778e-47 1.06197e-35 0
2712.5 0 0 1.20815e-47 2.41852e-35 0
2715 0 0 8.41487e-48 2.11672e-35 0
2717.5 0 0 4.58479e-48 1.53198e-35 0
2720 0 0 1.83311e-48 2.3054e-35 0
2722.5 0 0 6.14514e-49 3.04445e-35 0
2725 0 0 5.67228e-49 2.06704e-35 0
2727.5 0 0 9.19382e-49 1.56813e-35 0
2730 0 0 1.03087e-48 5.14838e-35 0
2732.5 0 0 7.26544e-49 1.12554e-34 0
2735 0 0 2.60832e-49 1.32491e-34 0
2737.5 0 0 7.9773e-51 8.504e-35 0
2740 0 0 1.25288e-49 5.18197e-35 0
2742.5 0 0 4.29726e-49 1.61841e-34 0
2745 0 0 5.76347e-49 4.52072e-34 0
2747.5 0 0 3.98505e-49 7.99898e-34 0
2750 0 0 9.30335e-50 1.00533e-33 0
2752.5 0 0 2.71306e-50 9.47423e-34 0
2755 0 0 3.22061e-49 6.72819e-34 0
2757.5 0 0 6.73014e-49 3.45866e-34 0
2760 0 0 6.68863e-49 1.15821e-34 0
2762.5 0 0 2.99496e-49 2.22205e-35 0
2765 0 0 4.10524e-50 1.06063e-35 0
2767.5 0 0 3.43323e-49 1.74443e-35 0
2770 0 0 1.06358e-48 2.3293e-35 0
2772.5 0 0 1.53631e-48 3.23699e-35 0
2775 0 0 1.28895e-48 3.56637e-35 0
2777.5 0 0 6.66447e-49 2.07117e-35 0
2780 0 0 6.8087e-49 3.31541e-36 0
2782.5 0 0 2.1753e-48 1.46524e-35 0
2785 0 0 5.0609e-48 5.13658e-35 0
2787.5 0 0 8.26639e-48 6.88439e-35 0
2790 0 0 1.03934e-47 4.20622e-35 0
2792.5 0 0 1.05392e-47 8.762e-36 0
2795 0 0 8.74148e-48 2.19845e-35 0
2797.5 0 0 5.85613e-48 7.16616e-35 0
2800 0 0 3.03382e-48 9.16323e-35 0
2802.5 0 0 1.1368e-48 5.15557e-35 0
2805 0 0 4.04898e-49 5.77613e-36 0
2807.5 0 0 4.95768e-49 2.41308e-35 0
2810 0 0 8.06684e-49 9.49409e-35 0
2812.5 0 0 8.64199e-49 1.33883e-34 0
2815 0 0 5.69426e-49 9.14313e-35 0
2817.5 0 0 1.72921e-49 2.10905e-35 0
2820 0 0 7.37526e-51 2.35766e-35 0
2822.5 0 0 1.72045e-49 1.37926e-34 0
2825 0 0 4.40294e-49 3.05627e-34 0
2827.5 0 0 4.94425e-49 4.35714e-34 0
2830 0 0 2.68796e-49 4.85891e-34 0
2832.5 0 0 2.73753e-50 4.75782e-34 0
2835 0 0 6.56821e-50 4.37912e-34 0
2837.5 0 0 3.5825e-49 3.7638e-34 0
2840 0 0 5.70711e-49 2.80025e-34 0
2842.5 0 0 4.47964e-49 1.64384e-34 0
2845 0 0 1.35557e-49 7.94534e-35 0
2847.5 0 0 4.33552e-50 6.28963e-35 0
2850 0 0 3.83624e-49 9.3307e-35 0
2852.5 0 0 8.99734e-49 1.08726e-34 0
2855 0 0 1.10888e-48 7.60778e-35 0
2857.5 0 0 8.24716e-49 2.60693e-35 0
2860 0 0 4.33465e-49 8.28842e-36 0
2862.5 0 0 6.44081e-49 2.68682e-35 0
2865 0 0 1.92794e-48 4.18681e-35 0
2867.5 0 0 4.11058e-48 2.80554e-35 0
2870 0 0 6.411e-48 5.07705e-36 0
2872.5 0 0 7.86634e-48 1.6732e-36 0
2875 0 0 7.85768e-48 1.392e-35 0
2877.5 0 0 6.4201e-48 1.80162e-35 0
2880 0 0 4.1992e-48 9.82453e-36 0
2882.5 0 0 2.08383e-48 6.97058e-36 0
2885 0 0 7.41708e-49 1.53171e-35 0
2887.5 0 0 3.2161e-49 1.88249e-35 0
2890 0 0 4.85554e-49 1.01942e-35 0
2892.5 0 0 7.16193e-49 9.97573e-36 0
2895 0 0 6.76217e-49 3.72421e-35 0
2897.5 0 0 3.77698e-49 7.27125e-35 0
2900 0 0 7.96131e-50 7.53429e-35 0
2902.5 0 0 1.6545e-50 4.164e-35 0
2905 0 0 1.86002e-49 3.22363e-35 0
2907.5 0 0 3.67341e-49 1.21261e-34 0
2910 0 0 3.50894e-49 3.13597e-34 0
2912.5 0 0 1.54982e-49 5.17393e-34 0
2915 0 0 5.31175e-51 6.08025e-34 0
2917.5 0 0 8.37502e-50 5.29059e-34 0
2920 0 0 3.13578e-49 3.36608e-34 0
2922.5 0 0 4.33561e-49 1.46275e-34 0
2925 0 0 2.98279e-49 3.71791e-35 0
2927.5 0 0 6.74566e-50 6.68791e-36 0
2930 0 0 4.97073e-50 7.97523e-36 0
2932.5 0 0 3.53723e-49 1.10677e-35 0
2935 0 0 7.36084e-49 1.62801e-35 0
2937.5 0 0 8.3525e-49 2.44659e-35 0
2940 0 0 5.68315e-49 2.32608e-35 0
2942.5 0 0 2.91861e-49 9.61543e-36 0
2945 0 0 5.59213e-49 3.58484e-36 0
2947.5 0 0 1.678e-48 2.12145e-35 0
2950 0 0 3.42714e-48 4.5111e-35 0
2952.5 0 0 5.14024e-48 4.40038e-35 0
2955 0 0 6.07852e-48 1.91445e-35 0
2957.5 0 0 5.84403e-48 7.46566e-36 0
2960 0 0 4.57893e-48 3.02636e-35 0
2962.5 0 0 2.85217e-48 5.9584e-35 0
2965 0 0 1.33359e-48 5.46783e-35 0
2967.5 0 0 4.5713e-49 2.04852e-35 0
2970 0 0 2.5756e-49 4.76802e-36 0
2972.5 0 0 4.39196e-49 3.44575e-35 0
2975 0 0 6.10336e-49 7.69325e-35 0
2977.5 0 0 5.37897e-49 7.94819e-35 0
2980 0 0 2.70266e-49 3.69552e-35 0
2982.5 0 0 4.33409e-50 2.7726e-36 0
2985 0 0 3.88534e-50 3.12105e-35 0
2987.5 0 0 2.0782e-49 1.19849e-34 0
2990 0 0 3.31546e-49 2.14478e-34 0
2992.5 0 0 2.61775e-49 2.64548e-34 0
2995 0 0 8.08403e-50 2.65748e-34 0
2997.5 0 0 1.13587e-51 2.48123e-34 0
3000 0 0 1.15925e-49 2.31491e-34 0
3002.5 0 0 2.90036e-49 2.04361e-34 0
3005 0 0 3.18274e-49 1.50489e-34 0
3007.5 0 0 1.66648e-49 8.50854e-35 0
3010 0 0 1.92263e-50 4.75925e-35 0
3012.5 0 0 7.63082e-50 5.50931e-35 0
3015 0 0 3.30549e-49 7.7844e-35 0
3017.5 0 0 5.62405e-49 7.39107e-35 0
3020 0 0 5.61608e-49 4.0015e-35 0
3022.5 0 0 3.54526e-49 1.13883e-35 0
3025 0 0 2.29731e-49 1.26461e-35 0
3027.5 0 0 5.40001e-49 2.79878e-35 0
3030 0 0 1.43873e-48 2.82724e-35 0
3032.5 0 0 2.73412e-48 1.15888e-35 0
3035 0 0 3.95515e-48 3.4608e-37 0
3037.5 0 0 4.58613e-48 5.52919e-36 0
3040 0 0 4.34657e-48 1.3426e-35 0
3042.5 0 0 3.34381e-48 1.0182e-35 0
3045 0 0 2.01875e-48 2.47555e-36 0
3047.5 0 0 8.99237e-49 3.85574e-36 0
3050 0 0 3.14832e-49 1.16838e-35 0
3052.5 0 0 2.48779e-49 1.20542e-35 0
3055 0 0 4.1635e-49 4.36434e-36 0
3057.5 0 0 5.02427e-49 5.87345e-36 0
3060 0 0 3.79631e-49 2.62342e-35 0
3062.5 0 0 1.52309e-49 4.79914e-35 0
3065 0 0 1.39421e-50 4.50902e-35 0
3067.5 0 0 5.34234e-50 2.16378e-35 0
3070 0 0 1.8266e-49 2.18905e-35 0
3072.5 0 0 2.40367e-49 9.03748e-35 0
3075 0 0 1.60814e-49 2.18392e-34 0
3077.5 0 0 3.57008e-50 3.35661e-34 0
3080 0 0 6.54446e-51 3.64365e-34 0
3082.5 0 0 1.06252e-49 2.86773e-34 0
3085 0 0 2.21582e-49 1.58693e-34 0
3087.5 0 0 2.19677e-49 5.57752e-35 0
3090 0 0 1.01246e-49 1.06858e-35 0
3092.5 0 0 8.09369e-51 4.06138e-36 0
3095 0 0 7.39564e-50 5.45898e-36 0
3097.5 0 0 2.74677e-49 6.38643e-36 0
3100 0 0 4.39014e-49 1.16706e-35 0
3102.5 0 0 4.17147e-49 1.72297e-35 0
3105 0 0 2.48991e-49 1.33875e-35 0
3107.5 0 0 1.75749e-49 4.38426e-36 0
3110 0 0 4.74777e-49 6.37473e-36 0
3112.5 0 0 1.23986e-48 2.22864e-35 0
3115 0 0 2.2719e-48 3.33214e-35 0
3117.5 0 0 3.16131e-48 2.46976e-35 0
3120 0 0 3.51615e-48 9.11998e-36 0
3122.5 0 0 3.18361e-48 1.07359e-35 0
3125 0 0 2.32937e-48 3.02105e-35 0
3127.5 0 0 1.32989e-48 4.18151e-35 0
3130 0 0 5.60832e-49 2.88351e-35 0
3132.5 0 0 2.11524e-49 8.21381e-36 0
3135 0 0 2.21087e-49 9.28001e-36 0
3137.5 0 0 3.60791e-49 3.44254e-35 0
3140 0 0 4.05087e-49 5.39618e-35 0
3142.5 0 0 2.82857e-49 4.25166e-35 0
3145 0 0 9.93842e-50 1.20422e-35 0
3147.5 0 0 1.22661e-50 1.64843e-36 0
3150 0 0 7.09611e-50 3.57451e-35 0
3152.5 0 0 1.75871e-49 9.7241e-35 0
3155 0 0 1.94321e-49 1.44785e-34 0
3157.5 0 0 1.04915e-49 1.54398e-34 0
3160 0 0 1.2088e-50 1.39296e-34 0
3162.5 0 0 1.96883e-50 1.27144e-34 0
3165 0 0 1.12655e-49 1.24404e-34 0
3167.5 0 0 1.79575e-49 1.12843e-34 0
3170 0 0 1.42637e-49 8.10902e-35 0
3172.5 0 0 4.56528e-50 4.66234e-35 0
3175 0 0 5.16313e-51 3.59355e-35 0
3177.5 0 0 8.52977e-50 4.91073e-35 0
3180 0 0 2.2954e-49 5.84952e-35 0
3182.5 0 0 3.14566e-49 4.44731e-35 0
3185 0 0 2.71536e-49 1.94576e-35 0
3187.5 0 0 1.65286e-49 8.55692e-36 0
3190 0 0 1.68535e-49 1.58556e-35 0
3192.5 0 0 4.4732e-49 2.2584e-35 0
3195 0 0 1.03665e-48 1.5625e-35 0
3197.5 0 0 1.78537e-48 3.79259e-36 0
3200 0 0 2.41e-48 1.60552e-36 0
3202.5 0 0 2.63652e-48 7.93523e-36 0
3205 0 0 2.35438e-48 1.01924e-35 0
3207.5 0 0 1.68696e-48 4.41582e-36 0
3210 0 0 9.29782e-49 8.59351e-38 0
3212.5 0 0 3.80817e-49 4.17319e-36 0
3215 0 0 1.72194e-49 1.00084e-35 0
3217.5 0 0 2.1865e-49 7.88593e-36 0
3220 0 0 3.14912e-49 1.33585e-36 0
3222.5 0 0 3.03218e-49 4.13055e-36 0
3225 0 0 1.77211e-49 2.02091e-35 0
3227.5 0 0 4.6233e-50 3.41122e-35 0
3230 0 0 1.08507e-50 2.86032e-35 0
3232.5 0 0 6.86277e-50 1.12283e-35 0
3235 0 0 1.31581e-49 1.55442e-35 0
3237.5 0 0 1.23933e-49 6.80306e-35 0
3240 0 0 5.58199e-50 1.5299e-34 0
3242.5 0 0 2.93975e-51 2.16913e-34 0
3245 0 0 2.07842e-50 2.14338e-34 0
3247.5 0 0 8.61426e-50 1.49586e-34 0
3250 0 0 1.24961e-49 6.99524e-35 0
3252.5 0 0 9.35091e-50 1.92672e-35 0
3255 0 0 2.69837e-50 3.86195e-36 0
3257.5 0 0 5.21121e-51 3.34741e-36 0
3260 0 0 7.09753e-50 2.76462e-36 0
3262.5 0 0 1.82041e-49 3.60441e-36 0
3265 0 0 2.45414e-49 8.63109e-36 0
3267.5 0 0 2.07807e-49 1.15131e-35 0
3270 0 0 1.24035e-49 7.32069e-36 0
3272.5 0 0 1.39774e-49 3.16718e-36 0
3275 0 0 3.90987e-49 8.52277e-36 0
3277.5 0 0 8.88693e-49 1.93102e-35 0
3280 0 0 1.47782e-48 2.19924e-35 0
3282.5 0 0 1.91099e-48 1.33868e-35 0
3285 0 0 1.99106e-48 6.54303e-36 0
3287.5 0 0 1.68544e-48 1.27016e-35 0
3290 0 0 1.14144e-48 2.4814e-35 0
3292.5 0 0 5.94809e-49 2.65662e-35 0
3295 0 0 2.39512e-49 1.49057e-35 0
3297.5 0 0 1.33289e-49 5.24648e-36 0
3300 0 0 1.89414e-49 1.18983e-35 0
3302.5 0 0 2.56285e-49 2.87914e-35 0
3305 0 0 2.31088e-49 3.53602e-35 0
3307.5 0 0 1.25076e-49 2.15942e-35 0
3310 0 0 3.00008e-50 2.76944e-36 0
3312.5 0 0 1.80316e-50 5.07057e-36 0
3315 0 0 7.23997e-50 3.64181e-35 0
3317.5 0 0 1.14486e-49 7.55585e-35 0
3320 0 0 9.23424e-50 9.36323e-35 0
3322.5 0 0 3.22517e-50 8.45138e-35 0
3325 0 0 1.21458e-51 6.82919e-35 0
3327.5 0 0 2.92102e-50 6.43383e-35 0
3330 0 0 7.91247e-50 6.85855e-35 0
3332.5 0 0 9.25695e-50 6.3476e-35 0
3335 0 0 5.47221e-50 4.51238e-35 0
3337.5 0 0 9.03287e-51 2.9636e-35 0
3340 0 0 1.06909e-50 3.0584e-35 0
3342.5 0 0 7.03492e-50 4.00209e-35 0
3345 0 0 1.43103e-49 3.95196e-35 0
3347.5 0 0 1.70175e-49 2.49904e-35 0
3350 0 0 1.36394e-49 1.08081e-35 0
3352.5 0 0 9.55594e-50 9.26072e-36 0
3355 0 0 1.43674e-49 1.5153e-35 0
3357.5 0 0 3.55419e-49 1.54675e-35 0
3360 0 0 7.23432e-49 7.88107e-36 0
3362.5 0 0 1.14002e-48 1.94818e-36 0
3365 0 0 1.43928e-48 3.84216e-36 0
3367.5 0 0 1.48154e-48 8.05509e-36 0
3370 0 0 1.23927e-48 6.79497e-36 0
3372.5 0 0 8.21421e-49 1.67187e-36 0
3375 0 0 4.15674e-49 5.89454e-37 0
3377.5 0 0 1.73857e-49 5.36696e-36 0
3380 0 0 1.24097e-49 8.69911e-36 0
3382.5 0 0 1.74729e-49 5.08816e-36 0
3385 0 0 2.03915e-49 1.54407e-37 0
3387.5 0 0 1.56843e-49 4.21723e-36 0
3390 0 0 6.93986e-50 1.72463e-35 0
3392.5 0 0 1.27028e-50 2.562e-35 0
3395 0 0 1.84827e-50 1.8355e-35 0
3397.5 0 0 5.67638e-50 5.16137e-36 0
3400 0 0 7.51593e-50 1.18169e-35 0
3402.5 0 0 5.27999e-50 5.23948e-35 0
3405 0 0 1.48962e-50 1.07917e-34 0
3407.5 0 0 7.17828e-52 1.39037e-34 0
3410 0 0 2.23173e-50 1.22912e-34 0
3412.5 0 0 5.4321e-50 7.4465e-35 0
3415 0 0 6.18359e-50 2.8793e-35 0
3417.5 0 0 3.65605e-50 6.75178e-36 0
3420 0 0 6.20325e-51 2.7098e-36 0
3422.5 0 0 8.78568e-51 2.1649e-36 0
3425 0 0 5.50208e-50 8.12652e-37 0
3427.5 0 0 1.13978e-49 2.47176e-36 0
3430 0 0 1.37951e-49 6.63918e-36 0
3432.5 0 0 1.1042e-49 7.60375e-36 0
3435 0 0 7.59134e-50 4.46399e-36 0
3437.5 0 0 1.20406e-49 3.66044e-36 0
3440 0 0 3.07206e-49 8.99433e-36 0
3442.5 0 0 6.16263e-49 1.49098e-35 0
3445 0 0 9.36595e-49 1.4061e-35 0
3447.5 0 0 1.12599e-48 8.2326e-36 0
3450 0 0 1.09536e-48 6.3784e-36 0
3452.5 0 0 8.629e-49 1.21913e-35 0
3455 0 0 5.39556e-49 1.85478e-35 0
3457.5 0 0 2.6164e-49 1.67522e-35 0
3460 0 0 1.16245e-49 8.5441e-36 0
3462.5 0 0 1.0092e-49 4.88344e-36 0
3465 0 0 1.42097e-49 1.21391e-35 0
3467.5 0 0 1.57236e-49 2.26762e-35 0
3470 0 0 1.15175e-49 2.28207e-35 0
3472.5 0 0 4.86134e-50 1.03588e-35 0
3475 0 0 1.12491e-50 2.04437e-37 0
3477.5 0 0 2.25893e-50 8.82701e-36 0
3480 0 0 5.34716e-50 3.41058e-35 0
3482.5 0 0 6.20387e-50 5.55106e-35 0
3485 0 0 3.78637e-50 5.63259e-35 0
3487.5 0 0 7.97559e-51 4.17797e-35 0
3490 0 0 3.30732e-51 3.09813e-35 0
3492.5 0 0 2.50947e-50 3.33693e-35 0
3495 0 0 4.65492e-50 3.96432e-35 0
3497.5 0 0 4.33461e-50 3.71057e-35 0
3500 0 0 1.93359e-50 2.71603e-35 0
3502.5 0 0 1.62846e-51 2.17409e-35 0
3505 0 0 1.34156e-50 2.55892e-35 0
3507.5 0 0 5.10055e-50 2.98849e-35 0
3510 0 0 8.66593e-50 2.51591e-35 0
3512.5 0 0 9.41513e-50 1.42974e-35 0
3515 0 0 7.57864e-50 7.82949e-36 0
3517.5 0 0 6.80893e-50 9.46342e-36 0
3520 0 0 1.21744e-49 1.23508e-35 0
3522.5 0 0 2.67211e-49 9.82551e-36 0
3525 0 0 4.86107e-49 4.28002e-36 0
3527.5 0 0 7.07827e-49 2.40265e-36 0
3530 0 0 8.37942e-49 5.13335e-36 0
3532.5 0 0 8.10545e-49 6.92957e-36 0
3535 0 0 6.33194e-49 4.35559e-36 0
3537.5 0 0 3.89061e-49 1.00989e-36 0
3540 0 0 1.87845e-49 1.98524e-36 0
3542.5 0 0 9.45178e-50 6.12879e-36 0
3545 0 0 9.45028e-50 7.28762e-36 0
3547.5 0 0 1.20441e-49 3.25781e-36 0
3550 0 0 1.14837e-49 1.83292e-37 0
3552.5 0 0 7.13515e-50 5.1811e-36 0
3555 0 0 2.43006e-50 1.55484e-35 0
3557.5 0 0 6.30176e-51 1.96058e-35 0
3560 0 0 1.85078e-50 1.13262e-35 0
3562.5 0 0 3.61748e-50 1.77159e-36 0
3565 0 0 3.67569e-50 1.02163e-35 0
3567.5 0 0 1.99485e-50 4.1504e-35 0
3570 0 0 3.14854e-51 7.61165e-35 0
3572.5 0 0 2.22238e-51 8.7427e-35 0
3575 0 0 1.63957e-50 6.80782e-35 0
3577.5 0 0 3.03613e-50 3.54912e-35 0
3580 0 0 2.94945e-50 1.17803e-35 0
3582.5 0 0 1.44758e-50 3.38557e-36 0
3585 0 0 1.86261e-51 2.22017e-36 0
3587.5 0 0 9.78337e-51 8.96093e-37 0
3590 0 0 3.97803e-50 1.27286e-37 0
3592.5 0 0 7.18148e-50 2.37747e-36 0
3595 0 0 8.09e-50 5.36695e-36 0
3597.5 0 0 6.41512e-50 5.39907e-36 0
3600 0 0 5.40225e-50 3.56346e-36 0
3602.5 0 0 1.00086e-49 4.2541e-36 0
3605 0 0 2.28566e-49 8.28187e-36 0
3607.5 0 0 4.11826e-49 1.1208e-35 0
3610 0 0 5.75881e-49 9.5695e-36 0
3612.5 0 0 6.44079e-49 6.07296e-36 0
3615 0 0 5.84318e-49 6.21469e-36 0
3617.5 0 0 4.2809e-49 1.06641e-35 0
3620 0 0 2.49165e-49 1.38072e-35 0
3622.5 0 0 1.1886e-49 1.10183e-35 0
3625 0 0 6.73915e-50 5.47644e-36 0
3627.5 0 0 7.43074e-50 4.95928e-36 0
3630 0 0 9.24874e-50 1.15595e-35 0
3632.5 0 0 8.56639e-50 1.75407e-35 0
3635 0 0 5.23559e-50 1.42806e-35 0
3637.5 0 0 1.84246e-50 4.33923e-36 0
3640 0 0 7.61748e-51 6.07931e-37 0
3642.5 0 0 1.92941e-50 1.14268e-35 0
3645 0 0 3.27062e-50 2.92579e-35 0
3647.5 0 0 3.03645e-50 3.79569e-35 0
3650 0 0 1.44503e-50 3.09313e-35 0
3652.5 0 0 1.80643e-51 1.81316e-35 0
3655 0 0 4.35933e-51 1.34641e-35 0
3657.5 0 0 1.7345e-50 1.88283e-35 0
3660 0 0 2.55792e-50 2.4391e-35 0
3662.5 0 0 1.99394e-50 2.28489e-35 0
3665 0 0 6.7425e-51 1.79368e-35 0
3667.5 0 0 1.39506e-51 1.71291e-35 0
3670 0 0 1.30749e-50 2.04561e-35 0
3672.5 0 0 3.55943e-50 2.1121e-35 0
3675 0 0 5.29748e-50 1.5729e-35 0
3677.5 0 0 5.47733e-50 8.96911e-36 0
3680 0 0 4.72492e-50 6.80647e-36 0
3682.5 0 0 5.28078e-50 8.65587e-36 0
3685 0 0 9.65808e-50 9.21133e-36 0
3687.5 0 0 1.89218e-49 6.23508e-36 0
3690 0 0 3.13926e-49 3.06423e-36 0
3692.5 0 0 4.26644e-49 3.20176e-36 0
3695 0 0 4.75433e-49 5.33495e-36 0
3697.5 0 0 4.32347e-49 5.53907e-36 0
3700 0 0 3.15964e-49 3.03615e-36 0
3702.5 0 0 1.82971e-49 1.33879e-36 0
3705 0 0 9.04952e-50 3.194e-36 0
3707.5 0 0 5.92041e-50 6.27386e-36 0
3710 0 0 6.61227e-50 5.95633e-36 0
3712.5 0 0 7.27707e-50 2.17643e-36 0
3715 0 0 5.81724e-50 8.53304e-37 0
3717.5 0 0 2.99449e-50 6.36907e-36 0
3720 0 0 8.55554e-51 1.4142e-35 0
3722.5 0 0 5.02314e-51 1.46536e-35 0
3725 0 0 1.33083e-50 6.24107e-36 0
3727.5 0 0 1.97819e-50 3.49865e-37 0
3730 0 0 1.66434e-50 9.91227e-36 0
3732.5 0 0 7.17868e-51 3.31139e-35 0
3735 0 0 4.95861e-52 5.27997e-35 0
3737.5 0 0 2.38987e-51 5.35673e-35 0
3740 0 0 1.04958e-50 3.68045e-35 0
3742.5 0 0 1.67261e-50 1.69587e-35 0
3745 0 0 1.47216e-50 5.56061e-36 0
3747.5 0 0 6.36026e-51 2.46e-36 0
3750 0 0 1.40202e-51 1.59297e-36 0
3752.5 0 0 9.16944e-51 3.18133e-37 0
3755 0 0 2.85768e-50 4.20216e-37 0
3757.5 0 0 4.65472e-50 2.681e-36 0
3760 0 0 4.95117e-50 4.65038e-36 0
3762.5 0 0 3.97793e-50 4.34165e-36 0
3765 0 0 3.98776e-50 3.35735e-36 0
3767.5 0 0 7.76824e-50 4.48068e-36 0
3770 0 0 1.61184e-49 7.35731e-36 0
3772.5 0 0 2.65127e-49 8.716e-36 0
3775 0 0 3.43437e-49 7.01041e-36 0
3777.5 0 0 3.57903e-49 4.92746e-36 0
3780 0 0 3.03032e-49 5.9213e-36 0
3782.5 0 0 2.07459e-49 9.22739e-36 0
3785 0 0 1.15066e-49 1.04172e-35 0
3787.5 0 0 5.82222e-50 7.40045e-36 0
3790 0 0 4.25372e-50 3.95212e-36 0
3792.5 0 0 4.94287e-50 5.2619e-36 0
3795 0 0 5.40222e-50 1.05906e-35 0
3797.5 0 0 4.3364e-50 1.31011e-35 0
3800 0 0 2.30061e-50 8.4478e-36 0
3802.5 0 0 7.65592e-51 1.60895e-36 0
3805 0 0 5.91388e-51 2.12997e-36 0
3807.5 0 0 1.33239e-50 1.23479e-35 0
3810 0 0 1.83839e-50 2.32736e-35 0
3812.5 0 0 1.44437e-50 2.42922e-35 0
3815 0 0 5.4352e-51 1.53384e-35 0
3817.5 0 0 4.59157e-52 6.56316e-36 0
3820 0 0 3.93945e-51 6.18661e-36 0
3822.5 0 0 1.12496e-50 1.19314e-35 0
3825 0 0 1.40499e-50 1.58855e-35 0
3827.5 0 0 9.31728e-51 1.49304e-35 0
3830 0 0 2.5327e-51 1.29791e-35 0
3832.5 0 0 2.24748e-51 1.38098e-35 0
3835 0 0 1.13825e-50 1.56481e-35 0
3837.5 0 0 2.44275e-50 1.44653e-35 0
3840 0 0 3.29346e-50 1.01225e-35 0
3842.5 0 0 3.34541e-50 6.49637e-36 0
3845 0 0 3.16239e-50 6.13233e-36 0
3847.5 0 0 3.997e-50 7.24278e-36 0
3850 0 0 7.07206e-50 6.70456e-36 0
3852.5 0 0 1.26834e-49 4.35272e-36 0
3855 0 0 1.95745e-49 2.81658e-36 0
3857.5 0 0 2.50572e-49 3.61064e-36 0
3860 0 0 2.63763e-49 4.99602e-36 0
3862.5 0 0 2.26081e-49 4.46589e-36 0
3865 0 0 1.55896e-49 2.42971e-36 0
3867.5 0 0 8.74403e-50 1.86638e-36 0
3870 0 0 4.73132e-50 4.01442e-36 0
3872.5 0 0 3.79379e-50 6.04079e-36 0
3875 0 0 4.17783e-50 4.69613e-36 0
3877.5 0 0 4.02055e-50 1.5414e-36 0
3880 0 0 2.77377e-50 1.85869e-36 0
3882.5 0 0 1.21619e-50 7.33789e-36 0
3885 0 0 3.31001e-51 1.23124e-35 0
3887.5 0 0 3.69209e-51 1.01678e-35 0
3890 0 0 8.17272e-51 2.82827e-36 0
3892.5 0 0 1.02322e-50 4.23192e-37 0
3895 0 0 7.48543e-51 9.90287e-36 0
3897.5 0 0 2.59635e-51 2.60164e-35 0
3900 0 0 2.22127e-53 3.59711e-35 0
3902.5 0 0 1.97854e-51 3.24665e-35 0
3905 0 0 6.66446e-51 2.00337e-35 0
3907.5 0 0 9.65771e-51 8.59417e-36 0
3910 0 0 7.92623e-51 3.28794e-36 0
3912.5 0 0 3.17262e-51 2.05302e-36 0
3915 0 0 1.49932e-51 1.23113e-36 0
3917.5 0 0 7.99436e-51 3.98121e-37 0
3920 0 0 2.06932e-50 1.07308e-36 0
3922.5 0 0 3.07643e-50 3.04521e-36 0
3925 0 0 3.08539e-50 4.22285e-36 0
3927.5 0 0 2.49431e-50 3.74453e-36 0
3930 0 0 2.85287e-50 3.29173e-36 0
3932.5 0 0 5.66552e-50 4.54388e-36 0
3935 0 0 1.08879e-49 6.54555e-36 0
3937.5 0 0 1.65511e-49 6.92619e-36 0
3940 0 0 1.99347e-49 5.36133e-36 0
3942.5 0 0 1.93993e-49 4.30278e-36 0
3945 0 0 1.53815e-49 5.66368e-36 0
3947.5 0 0 9.94375e-50 7.90353e-36 0
3950 0 0 5.41195e-50 7.82996e-36 0
3952.5 0 0 3.05242e-50 5.12492e-36 0
3955 0 0 2.65256e-50 3.37574e-36 0
3957.5 0 0 3.01463e-50 5.50609e-36 0
3960 0 0 2.96706e-50 9.27391e-36 0
3962.5 0 0 2.1396e-50 9.44233e-36 0
3965 0 0 1.02104e-50 4.79183e-36 0
3967.5 0 0 3.54924e-51 8.49733e-37 0
3970 0 0 4.25027e-51 3.69545e-36 0
3972.5 0 0 8.51749e-51 1.1948e-35 0
3975 0 0 1.0187e-50 1.74513e-35 0
3977.5 0 0 6.92373e-51 1.45469e-35 0
3980 0 0 1.91907e-51 6.58979e-36 0
3982.5 0 0 2.55993e-52 1.72217e-36 0
3985 0 0 3.27685e-51 3.5832e-36 0
3987.5 0 0 7.30553e-51 8.4224e-36 0
3990 0 0 7.80949e-51 1.0977e-35 0
3992.5 0 0 4.37747e-51 1.05405e-35 0
3995 0 0 1.23339e-51 1.00395e-35 0
3997.5 0 0 2.76716e-51 1.09806e-35 0
4000 0 0 9.16508e-51 1.162e-35 0
4002.5 0 0 1.65046e-50 1.00224e-35 0
4005 0 0 2.06545e-50 7.03465e-36 0
4007.5 0 0 2.09947e-50 5.17554e-36 0
4010 0 0 2.13722e-50 5.35319e-36 0
4012.5 0 0 2.85266e-50 5.91294e-36 0
4015 0 0 4.84973e-50 5.07677e-36 0
4017.5 0 0 8.15564e-50 3.36454e-36 0
4020 0 0 1.18892e-49 2.75332e-36 0
4022.5 0 0 1.44119e-49 3.75817e-36 0
4025 0 0 1.43817e-49 4.56118e-36 0
4027.5 0 0 1.16814e-49 3.61405e-36 0
4030 0 0 7.68673e-50 2.10092e-36 0
4032.5 0 0 4.29719e-50 2.42449e-36 0
4035 0 0 2.60451e-50 4.50269e-36 0
4037.5 0 0 2.34453e-50 5.3933e-36 0
4040 0 0 2.4492e-50 3.46082e-36 0
4042.5 0 0 2.10508e-50 1.37061e-36 0
4045 0 0 1.27933e-50 2.97033e-36 0
4047.5 0 0 4.80617e-51 7.60627e-36 0
4050 0 0 1.3702e-51 9.92465e-36 0
4052.5 0 0 2.43475e-51 6.50194e-36 0
4055 0 0 4.76011e-51 1.11801e-36 0
4057.5 0 0 5.29893e-51 1.3041e-36 0
4060 0 0 3.48024e-51 9.63103e-36 0
4062.5 0 0 9.70784e-52 2.01544e-35 0
4065 0 0 2.51732e-53 2.43816e-35 0
4067.5 0 0 1.58751e-51 1.97522e-35 0
4070 0 0 4.4328e-51 1.11535e-35 0
4072.5 0 0 5.97511e-51 4.81452e-36 0
4075 0 0 4.54841e-51 2.47555e-36 0
4077.5 0 0 1.68812e-51 1.87615e-36 0
4080 0 0 1.48469e-51 1.13355e-36 0
4082.5 0 0 6.73007e-51 7.74643e-37 0
4085 0 0 1.50765e-50 1.74026e-36 0
4087.5 0 0 2.03328e-50 3.26886e-36 0
4090 0 0 1.88485e-50 3.82571e-36 0
4092.5 0 0 1.51432e-50 3.34684e-36 0
4095 0 0 1.96392e-50 3.30302e-36 0
4097.5 0 0 3.96363e-50 4.48519e-36 0
4100 0 0 7.12846e-50 5.74452e-36 0
4102.5 0 0 1.00581e-49 5.56437e-36 0
4105 0 0 1.1296e-49 4.32108e-36 0
4107.5 0 0 1.02937e-49 3.97054e-36 0
4110 0 0 7.68039e-50 5.33268e-36 0
4112.5 0 0 4.73856e-50 6.67603e-36 0
4115 0 0 2.58773e-50 5.9177e-36 0
4117.5 0 0 1.64315e-50 3.77106e-36 0
4120 0 0 1.5867e-50 3.25115e-36 0
4122.5 0 0 1.75008e-50 5.55926e-36 0
4125 0 0 1.60072e-50 7.8441e-36 0
4127.5 0 0 1.06021e-50 6.58762e-36 0
4130 0 0 4.59126e-51 2.68291e-36 0
4132.5 0 0 1.77831e-51 1.11579e-36 0
4135 0 0 2.9933e-51 4.85346e-36 0
4137.5 0 0 5.47255e-51 1.06199e-35 0
4140 0 0 5.78776e-51 1.23256e-35 0
4142.5 0 0 3.30242e-51 8.10636e-36 0
4145 0 0 5.59483e-52 2.30309e-36 0
4147.5 0 0 3.82559e-52 3.00824e-37 0
4150 0 0 2.72192e-51 2.88699e-36 0
4152.5 0 0 4.79876e-51 6.53093e-36 0
4155 0 0 4.32359e-51 8.12394e-36 0
4157.5 0 0 2.04213e-51 7.93292e-36 0
4160 0 0 8.61335e-52 7.9289e-36 0
4162.5 0 0 2.75725e-51 8.64197e-36 0
4165 0 0 6.91838e-51 8.72311e-36 0
4167.5 0 0 1.08906e-50 7.22963e-36 0
4170 0 0 1.28643e-50 5.18145e-36 0
4172.5 0 0 1.31262e-50 4.2898e-36 0
4175 0 0 1.40452e-50 4.70003e-36 0
4177.5 0 0 1.92908e-50 4.90216e-36 0
4180 0 0 3.18237e-50 3.93394e-36 0
4182.5 0 0 5.09852e-50 2.75935e-36 0
4185 0 0 7.07506e-50 2.81023e-36 0
4187.5 0 0 8.17644e-50 3.78118e-36 0
4190 0 0 7.76038e-50 3.98032e-36 0
4192.5 0 0 5.99801e-50 2.8713e-36 0
4195 0 0 3.79558e-50 2.04596e-36 0
4197.5 0 0 2.14731e-50 2.9476e-36 0
4200 0 0 1.45532e-50 4.51648e-36 0
4202.5 0 0 1.39922e-50 4.42957e-36 0
4205 0 0 1.38608e-50 2.54731e-36 0
4207.5 0 0 1.07779e-50 1.63642e-36 0
4210 0 0 5.73394e-51 3.79305e-36 0
4212.5 0 0 1.75632e-51 7.12132e-36 0
4215 0 0 6.17788e-52 7.53685e-36 0
4217.5 0 0 1.60374e-51 4.01541e-36 0
4220 0 0 2.79324e-51 6.40371e-37 0
4222.5 0 0 2.80677e-51 2.328e-36 0
4225 0 0 1.66278e-51 9.0411e-36 0
4227.5 0 0 3.65285e-52 1.54472e-35 0
4230 0 0 9.87129e-53 1.645e-35 0
4232.5 0 0 1.29568e-51 1.2083e-35 0
4235 0 0 3.10106e-51 6.51398e-36 0
4237.5 0 0 3.82627e-51 3.20865e-36 0
4240 0 0 2.59077e-51 2.20169e-36 0
4242.5 0 0 8.38934e-52 1.75955e-36 0
4245 0 0 1.39941e-51 1.20211e-36 0
4247.5 0 0 5.52675e-51 1.23954e-36 0
4250 0 0 1.07779e-50 2.22477e-36 0
4252.5 0 0 1.29845e-50 3.28192e-36 0
4255 0 0 1.0916e-50 3.46424e-36 0
4257.5 0 0 8.81591e-51 3.09188e-36 0
4260 0 0 1.33169e-50 3.27951e-36 0
4262.5 0 0 2.71101e-50 4.28108e-36 0
4265 0 0 4.56368e-50 5.0097e-36 0
4267.5 0 0 5.98345e-50 4.55223e-36 0
4270 0 0 6.27774e-50 3.62743e-36 0
4272.5 0 0 5.36297e-50 3.74157e-36 0
4275 0 0 3.77455e-50 4.97152e-36 0
4277.5 0 0 2.23571e-50 5.59378e-36 0
4280 0 0 1.24237e-50 4.47579e-36 0
4282.5 0 0 8.92379e-51 2.98697e-36 0
4285 0 0 9.36957e-51 3.36014e-36 0
4287.5 0 0 1.00696e-50 5.41039e-36 0
4290 0 0 8.65075e-51 6.34154e-36 0
4292.5 0 0 5.24237e-51 4.4201e-36 0
4295 0 0 2.01873e-51 1.70198e-36 0
4297.5 0 0 1.02037e-51 1.81536e-36 0
4300 0 0 2.22487e-51 5.34685e-36 0
4302.5 0 0 3.59935e-51 8.75559e-36 0
4305 0 0 3.28229e-51 8.32551e-36 0
4307.5 0 0 1.47355e-51 4.34981e-36 0
4310 0 0 9.07251e-53 6.5041e-37 0
4312.5 0 0 5.67658e-52 3.29879e-37 0
4315 0 0 2.19628e-51 2.85651e-36 0
4317.5 0 0 3.05369e-51 5.41323e-36 0
4320 0 0 2.26245e-51 6.2821e-36 0
4322.5 0 0 9.07458e-52 6.15825e-36 0
4325 0 0 7.66532e-52 6.38979e-36 0
4327.5 0 0 2.41428e-51 6.93482e-36 0
4330 0 0 4.94108e-51 6.67993e-36 0
4332.5 0 0 6.95594e-51 5.3253e-36 0
4335 0 0 7.84515e-51 4.00342e-36 0
4337.5 0 0 8.06471e-51 3.7669e-36 0
4340 0 0 8.99958e-51 4.17513e-36 0
4342.5 0 0 1.26111e-50 4.01501e-36 0
4345 0 0 2.03294e-50 3.09403e-36 0
4347.5 0 0 3.13106e-50 2.49022e-36 0
4350 0 0 4.1597e-50 2.90851e-36 0
4352.5 0 0 4.59153e-50 3.57026e-36 0
4355 0 0 4.15434e-50 3.3212e-36 0
4357.5 0 0 3.06157e-50 2.39435e-36 0
4360 0 0 1.86962e-50 2.19119e-36 0
4362.5 0 0 1.08887e-50 3.2219e-36 0
4365 0 0 8.27055e-51 4.14196e-36 0
4367.5 0 0 8.31361e-51 3.5181e-36 0
4370 0 0 7.71817e-51 2.06512e-36 0
4372.5 0 0 5.35445e-51 2.04113e-36 0
4375 0 0 2.39959e-51 4.18343e-36 0
4377.5 0 0 5.48878e-52 6.2456e-36 0
4380 0 0 3.61527e-52 5.53004e-36 0
4382.5 0 0 1.08785e-51 2.51291e-36 0
4385 0 0 1.65465e-51 8.10843e-37 0
4387.5 0 0 1.51069e-51 3.15079e-36 0
4390 0 0 8.19437e-52 8.12877e-36 0
4392.5 0 0 1.35609e-52 1.1626e-35 0
4395 0 0 1.52509e-52 1.10687e-35 0
4397.5 0 0 1.07482e-51 7.60086e-36 0
4400 0 0 2.22442e-51 4.19803e-36 0
4402.5 0 0 2.42705e-51 2.52379e-36 0
4405 0 0 1.37796e-51 2.05703e-36 0
4407.5 0 0 3.81913e-52 1.70665e-36 0
4410 0 0 1.32691e-51 1.36461e-36 0
4412.5 0 0 4.41105e-51 1.61804e-36 0
4415 0 0 7.4417e-51 2.49338e-36 0
4417.5 0 0 7.87859e-51 3.18448e-36 0
4420 0 0 5.92324e-51 3.13454e-36 0
4422.5 0 0 5.09203e-51 2.85778e-36 0
4425 0 0 9.11602e-51 3.20232e-36 0
4427.5 0 0 1.83125e-50 4.03567e-36 0
4430 0 0 2.87326e-50 4.33759e-36 0
4432.5 0 0 3.50097e-50 3.72143e-36 0
4435 0 0 3.42018e-50 3.15427e-36 0
4437.5 0 0 2.73102e-50 3.61781e-36 0
4440 0 0 1.81052e-50 4.56034e-36 0
4442.5 0 0 1.03078e-50 4.55131e-36 0
4445 0 0 5.96077e-51 3.40379e-36 0
4447.5 0 0 4.95108e-51 2.66339e-36 0
4450 0 0 5.57913e-51 3.51444e-36 0
4452.5 0 0 5.85406e-51 4.94089e-36 0
4455 0 0 4.70293e-51 4.87364e-36 0
4457.5 0 0 2.55646e-51 3.00191e-36 0
4460 0 0 8.82364e-52 1.49045e-36 0
4462.5 0 0 7.41731e-52 2.45076e-36 0
4465 0 0 1.71957e-51 5.2295e-36 0
4467.5 0 0 2.36743e-51 6.91959e-36 0
4470 0 0 1.78817e-51 5.57693e-36 0
4472.5 0 0 5.59599e-52 2.37478e-36 0
4475 0 0 1.83413e-53 2.6248e-37 0
4477.5 0 0 6.78564e-52 8.21544e-37 0
4480 0 0 1.6625e-51 2.95065e-36 0
4482.5 0 0 1.81806e-51 4.57267e-36 0
4485 0 0 1.07045e-51 4.96616e-36 0
4487.5 0 0 4.04919e-52 4.97278e-36 0
4490 0 0 7.14196e-52 5.32814e-36 0
4492.5 0 0 1.93536e-51 5.62067e-36 0
4495 0 0 3.31058e-51 5.12413e-36 0
4497.5 0 0 4.24353e-51 4.04601e-36 0
4500 0 0 4.65663e-51 3.33968e-36 0
4502.5 0 0 4.88177e-51 3.41498e-36 0
4505 0 0 5.70281e-51 3.63147e-36 0
4507.5 0 0 8.10949e-51 3.27316e-36 0
4510 0 0 1.2766e-50 2.58725e-36 0
4512.5 0 0 1.89558e-50 2.40427e-36 0
4515 0 0 2.41516e-50 2.88389e-36 0
4517.5 0 0 2.55303e-50 3.21495e-36 0
4520 0 0 2.20287e-50 2.78148e-36 0
4522.5 0 0 1.53983e-50 2.15086e-36 0
4525 0 0 9.1447e-51 2.33753e-36 0
4527.5 0 0 5.6287e-51 3.25168e-36 0
4530 0 0 4.85643e-51 3.62833e-36 0
4532.5 0 0 4.93391e-51 2.79573e-36 0
4535 0 0 4.20164e-51 1.86399e-36 0
4537.5 0 0 2.52265e-51 2.41269e-36 0
4540 0 0 8.91049e-52 4.21931e-36 0
4542.5 0 0 1.45462e-52 5.20075e-36 0
4545 0 0 2.86619e-52 3.95588e-36 0
4547.5 0 0 7.29574e-52 1.74074e-36 0
4550 0 0 9.59916e-52 1.25239e-36 0
4552.5 0 0 8.13396e-52 3.59219e-36 0
4555 0 0 3.9587e-52 6.9925e-36 0
4557.5 0 0 4.20829e-53 8.67528e-36 0
4560 0 0 1.78494e-52 7.58122e-36 0
4562.5 0 0 8.8209e-52 5.0332e-36 0
4565 0 0 1.55226e-51 3.00362e-36 0
4567.5 0 0 1.45726e-51 2.20451e-36 0
4570 0 0 6.32481e-52 1.98584e-36 0
4572.5 0 0 1.96783e-52 1.68507e-36 0
4575 0 0 1.22583e-51 1.49771e-36 0
4577.5 0 0 3.36585e-51 1.88541e-36 0
4580 0 0 4.8834e-51 2.6218e-36 0
4582.5 0 0 4.48872e-51 2.97808e-36 0
4585 0 0 3.04995e-51 2.77672e-36 0
4587.5 0 0 3.0573e-51 2.66869e-36 0
4590 0 0 6.379e-51 3.13725e-36 0
4592.5 0 0 1.22743e-50 3.7132e-36 0
4595 0 0 1.78386e-50 3.64738e-36 0
4597.5 0 0 2.01095e-50 3.0804e-36 0
4600 0 0 1.8251e-50 2.91338e-36 0
4602.5 0 0 1.35542e-50 3.48516e-36 0
4605 0 0 8.39967e-51 3.9974e-36 0
4607.5 0 0 4.64161e-51 3.62118e-36 0
4610 0 0 2.93273e-51 2.75643e-36 0
4612.5 0 0 2.87938e-51 2.59721e-36 0
4615 0 0 3.39155e-51 3.47876e-36 0
4617.5 0 0 3.40149e-51 4.25735e-36 0
4620 0 0 2.51703e-51 3.70727e-36 0
4622.5 0 0 1.20156e-51 2.22992e-36 0
4625 0 0 4.22226e-52 1.59425e-36 0
4627.5 0 0 6.49775e-52 2.82897e-36 0
4630 0 0 1.31751e-51 4.80868e-36 0
4632.5 0 0 1.49487e-51 5.37205e-36 0
4635 0 0 8.93074e-52 3.74431e-36 0
4637.5 0 0 1.5615e-52 1.406e-36 0
4640 0 0 8.91986e-53 4.31539e-37 0
4642.5 0 0 6.67998e-52 1.34541e-36 0
4645 0 0 1.15044e-51 2.93004e-36 0
4647.5 0 0 9.86615e-52 3.87457e-36 0
4650 0 0 4.43063e-52 4.06878e-36 0
4652.5 0 0 2.2168e-52 4.18472e-36 0
4655 0 0 6.51182e-52 4.48764e-36 0
4657.5 0 0 1.41717e-51 4.54085e-36 0
4660 0 0 2.08662e-51 4.00324e-36 0
4662.5 0 0 2.47737e-51 3.2505e-36 0
4665 0 0 2.71688e-51 2.925e-36 0
4667.5 0 0 2.99613e-51 3.07954e-36 0
4670 0 0 3.64859e-51 3.13412e-36 0
4672.5 0 0 5.17214e-51 2.73318e-36 0
4675 0 0 7.92326e-51 2.28113e-36 0
4677.5 0 0 1.13418e-50 2.34685e-36 0
4680 0 0 1.39046e-50 2.77084e-36 0
4682.5 0 0 1.40718e-50 2.83977e-36 0
4685 0 0 1.15156e-50 2.35973e-36 0
4687.5 0 0 7.64316e-51 2.03055e-36 0
4690 0 0 4.48486e-51 2.44369e-36 0
4692.5 0 0 3.09026e-51 3.11185e-36 0
4695 0 0 2.96973e-51 3.06073e-36 0
4697.5 0 0 2.91578e-51 2.26614e-36 0
4700 0 0 2.19912e-51 1.8624e-36 0
4702.5 0 0 1.08775e-51 2.66407e-36 0
4705 0 0 2.73148e-52 3.93753e-36 0
4707.5 0 0 5.63729e-53 4.15326e-36 0
4710 0 0 2.34687e-52 2.87818e-36 0
4712.5 0 0 4.72579e-52 1.46969e-36 0
4715 0 0 5.57592e-52 1.66764e-36 0
4717.5 0 0 4.39438e-52 3.67642e-36 0
4720 0 0 1.79564e-52 5.88825e-36 0
4722.5 0 0 8.78582e-54 6.51508e-36 0
4725 0 0 1.94299e-52 5.30222e-36 0
4727.5 0 0 6.91704e-52 3.51059e-36 0
4730 0 0 1.03953e-51 2.39887e-36 0
4732.5 0 0 7.98255e-52 2.07365e-36 0
4735 0 0 2.31391e-52 1.90123e-36 0
4737.5 0 0 1.66769e-52 1.62745e-36 0
4740 0 0 1.08958e-51 1.61606e-36 0
4742.5 0 0 2.43177e-51 2.07401e-36 0
4745 0 0 3.02632e-51 2.58329e-36 0
4747.5 0 0 2.40568e-51 2.66645e-36 0
4750 0 0 1.53406e-51 2.4825e-36 0
4752.5 0 0 1.99886e-51 2.5653e-36 0
4755 0 0 4.53118e-51 2.99912e-36 0
4757.5 0 0 8.1177e-51 3.27422e-36 0
4760 0 0 1.08227e-50 3.04752e-36 0
4762.5 0 0 1.12293e-50 2.6832e-36 0
4765 0 0 9.39002e-51 2.76017e-36 0
4767.5 0 0 6.43152e-51 3.22234e-36 0
4770 0 0 3.75526e-51 3.39944e-36 0
4772.5 0 0 2.08071e-51 2.94321e-36 0
4775 0 0 1.55603e-51 2.40041e-36 0
4777.5 0 0 1.76656e-51 2.54629e-36 0
4780 0 0 2.09061e-51 3.27476e-36 0
4782.5 0 0 1.96862e-51 3.588e-36 0
4785 0 0 1.31322e-51 2.86733e-36 0
4787.5 0 0 5.49987e-52 1.8263e-36 0
4790 0 0 2.782e-52 1.77619e-36 0
4792.5 0 0 5.83845e-52 2.99217e-36 0
4795 0 0 9.55988e-52 4.23131e-36 0
4797.5 0 0 8.74766e-52 4.08564e-36 0
4800 0 0 3.82527e-52 2.56417e-36 0
4802.5 0 0 2.74823e-53 1.04983e-36 0
4805 0 0 1.6835e-52 7.86644e-37 0
4807.5 0 0 5.66361e-52 1.70803e-36 0
4810 0 0 7.0457e-52 2.80232e-36 0
4812.5 0 0 4.51344e-52 3.3333e-36 0
4815 0 0 1.52372e-52 3.43421e-36 0
4817.5 0 0 1.83747e-52 3.57419e-36 0
4820 0 0 5.47539e-52 3.79257e-36 0
4822.5 0 0 9.58121e-52 3.71477e-36 0
4825 0 0 1.23727e-51 3.21699e-36 0
4827.5 0 0 1.42185e-51 2.71492e-36 0
4830 0 0 1.62249e-51 2.62647e-36 0
4832.5 0 0 1.89337e-51 2.78614e-36 0
4835 0 0 2.34047e-51 2.70473e-36 0
4837.5 0 0 3.26591e-51 2.31782e-36 0
4840 0 0 4.83638e-51 2.09301e-36 0
4842.5 0 0 6.69222e-51 2.30668e-36 0
4845 0 0 7.90477e-51 2.58537e-36 0
4847.5 0 0 7.60553e-51 2.44848e-36 0
4850 0 0 5.89409e-51 2.05642e-36 0
4852.5 0 0 3.75296e-51 2.01224e-36 0
4855 0 0 2.27739e-51 2.46134e-36 0
4857.5 0 0 1.82021e-51 2.81284e-36 0
4860 0 0 1.83695e-51 2.5389e-36 0
4862.5 0 0 1.63732e-51 1.96759e-36 0
4865 0 0 1.05207e-51 1.93933e-36 0
4867.5 0 0 4.08776e-52 2.7061e-36 0
4870 0 0 6.52353e-53 3.48338e-36 0
4872.5 0 0 4.6151e-53 3.30383e-36 0
4875 0 0 1.71529e-52 2.22156e-36 0
4877.5 0 0 2.81674e-52 1.41535e-36 0
4880 0 0 3.11675e-52 1.95101e-36 0
4882.5 0 0 2.33691e-52 3.56665e-36 0
4885 0 0 7.45947e-53 4.89366e-36 0
4887.5 0 0 5.9471e-54 4.88321e-36 0
4890 0 0 1.93922e-52 3.78901e-36 0
4892.5 0 0 5.28672e-52 2.65924e-36 0
4895 0 0 6.57298e-52 2.11915e-36 0
4897.5 0 0 4.02275e-52 1.95472e-36 0
4900 0 0 6.29187e-53 1.76526e-36 0
4902.5 0 0 1.91283e-52 1.59558e-36 0
4905 0 0 9.19045e-52 1.72783e-36 0
4907.5 0 0 1.6876e-51 2.12306e-36 0
4910 0 0 1.79528e-51 2.40439e-36 0
4912.5 0 0 1.21604e-51 2.37687e-36 0
4915 0 0 7.75987e-52 2.28716e-36 0
4917.5 0 0 1.42091e-51 2.44522e-36 0
4920 0 0 3.23005e-51 2.75632e-36 0
4922.5 0 0 5.28347e-51 2.8441e-36 0
4925 0 0 6.39346e-51 2.60711e-36 0
4927.5 0 0 6.05613e-51 2.40855e-36 0
4930 0 0 4.62204e-51 2.57993e-36 0
4932.5 0 0 2.92783e-51 2.90803e-36 0
4935 0 0 1.62276e-51 2.88604e-36 0
4937.5 0 0 9.70096e-52 2.45426e-36 0
4940 0 0 8.8034e-52 2.17194e-36 0
4942.5 0 0 1.10826e-51 2.47504e-36 0
4945 0 0 1.28697e-51 2.99821e-36 0
4947.5 0 0 1.12799e-51 2.97257e-36 0
4950 0 0 6.68962e-52 2.26231e-36 0
4952.5 0 0 2.6951e-52 1.65533e-36 0
4955 0 0 2.37568e-52 1.94878e-36 0
4957.5 0 0 4.95796e-52 2.93887e-36 0
4960 0 0 6.48874e-52 3.5747e-36 0
4962.5 0 0 4.68111e-52 3.10485e-36 0
4965 0 0 1.40351e-52 1.89089e-36 0
4967.5 0 0 2.15067e-53 1.00258e-36 0
4970 0 0 2.08779e-52 1.11042e-36 0
4972.5 0 0 4.25542e-52 1.90873e-36 0
4975 0 0 3.92428e-52 2.61945e-36 0
4977.5 0 0 1.75505e-52 2.87633e-36 0
4980 0 0 5.59748e-53 2.93764e-36 0
4982.5 0 0 1.83267e-52 3.10452e-36 0
4985 0 0 4.27973e-52 3.24337e-36 0
4987.5 0 0 5.97627e-52 3.05836e-36 0
4990 0 0 6.87176e-52 2.63055e-36 0
4992.5 0 0 8.1283e-52 2.36378e-36 0
4995 0 0 1.01693e-51 2.41641e-36 0
4997.5 0 0 1.2348e-51 2.49174e-36 0
