0 0 0 0
2.5 6.5609e-52 9.54462e-39 0
5 5.11503e-51 1.97023e-37 0
7.5 5.14831e-51 5.12049e-37 0
10 2.03634e-52 1.2018e-38 0
12.5 2.36916e-50 3.38025e-36 0
15 6.12965e-50 1.85434e-35 0
17.5 3.69037e-50 2.57571e-35 0
20 1.26451e-51 3.06223e-36 0
22.5 1.11248e-49 3.73985e-35 0
25 2.63401e-49 2.31837e-34 0
27.5 1.66351e-49 3.49588e-34 0
30 6.02908e-53 7.49188e-35 0
32.5 2.97232e-49 3.819e-34 0
35 8.12958e-49 3.98704e-33 0
37.5 6.30999e-49 1.23855e-32 0
40 2.72216e-50 2.18578e-32 0
42.5 5.42945e-49 2.49224e-32 0
45 2.03047e-48 1.81328e-32 0
47.5 2.03976e-48 7.0352e-33 0
50 3.27413e-49 4.99551e-34 0
52.5 7.16159e-49 8.23158e-34 0
55 4.49038e-48 2.73015e-33 0
57.5 5.99285e-48 1.91132e-33 0
60 1.90683e-48 1.54669e-34 0
62.5 7.14416e-49 5.19648e-34 0
65 1.05073e-47 1.83774e-33 0
67.5 1.95241e-47 1.42118e-33 0
70 1.0078e-47 1.19653e-34 0
72.5 8.52393e-49 4.94802e-34 0
75 4.93604e-47 1.87501e-33 0
77.5 1.81318e-46 1.61596e-33 0
80 3.27393e-46 1.94698e-34 0
82.5 3.70578e-46 4.69423e-34 0
85 2.70681e-46 2.22857e-33 0
87.5 1.13247e-46 2.29206e-33 0
90 1.47227e-47 4.70723e-34 0
92.5 3.03622e-48 3.53532e-34 0
95 1.92366e-47 2.75294e-33 0
97.5 1.48036e-47 3.63528e-33 0
100 1.28885e-48 1.26198e-33 0
102.5 3.75788e-48 1.43028e-34 0
105 1.32174e-47 3.51763e-33 0
107.5 9.63771e-48 6.59866e-33 0
110 5.21452e-49 3.81565e-33 0
112.5 4.66124e-48 1.18897e-35 0
115 1.54783e-47 6.27011e-33 0
117.5 1.28375e-47 2.37781e-32 0
120 1.44451e-48 3.90979e-32 0
122.5 4.11303e-48 3.89648e-32 0
125 1.95079e-47 2.4958e-32 0
127.5 2.14289e-47 9.59625e-33 0
130 5.67669e-48 1.63759e-33 0
132.5 1.82711e-48 2.68199e-35 0
135 2.26061e-47 1.06903e-34 0
137.5 3.63591e-47 1.09556e-35 0
140 1.83843e-47 9.68116e-35 0
142.5 1.80927e-50 2.55451e-34 0
145 2.33255e-47 1.01675e-34 0
147.5 6.38403e-47 2.44385e-35 0
150 5.64261e-47 3.90543e-34 0
152.5 8.03522e-48 6.64293e-34 0
155 2.57785e-47 3.55823e-34 0
157.5 1.87609e-46 5.99825e-36 0
160 4.15267e-46 2.9751e-34 0
162.5 5.31641e-46 8.42498e-34 0
165 4.46276e-46 7.84748e-34 0
167.5 2.42723e-46 2.09303e-34 0
170 7.30228e-47 3.95151e-35 0
172.5 5.85558e-48 6.11688e-34 0
175 2.30825e-48 1.14469e-33 0
177.5 4.83886e-48 8.66621e-34 0
180 6.84842e-49 1.57382e-34 0
182.5 1.29888e-48 1.29851e-34 0
185 5.07845e-48 1.15642e-33 0
187.5 3.17466e-48 2.16698e-33 0
190 8.55018e-51 1.76548e-33 0
192.5 4.62855e-48 3.01298e-34 0
195 1.13499e-47 7.18532e-34 0
197.5 8.45008e-48 6.55729e-33 0
200 7.08187e-49 1.80387e-32 0
202.5 3.71041e-48 2.99333e-32 0
205 1.63428e-47 3.45472e-32 0
207.5 1.93192e-47 2.83169e-32 0
210 6.93517e-48 1.55492e-32 0
212.5 3.78559e-49 4.62039e-33 0
215 1.53792e-47 2.62311e-34 0
217.5 3.29345e-47 4.91667e-34 0
220 2.52828e-47 9.83965e-34 0
222.5 3.297e-48 3.76745e-34 0
225 7.60673e-48 7.84081e-36 0
227.5 4.52349e-47 3.65843e-34 0
230 6.67042e-47 4.44684e-34 0
232.5 3.49544e-47 5.69214e-35 0
235 4.66906e-49 1.82092e-34 0
237.5 6.44502e-47 8.09057e-34 0
240 2.52542e-46 7.55105e-34 0
242.5 4.54556e-46 8.57771e-35 0
245 5.19919e-46 3.36197e-34 0
247.5 4.064e-46 1.55995e-33 0
250 2.11906e-46 1.74473e-33 0
252.5 6.40778e-47 4.48618e-34 0
255 6.87261e-48 2.09565e-34 0
257.5 1.24625e-48 2.2393e-33 0
260 1.94331e-48 3.5848e-33 0
262.5 3.60689e-50 1.8154e-33 0
265 1.66048e-48 5.01521e-36 0
267.5 3.27502e-48 2.39508e-33 0
270 8.08288e-49 6.54974e-33 0
272.5 1.14404e-48 5.908e-33 0
275 8.42424e-48 1.02467e-33 0
277.5 1.24009e-47 1.87548e-33 0
280 5.52718e-48 1.49761e-32 0
282.5 9.98835e-50 3.25353e-32 0
285 1.00472e-47 3.98302e-32 0
287.5 2.40482e-47 3.16347e-32 0
290 1.98875e-47 1.64522e-32 0
292.5 3.20131e-48 5.20396e-33 0
295 4.38512e-48 8.59886e-34 0
297.5 2.94748e-47 8.25451e-35 0
300 4.32985e-47 3.39439e-35 0
302.5 2.24601e-47 2.42915e-34 0
305 2.21657e-49 4.44561e-34 0
307.5 2.25674e-47 1.93649e-34 0
310 7.07892e-47 2.34331e-35 0
312.5 7.57566e-47 6.56153e-34 0
315 2.40264e-47 1.38798e-33 0
317.5 6.17146e-48 1.03966e-33 0
320 1.17124e-46 1.33283e-34 0
322.5 3.23818e-46 2.8439e-34 0
325 4.76707e-46 1.50506e-33 0
327.5 4.61244e-46 1.98097e-33 0
330 3.07367e-46 9.40214e-34 0
332.5 1.37545e-46 1.39954e-35 0
335 3.78981e-47 7.74256e-34 0
337.5 5.98702e-48 2.2381e-33 0
340 1.00967e-48 2.25792e-33 0
342.5 6.13081e-49 7.65147e-34 0
345 2.23749e-48 2.60878e-35 0
347.5 2.90295e-48 1.44901e-33 0
350 5.36903e-49 3.42836e-33 0
352.5 1.70479e-48 3.31042e-33 0
355 1.01716e-47 1.08301e-33 0
357.5 1.56021e-47 1.60413e-34 0
360 8.65984e-48 4.10993e-33 0
362.5 1.75204e-49 1.2763e-32 0
365 7.3448e-48 2.1719e-32 0
367.5 2.40446e-47 2.57164e-32 0
370 2.59267e-47 2.27027e-32 0
372.5 8.91306e-48 1.50592e-32 0
375 4.91555e-49 7.24655e-33 0
377.5 1.92177e-47 2.32563e-33 0
380 4.17991e-47 4.524e-34 0
382.5 3.42806e-47 1.01409e-34 0
385 6.62384e-48 4.86821e-35 0
387.5 5.05493e-48 1.06354e-35 0
390 4.37131e-47 3.1386e-35 0
392.5 7.4625e-47 5.93724e-35 0
395 5.115e-47 1.16716e-34 0
397.5 5.27082e-48 2.7553e-34 0
400 2.60428e-47 3.57238e-34 0
402.5 1.52923e-46 1.65933e-34 0
405 3.1529e-46 4.66205e-35 0
407.5 3.96513e-46 5.06815e-34 0
410 3.47287e-46 1.1612e-33 0
412.5 2.19993e-46 1.01354e-33 0
415 1.01218e-46 1.96426e-34 0
417.5 3.43885e-47 2.37319e-34 0
420 9.8955e-48 1.66557e-33 0
422.5 3.52614e-48 2.61669e-33 0
425 2.41327e-48 1.49295e-33 0
427.5 2.0998e-48 4.13107e-35 0
430 6.1262e-49 1.26328e-33 0
432.5 7.51329e-49 4.38049e-33 0
435 6.62585e-48 5.02464e-33 0
437.5 1.37203e-47 1.8592e-33 0
440 1.19914e-47 1.85071e-34 0
442.5 2.77831e-48 5.94283e-33 0
445 1.35718e-48 1.73416e-32 0
447.5 1.4494e-47 2.5695e-32 0
450 2.60115e-47 2.47632e-32 0
452.5 1.84491e-47 1.66752e-32 0
455 2.34629e-48 8.0503e-33 0
457.5 4.82885e-48 2.91397e-33 0
460 2.80346e-47 9.41334e-34 0
462.5 4.06244e-47 4.51207e-34 0
465 2.2753e-47 4.773e-34 0
467.5 9.04082e-49 4.65898e-34 0
470 1.42689e-47 1.51393e-34 0
472.5 5.41652e-47 3.65585e-35 0
475 6.77336e-47 6.90622e-34 0
477.5 3.23263e-47 1.48687e-33 0
480 7.70777e-49 1.26081e-33 0
482.5 4.65903e-47 2.79393e-34 0
485 1.7141e-46 1.41024e-34 0
487.5 2.91715e-46 1.30738e-33 0
490 3.22364e-46 2.15796e-33 0
492.5 2.55789e-46 1.38733e-33 0
495 1.52277e-46 1.43633e-34 0
497.5 7.12743e-47 4.12672e-34 0
500 2.92533e-47 1.96383e-33 0
502.5 1.29413e-47 2.5701e-33 0
505 7.50814e-48 1.30835e-33 0
507.5 5.0609e-48 3.76638e-35 0
510 1.97588e-48 7.93225e-34 0
512.5 1.47807e-49 2.80907e-33 0
515 4.89264e-48 3.43068e-33 0
517.5 1.43063e-47 1.73655e-33 0
520 1.69766e-47 6.7949e-35 0
522.5 7.94979e-48 1.53369e-33 0
525 7.33488e-50 6.58318e-33 0
527.5 7.78716e-48 1.24829e-32 0
530 2.35176e-47 1.58442e-32 0
532.5 2.52748e-47 1.52704e-32 0
535 9.54034e-48 1.18227e-32 0
537.5 1.25219e-49 7.6037e-33 0
540 1.45572e-47 4.18021e-33 0
542.5 3.53919e-47 2.01071e-33 0
545 3.27192e-47 8.21283e-34 0
547.5 9.37047e-48 2.22494e-34 0
550 1.31744e-48 6.10148e-36 0
552.5 2.69732e-47 7.60351e-35 0
555 5.6303e-47 3.02626e-34 0
557.5 4.86999e-47 5.01171e-34 0
560 1.26179e-47 5.07281e-34 0
562.5 4.77048e-48 2.91034e-34 0
565 6.44664e-47 6.12548e-35 0
567.5 1.64003e-46 1.58972e-34 0
570 2.34851e-46 6.34686e-34 0
572.5 2.34748e-46 9.9042e-34 0
575 1.7854e-46 7.11237e-34 0
577.5 1.09976e-46 1.24458e-34 0
580 5.94151e-47 2.03211e-34 0
582.5 3.13231e-47 1.16201e-33 0
585 1.75667e-47 1.82554e-33 0
587.5 1.00549e-47 1.16846e-33 0
590 4.21234e-48 1.01974e-34 0
592.5 2.69042e-49 5.24348e-34 0
595 2.26976e-48 2.44129e-33 0
597.5 1.06564e-47 3.4296e-33 0
600 1.69577e-47 1.93378e-33 0
602.5 1.25382e-47 8.19503e-35 0
605 2.41191e-48 1.63352e-33 0
607.5 1.53555e-48 7.24289e-33 0
610 1.38367e-47 1.31965e-32 0
612.5 2.37925e-47 1.52708e-32 0
615 1.70055e-47 1.27786e-32 0
617.5 2.67043e-48 8.29222e-33 0
620 2.89258e-48 4.48316e-33 0
622.5 2.04776e-47 2.25483e-33 0
625 3.20962e-47 1.26543e-33 0
627.5 2.06472e-47 8.94571e-34 0
630 2.19971e-48 5.84918e-34 0
632.5 6.02523e-48 1.54915e-34 0
635 3.23344e-47 3.32383e-35 0
637.5 4.79746e-47 6.13242e-34 0
640 3.05884e-47 1.35112e-33 0
642.5 3.39712e-48 1.25196e-33 0
645 1.20784e-47 3.89716e-34 0
647.5 7.08355e-47 4.6919e-35 0
650 1.44074e-46 8.76762e-34 0
652.5 1.8309e-46 1.777e-33 0
655 1.70936e-46 1.42367e-33 0
657.5 1.27762e-46 3.13982e-34 0
660 8.27047e-47 1.3368e-34 0
662.5 5.06041e-47 1.24707e-33 0
665 3.13941e-47 2.07893e-33 0
667.5 1.95922e-47 1.40635e-33 0
670 1.03784e-47 1.96678e-34 0
672.5 2.66573e-48 2.58421e-34 0
675 1.83818e-49 1.64683e-33 0
677.5 6.19746e-48 2.53859e-33 0
680 1.54878e-47 1.72341e-33 0
682.5 1.69255e-47 2.83253e-34 0
685 7.79873e-48 3.37049e-34 0
687.5 1.23357e-49 2.63592e-33 0
690 5.75793e-48 5.90329e-33 0
692.5 1.86013e-47 8.2719e-33 0
695 2.11458e-47 8.85306e-33 0
697.5 9.3084e-48 7.9747e-33 0
700 5.49592e-50 6.43601e-33 0
702.5 8.14973e-48 4.81997e-33 0
705 2.38986e-47 3.3239e-33 0
707.5 2.54042e-47 1.95744e-33 0
710 1.00314e-47 8.09052e-34 0
712.5 4.49191e-50 1.16859e-34 0
715 1.22353e-47 4.48621e-35 0
717.5 3.30775e-47 4.0919e-34 0
720 3.52771e-47 7.37445e-34 0
722.5 1.50161e-47 6.74901e-34 0
725 3.75441e-49 3.06312e-34 0
727.5 1.94066e-47 3.88235e-35 0
730 6.79719e-47 1.69708e-34 0
732.5 1.14762e-46 5.6664e-34 0
735 1.33024e-46 7.80266e-34 0
737.5 1.2092e-46 5.33835e-34 0
740 9.41295e-47 1.12708e-34 0
742.5 6.7671e-47 1.12313e-34 0
745 4.73528e-47 6.69515e-34 0
747.5 3.22198e-47 1.13792e-33 0
750 1.93976e-47 8.57932e-34 0
752.5 7.85075e-48 1.67088e-34 0
755 6.03583e-49 1.34103e-34 0
757.5 2.03683e-48 1.09023e-33 0
760 1.05973e-47 1.94706e-33 0
762.5 1.66941e-47 1.52678e-33 0
765 1.24924e-47 3.21543e-34 0
767.5 2.86602e-48 2.18232e-34 0
770 7.11022e-49 2.32613e-33 0
772.5 9.78699e-48 5.6083e-33 0
775 1.83178e-47 7.94703e-33 0
777.5 1.44241e-47 8.1702e-33 0
780 3.27682e-48 6.71869e-33 0
782.5 9.20869e-49 4.73508e-33 0
785 1.17747e-47 3.05778e-33 0
787.5 2.14362e-47 1.96548e-33 0
790 1.63234e-47 1.31613e-33 0
792.5 3.36928e-48 7.76885e-34 0
795 1.44587e-48 2.29958e-34 0
797.5 1.53024e-47 8.82017e-36 0
800 2.79311e-47 4.24182e-34 0
802.5 2.26619e-47 1.07552e-33 0
805 5.99261e-48 1.13338e-33 0
807.5 1.39304e-48 4.78689e-34 0
810 2.2494e-47 2.14432e-35 0
812.5 5.87406e-47 4.7093e-34 0
815 8.78629e-47 1.24059e-33 0
817.5 9.68606e-47 1.22525e-33 0
820 8.85856e-47 4.33625e-34 0
822.5 7.29742e-47 2.98648e-35 0
825 5.72491e-47 6.33597e-34 0
827.5 4.33671e-47 1.38434e-33 0
830 3.01577e-47 1.19026e-33 0
832.5 1.65571e-47 3.2759e-34 0
835 4.74227e-48 4.27245e-35 0
837.5 1.19337e-50 7.66461e-34 0
840 4.89406e-48 1.52273e-33 0
842.5 1.34007e-47 1.29959e-33 0
845 1.52183e-47 4.00888e-34 0
847.5 7.75447e-48 2.48132e-35 0
850 4.26589e-49 8.29388e-34 0
852.5 3.0377e-48 2.34997e-33 0
855 1.22989e-47 3.69895e-33 0
857.5 1.56018e-47 4.42201e-33 0
860 8.25105e-48 4.62028e-33 0
862.5 4.41224e-49 4.55245e-33 0
865 3.38062e-48 4.3027e-33 0
867.5 1.34246e-47 3.74274e-33 0
870 1.67705e-47 2.73816e-33 0
872.5 8.67216e-48 1.4439e-33 0
875 4.02096e-49 3.72282e-34 0
877.5 4.00872e-48 1.13269e-35 0
880 1.57325e-47 3.17823e-34 0
882.5 2.06799e-47 7.18238e-34 0
885 1.23627e-47 7.01605e-34 0
887.5 1.46819e-48 3.21596e-34 0
890 3.53865e-48 3.01422e-35 0
892.5 2.20553e-47 1.09662e-34 0
895 4.64479e-47 3.96915e-34 0
897.5 6.39826e-47 5.3304e-34 0
900 6.98989e-47 3.68788e-34 0
902.5 6.70399e-47 1.00143e-34 0
905 5.99257e-47 4.87409e-35 0
907.5 5.08917e-47 3.05501e-34 0
910 3.98998e-47 5.89197e-34 0
912.5 2.63791e-47 5.3912e-34 0
915 1.19762e-47 1.89463e-34 0
917.5 1.8073e-48 1.44717e-35 0
920 8.80512e-49 3.50622e-34 0
922.5 7.72527e-48 8.80246e-34 0
925 1.36223e-47 9.49024e-34 0
927.5 1.12398e-47 4.27586e-34 0
930 3.44385e-48 5.74625e-36 0
932.5 8.31351e-50 4.77567e-34 0
935 5.32796e-48 1.87942e-33 0
937.5 1.19438e-47 3.4792e-33 0
940 1.08563e-47 4.48687e-33 0
942.5 3.52989e-48 4.60582e-33 0
945 6.69783e-50 4.01771e-33 0
947.5 5.31053e-48 3.10758e-33 0
950 1.20916e-47 2.23014e-33 0
952.5 1.10778e-47 1.53133e-33 0
955 3.64788e-48 9.21804e-34 0
957.5 6.52418e-50 3.40661e-34 0
960 5.5822e-48 1.24879e-35 0
962.5 1.34026e-47 2.06792e-34 0
965 1.36271e-47 7.16545e-34 0
967.5 5.96751e-48 9.11082e-34 0
970 1.56077e-49 5.16561e-34 0
972.5 4.82528e-48 5.94267e-35 0
975 1.91274e-47 1.87304e-34 0
977.5 3.53989e-47 7.32453e-34 0
980 4.70691e-47 9.15214e-34 0
982.5 5.2495e-47 4.68925e-34 0
985 5.31384e-47 4.21904e-35 0
987.5 5.04687e-47 2.5313e-34 0
990 4.45794e-47 7.84258e-34 0
992.5 3.46562e-47 8.57151e-34 0
995 2.10418e-47 3.68747e-34 0
997.5 7.53827e-48 1.76853e-35 0
1000 3.76671e-49 2.84586e-34 0
1002.5 2.58115e-48 7.78214e-34 0
1005 9.41081e-48 8.24707e-34 0
1007.5 1.20582e-47 3.76564e-34 0
1010 7.22334e-48 1.30752e-35 0
1012.5 9.80948e-49 1.89689e-34 0
1015 1.04307e-48 7.98543e-34 0
1017.5 6.76064e-48 1.4502e-33 0
1020 1.01042e-47 1.93101e-33 0
1022.5 6.51125e-48 2.30567e-33 0
1025 9.41107e-49 2.71338e-33 0
1027.5 9.20507e-49 3.13615e-33 0
1030 6.25185e-48 3.31056e-33 0
1032.5 9.49097e-48 2.89554e-33 0
1035 6.23784e-48 1.85848e-33 0
1037.5 9.7083e-49 6.91313e-34 0
1040 7.89396e-49 6.32553e-35 0
1042.5 5.98871e-48 1.69602e-34 0
1045 9.96108e-48 5.45882e-34 0
1047.5 7.83047e-48 6.18332e-34 0
1050 2.29909e-48 3.19834e-34 0
1052.5 1.60884e-49 3.5669e-35 0
1055 5.05448e-48 4.85597e-35 0
1057.5 1.50184e-47 2.38574e-34 0
1060 2.58074e-47 3.26011e-34 0
1062.5 3.46307e-47 2.23949e-34 0
1065 4.07604e-47 7.1037e-35 0
1067.5 4.41067e-47 2.55948e-35 0
1070 4.40033e-47 1.15992e-34 0
1072.5 3.91102e-47 2.42121e-34 0
1075 2.87301e-47 2.67011e-34 0
1077.5 1.50522e-47 1.49112e-34 0
1080 3.72043e-48 1.9073e-35 0
1082.5 1.97408e-49 6.36503e-35 0
1085 4.28008e-48 2.85212e-34 0
1087.5 9.36095e-48 4.47477e-34 0
1090 8.94575e-48 3.44544e-34 0
1092.5 3.6668e-48 8.53785e-35 0
1095 5.92857e-50 2.39133e-35 0
1097.5 2.17349e-48 4.15786e-34 0
1100 6.57136e-48 1.20065e-33 0
1102.5 7.13356e-48 2.0827e-33 0
1105 3.17752e-48 2.73101e-33 0
1107.5 6.70587e-50 2.9271e-33 0
1110 1.78132e-48 2.65458e-33 0
1112.5 5.69036e-48 2.10036e-33 0
1115 6.39227e-48 1.49661e-33 0
1117.5 3.013e-48 9.36576e-34 0
1120 1.04889e-49 4.20196e-34 0
1122.5 1.41787e-48 6.09898e-35 0
1125 5.17039e-48 5.98819e-35 0
1127.5 6.6709e-48 3.78189e-34 0
1130 4.21252e-48 6.22966e-34 0
1132.5 7.75263e-49 4.7259e-34 0
1135 4.07844e-49 1.2262e-34 0
1137.5 4.45912e-48 5.09002e-35 0
1140 1.14754e-47 3.50282e-34 0
1142.5 1.93774e-47 5.85496e-34 0
1145 2.68391e-47 4.1784e-34 0
1147.5 3.30969e-47 9.46691e-35 0
1150 3.7217e-47 7.89467e-35 0
1152.5 3.7651e-47 3.7273e-34 0
1155 3.26857e-47 5.33537e-34 0
1157.5 2.22631e-47 3.30608e-34 0
1160 9.88284e-48 5.79831e-35 0
1162.5 1.53008e-48 8.3897e-35 0
1165 8.84966e-49 3.399e-34 0
1167.5 5.35344e-48 4.59803e-34 0
1170 8.29776e-48 2.91561e-34 0
1172.5 6.01883e-48 5.43002e-35 0
1175 1.49503e-48 2.11296e-35 0
1177.5 1.64042e-49 2.27159e-34 0
1180 2.99797e-48 5.20179e-34 0
1182.5 5.65947e-48 7.77098e-34 0
1185 4.49554e-48 1.02018e-33 0
1187.5 1.19037e-48 1.37296e-33 0
1190 1.02109e-49 1.89678e-33 0
1192.5 2.32776e-48 2.40757e-33 0
1195 4.55225e-48 2.50375e-33 0
1197.5 3.76162e-48 1.9312e-33 0
1200 1.1097e-48 9.53104e-34 0
1202.5 3.49123e-50 2.04634e-34 0
1205 1.70813e-48 7.69051e-35 0
1207.5 3.8646e-48 3.40196e-34 0
1210 3.92494e-48 4.78873e-34 0
1212.5 1.95425e-48 3.00019e-34 0
1215 1.81739e-49 5.45962e-35 0
1217.5 5.61617e-49 1.26297e-35 0
1220 3.49387e-48 1.29482e-34 0
1222.5 8.38529e-48 1.91518e-34 0
1225 1.45449e-47 1.2597e-34 0
1227.5 2.1344e-47 3.70373e-35 0
1230 2.78249e-47 1.60985e-35 0
1232.5 3.22794e-47 4.72023e-35 0
1235 3.23794e-47 8.02215e-35 0
1237.5 2.65328e-47 9.36995e-35 0
1240 1.60276e-47 7.80483e-35 0
1242.5 5.60001e-48 3.45267e-35 0
1245 4.6488e-49 6.5629e-36 0
1247.5 1.76877e-48 4.84842e-35 0
1250 5.40504e-48 1.40397e-34 0
1252.5 6.22983e-48 1.85608e-34 0
1255 3.34303e-48 1.24002e-34 0
1257.5 3.73045e-49 2.06773e-35 0
1260 5.87273e-49 2.60667e-35 0
1262.5 2.98304e-48 2.67351e-34 0
1265 4.03119e-48 7.63135e-34 0
1267.5 2.37923e-48 1.38188e-33 0
1270 3.00071e-49 1.87165e-33 0
1272.5 3.75174e-49 2.00582e-33 0
1275 2.15614e-48 1.75726e-33 0
1277.5 3.07954e-48 1.30222e-33 0
1280 1.96602e-48 8.32603e-34 0
1282.5 3.34532e-49 4.24124e-34 0
1285 1.77821e-49 1.16973e-34 0
1287.5 1.4892e-48 1.05015e-35 0
1290 2.57656e-48 1.45481e-34 0
1292.5 2.24379e-48 3.46721e-34 0
1295 9.52415e-49 3.57503e-34 0
1297.5 4.29476e-50 1.62515e-34 0
1300 5.14366e-49 2.51134e-35 0
1302.5 2.6902e-48 1.27365e-34 0
1305 6.52214e-48 3.11366e-34 0
1307.5 1.17703e-47 3.0951e-34 0
1310 1.78815e-47 1.3092e-34 0
1312.5 2.37168e-47 3.51433e-35 0
1315 2.73437e-47 1.45727e-34 0
1317.5 2.65059e-47 2.84044e-34 0
1320 2.02824e-47 2.47193e-34 0
1322.5 1.08554e-47 9.3611e-35 0
1325 2.96273e-48 3.32212e-35 0
1327.5 3.58808e-49 1.2577e-34 0
1330 2.42204e-48 2.25533e-34 0
1332.5 4.89333e-48 1.99424e-34 0
1335 4.38958e-48 8.31755e-35 0
1337.5 1.6868e-48 6.8207e-36 0
1340 6.04099e-50 4.65358e-35 0
1342.5 9.9955e-49 1.76467e-34 0
1345 2.67146e-48 3.20445e-34 0
1347.5 2.67048e-48 4.41414e-34 0
1350 1.09237e-48 6.10624e-34 0
1352.5 3.17022e-50 9.54918e-34 0
1355 6.33572e-49 1.45473e-33 0
1357.5 1.79055e-48 1.81675e-33 0
1360 1.8804e-48 1.68765e-33 0
1362.5 8.60776e-49 1.062e-33 0
1365 4.8569e-50 3.74104e-34 0
1367.5 3.00978e-49 7.62287e-35 0
1370 1.12421e-48 1.80791e-34 0
1372.5 1.5207e-48 3.28354e-34 0
1375 1.13892e-48 2.61564e-34 0
1377.5 4.18484e-49 7.89124e-35 0
1380 1.93964e-50 3.33629e-36 0
1382.5 4.38124e-49 6.36916e-35 0
1385 2.02418e-48 1.14483e-34 0
1387.5 5.04763e-48 7.62574e-35 0
1390 9.59083e-48 1.59373e-35 0
1392.5 1.523e-47 6.65992e-36 0
1395 2.05981e-47 2.76741e-35 0
1397.5 2.33701e-47 3.06104e-35 0
1400 2.14217e-47 1.98789e-35 0
1402.5 1.48244e-47 2.16661e-35 0
1405 6.70559e-48 2.72695e-35 0
1407.5 1.32303e-48 1.56148e-35 0
1410 5.9367e-49 1.40549e-36 0
1412.5 2.58289e-48 1.7297e-35 0
1415 3.75465e-48 6.06305e-35 0
1417.5 2.59745e-48 8.90357e-35 0
1420 6.47704e-49 6.77821e-35 0
1422.5 8.13206e-50 1.45945e-35 0
1425 1.05777e-48 1.35545e-35 0
1427.5 1.90981e-48 1.80718e-34 0
1430 1.47585e-48 5.63736e-34 0
1432.5 4.06475e-49 1.0409e-33 0
1435 3.15833e-50 1.36224e-33 0
1437.5 6.04034e-49 1.35081e-33 0
1440 1.18704e-48 1.05684e-33 0
1442.5 1.01173e-48 6.78859e-34 0
1445 3.59288e-49 3.63229e-34 0
1447.5 1.18996e-50 1.40043e-34 0
1450 2.58209e-49 1.99016e-35 0
1452.5 7.10243e-49 3.51015e-35 0
1455 8.83363e-49 1.47521e-34 0
1457.5 6.61008e-49 2.18094e-34 0
1460 2.59636e-49 1.56061e-34 0
1462.5 2.5777e-50 4.63542e-35 0
1465 3.60788e-49 3.77981e-35 0
1467.5 1.69034e-48 1.33084e-34 0
1470 4.35055e-48 1.89529e-34 0
1472.5 8.38762e-48 1.2945e-34 0
1475 1.3246e-47 4.52768e-35 0
1477.5 1.74649e-47 5.33772e-35 0
1480 1.89492e-47 1.2828e-34 0
1482.5 1.62741e-47 1.55399e-34 0
1485 1.02578e-47 9.97143e-35 0
1487.5 4.00282e-48 3.97862e-35 0
1490 6.77608e-49 4.60785e-35 0
1492.5 8.89985e-49 9.56909e-35 0
1495 2.43138e-48 1.19721e-34 0
1497.5 2.76434e-48 8.78665e-35 0
1500 1.50482e-48 3.03994e-35 0
1502.5 2.31925e-49 5.62568e-36 0
1505 2.20268e-49 5.12977e-35 0
1507.5 1.01298e-48 1.44452e-34 0
1510 1.33113e-48 2.20755e-34 0
1512.5 7.7896e-49 2.72893e-34 0
1515 1.23974e-49 4.07984e-34 0
1517.5 1.04076e-49 7.23349e-34 0
1520 5.36558e-49 1.10589e-33 0
1522.5 7.49422e-49 1.25468e-33 0
1525 4.94128e-49 9.90606e-34 0
1527.5 1.20748e-49 4.95215e-34 0
1530 1.90816e-50 1.41815e-34 0
1532.5 1.9738e-49 9.95448e-35 0
1535 4.10578e-49 2.00523e-34 0
1537.5 4.71558e-49 2.07281e-34 0
1540 3.5781e-49 9.68783e-35 0
1542.5 1.62405e-49 1.34198e-35 0
1545 6.93422e-50 2.89347e-35 0
1547.5 3.62858e-49 6.90256e-35 0
1550 1.42167e-48 5.56446e-35 0
1552.5 3.65496e-48 1.31279e-35 0
1555 7.23078e-48 1.22277e-36 0
1557.5 1.15464e-47 1.85497e-35 0
1560 1.49358e-47 2.33819e-35 0
1562.5 1.53826e-47 7.91161e-36 0
1565 1.21319e-47 4.77361e-37 0
1567.5 6.74303e-48 1.17923e-35 0
1570 2.17215e-48 2.12549e-35 0
1572.5 4.18639e-49 1.39239e-35 0
1575 1.02084e-48 2.29462e-36 0
1577.5 1.93011e-48 8.34443e-36 0
1580 1.71724e-48 3.74789e-35 0
1582.5 7.04918e-49 6.75461e-35 0
1585 6.23355e-50 6.18264e-35 0
1587.5 2.61348e-49 1.6807e-35 0
1590 7.21187e-49 9.75777e-36 0
1592.5 7.42917e-49 1.58177e-34 0
1595 3.4091e-49 4.82283e-34 0
1597.5 3.28161e-50 8.23874e-34 0
1600 1.01291e-49 9.61938e-34 0
1602.5 3.30337e-49 8.23043e-34 0
1605 3.89998e-49 5.37588e-34 0
1607.5 2.33831e-49 2.82571e-34 0
1610 5.59034e-50 1.2415e-34 0
1612.5 1.25247e-50 3.71469e-35 0
1615 9.81409e-50 8.09492e-36 0
1617.5 2.23012e-49 4.33016e-35 0
1620 3.01946e-49 1.03129e-34 0
1622.5 2.8047e-49 1.1434e-34 0
1625 1.68928e-49 6.47574e-35 0
1627.5 1.01602e-49 2.501e-35 0
1630 3.61402e-49 4.82865e-35 0
1632.5 1.33865e-48 9.59457e-35 0
1635 3.38766e-48 9.93524e-35 0
1637.5 6.501e-48 5.89305e-35 0
1640 9.91123e-48 3.43592e-35 0
1642.5 1.21055e-47 5.41135e-35 0
1645 1.16692e-47 8.30345e-35 0
1647.5 8.51773e-48 8.05621e-35 0
1650 4.29667e-48 5.22172e-35 0
1652.5 1.24431e-48 3.18909e-35 0
1655 4.14672e-49 3.8428e-35 0
1657.5 1.01242e-48 6.09331e-35 0
1660 1.4822e-48 7.16292e-35 0
1662.5 1.09615e-48 5.04932e-35 0
1665 3.5871e-49 1.30293e-35 0
1667.5 5.53991e-50 8.11532e-36 0
1670 2.82981e-49 6.18274e-35 0
1672.5 5.3087e-49 1.30496e-34 0
1675 4.36891e-49 1.55144e-34 0
1677.5 1.56283e-49 1.69907e-34 0
1680 2.18031e-50 2.91583e-34 0
1682.5 1.0355e-49 5.51624e-34 0
1685 2.14957e-49 7.86867e-34 0
1687.5 2.06942e-49 7.82093e-34 0
1690 1.08813e-49 5.2111e-34 0
1692.5 2.39582e-50 2.20475e-34 0
1695 7.00458e-51 8.86099e-35 0
1697.5 5.27423e-50 1.16134e-34 0
1700 1.27995e-49 1.47528e-34 0
1702.5 1.87613e-49 9.98874e-35 0
1705 1.98556e-49 3.17374e-35 0
1707.5 1.71007e-49 1.6993e-35 0
1710 1.76908e-49 4.02202e-35 0
1712.5 3.9713e-49 4.42538e-35 0
1715 1.18676e-48 2.04923e-35 0
1717.5 2.95095e-48 4.67397e-36 0
1720 5.68032e-48 1.20576e-35 0
1722.5 8.49843e-48 2.15633e-35 0
1725 9.91146e-48 1.63454e-35 0
1727.5 8.89282e-48 6.04709e-36 0
1730 5.88765e-48 6.0736e-36 0
1732.5 2.61381e-48 1.62363e-35 0
1735 6.9001e-49 2.44567e-35 0
1737.5 4.10217e-49 2.09425e-35 0
1740 8.39002e-49 9.67241e-36 0
1742.5 9.60031e-49 1.07848e-35 0
1745 5.73602e-49 3.93162e-35 0
1747.5 1.42167e-49 7.2542e-35 0
1750 4.59446e-50 6.2997e-35 0
1752.5 1.95491e-49 1.30735e-35 0
1755 2.86729e-49 1.57196e-35 0
1757.5 2.01386e-49 1.67176e-34 0
1760 6.30985e-50 4.2916e-34 0
1762.5 1.17245e-50 6.26881e-34 0
1765 4.92121e-50 6.1725e-34 0
1767.5 9.45286e-50 4.31542e-34 0
1770 9.71736e-50 2.21284e-34 0
1772.5 6.39864e-50 9.22592e-35 0
1775 2.28031e-50 3.72382e-35 0
1777.5 3.63278e-52 1.22046e-35 0
1780 1.93533e-50 9.94975e-36 0
1782.5 8.46049e-50 3.62706e-35 0
1785 1.67401e-49 6.49831e-35 0
1787.5 2.16714e-49 6.21689e-35 0
1790 2.02745e-49 3.63327e-35 0
1792.5 1.86025e-49 2.62526e-35 0
1795 3.88349e-49 4.42763e-35 0
1797.5 1.16935e-48 6.27119e-35 0
1800 2.78595e-48 5.77225e-35 0
1802.5 5.00638e-48 3.98605e-35 0
1805 6.9547e-48 3.29379e-35 0
1807.5 7.54377e-48 4.20315e-35 0
1810 6.30838e-48 5.30045e-35 0
1812.5 3.89322e-48 5.20916e-35 0
1815 1.62295e-48 3.8412e-35 0
1817.5 4.71535e-49 2.47679e-35 0
1820 4.02695e-49 2.75968e-35 0
1822.5 6.70758e-49 4.60474e-35 0
1825 6.58696e-49 5.40135e-35 0
1827.5 3.51343e-49 3.16097e-35 0
1830 8.76937e-50 3.67891e-36 0
1832.5 5.94741e-50 1.77928e-35 0
1835 1.54158e-49 7.37368e-35 0
1837.5 1.85475e-49 1.11208e-34 0
1840 1.1756e-49 9.86645e-35 0
1842.5 3.84462e-50 1.02923e-34 0
1845 1.38143e-50 2.13815e-34 0
1847.5 3.22693e-50 4.02836e-34 0
1850 5.45098e-50 5.18527e-34 0
1852.5 5.8092e-50 4.52089e-34 0
1855 4.04075e-50 2.65768e-34 0
1857.5 1.4133e-50 1.1643e-34 0
1860 2.61934e-51 7.94274e-35 0
1862.5 2.15782e-50 9.69799e-35 0
1865 6.73303e-50 8.77067e-35 0
1867.5 1.28808e-49 4.69686e-35 0
1870 1.91283e-49 2.0305e-35 0
1872.5 2.24507e-49 2.42249e-35 0
1875 2.31985e-49 3.31354e-35 0
1877.5 3.81551e-49 2.67516e-35 0
1880 1.0288e-48 1.42024e-35 0
1882.5 2.42737e-48 1.11543e-35 0
1885 4.29326e-48 1.71902e-35 0
1887.5 5.74341e-48 2.16964e-35 0
1890 5.87855e-48 1.89097e-35 0
1892.5 4.55613e-48 1.26463e-35 0
1895 2.56561e-48 1.21878e-35 0
1897.5 9.80089e-49 2.22512e-35 0
1900 3.21643e-49 3.2934e-35 0
1902.5 3.33266e-49 2.82382e-35 0
1905 4.50654e-49 1.30195e-35 0
1907.5 3.69854e-49 1.69498e-35 0
1910 1.69297e-49 5.18873e-35 0
1912.5 3.93293e-50 7.88052e-35 0
1915 3.3718e-50 5.30453e-35 0
1917.5 7.3271e-50 4.87771e-36 0
1920 8.17153e-50 3.15676e-35 0
1922.5 5.37045e-50 1.79812e-34 0
1925 2.08875e-50 3.63113e-34 0
1927.5 4.32005e-51 4.37016e-34 0
1930 6.09271e-51 3.50888e-34 0
1932.5 1.98784e-50 1.90476e-34 0
1935 3.52162e-50 7.05253e-35 0
1937.5 3.98129e-50 2.45177e-35 0
1940 2.81527e-50 1.4359e-35 0
1942.5 1.06351e-50 8.82699e-36 0
1945 1.34707e-50 1.24116e-35 0
1947.5 6.23627e-50 3.0128e-35 0
1950 1.51059e-49 4.52124e-35 0
1952.5 2.23311e-49 4.25358e-35 0
1955 2.19389e-49 3.08798e-35 0
1957.5 1.89485e-49 2.82573e-35 0
1960 3.63206e-49 3.71996e-35 0
1962.5 1.02881e-48 4.54142e-35 0
1965 2.23814e-48 4.37358e-35 0
1967.5 3.59634e-48 3.50006e-35 0
1970 4.41729e-48 2.88816e-35 0
1972.5 4.20839e-48 3.22927e-35 0
1975 3.07728e-48 4.13849e-35 0
1977.5 1.66477e-48 4.28143e-35 0
1980 6.45532e-49 3.01352e-35 0
1982.5 2.59043e-49 1.76635e-35 0
1985 2.73264e-49 2.45826e-35 0
1987.5 3.2693e-49 4.32713e-35 0
1990 2.55203e-49 4.31252e-35 0
1992.5 1.21456e-49 1.70095e-35 0
1995 3.83519e-50 2.28923e-36 0
1997.5 3.1212e-50 3.13292e-35 0
2000 5.25486e-50 7.66957e-35 0
2002.5 5.88427e-50 8.28797e-35 0
2005 4.30347e-50 5.29164e-35 0
2007.5 1.89831e-50 6.10004e-35 0
2010 2.85671e-51 1.55423e-34 0
2012.5 4.06322e-51 2.79329e-34 0
2015 1.83622e-50 3.25233e-34 0
2017.5 3.06406e-50 2.57804e-34 0
2020 3.09616e-50 1.46968e-34 0
2022.5 2.34691e-50 7.85272e-35 0
2025 1.75256e-50 6.66647e-35 0
2027.5 2.28171e-50 6.80863e-35 0
2030 5.63278e-50 5.24102e-35 0
2032.5 1.28616e-49 2.97374e-35 0
2035 2.05288e-49 1.99345e-35 0
2037.5 2.20666e-49 2.32497e-35 0
2040 1.93457e-49 2.65413e-35 0
2042.5 3.25301e-49 2.26853e-35 0
2045 8.86032e-49 1.59546e-35 0
2047.5 1.90417e-48 1.42619e-35 0
2050 2.98102e-48 1.98389e-35 0
2052.5 3.51009e-48 2.56661e-35 0
2055 3.16131e-48 2.30528e-35 0
2057.5 2.16213e-48 1.52608e-35 0
2060 1.09167e-48 1.6604e-35 0
2062.5 4.10571e-49 3.07756e-35 0
2065 1.82865e-49 3.94651e-35 0
2067.5 1.85191e-49 2.76581e-35 0
2070 1.92394e-49 1.33206e-35 0
2072.5 1.36291e-49 2.77637e-35 0
2075 6.17446e-50 6.37839e-35 0
2077.5 1.75029e-50 7.29638e-35 0
2080 9.3074e-51 3.437e-35 0
2082.5 1.80091e-50 2.71695e-36 0
2085 2.59919e-50 5.27209e-35 0
2087.5 2.53573e-50 1.78456e-34 0
2090 1.63605e-50 2.82344e-34 0
2092.5 5.07675e-51 2.7743e-34 0
2095 3.56113e-52 1.77521e-34 0
2097.5 8.95382e-51 6.93462e-35 0
2100 2.88326e-50 1.51673e-35 0
2102.5 4.50755e-50 7.8937e-36 0
2105 3.97864e-50 1.13852e-35 0
2107.5 1.70517e-50 1.13482e-35 0
2110 1.44466e-50 1.59026e-35 0
2112.5 6.88948e-50 2.80434e-35 0
2115 1.59919e-49 3.78083e-35 0
2117.5 2.08375e-49 3.73706e-35 0
2120 1.69644e-49 3.09162e-35 0
2122.5 1.38637e-49 2.80592e-35 0
2125 3.25723e-49 3.28231e-35 0
2127.5 8.73079e-49 3.98048e-35 0
2130 1.66646e-48 3.98784e-35 0
2132.5 2.34567e-48 3.13515e-35 0
2135 2.54456e-48 2.45134e-35 0
2137.5 2.1634e-48 2.93582e-35 0
2140 1.43356e-48 3.9271e-35 0
2142.5 7.26938e-49 3.73185e-35 0
2145 2.93108e-49 2.2307e-35 0
2147.5 1.44289e-49 1.50836e-35 0
2150 1.40144e-49 2.81953e-35 0
2152.5 1.4492e-49 4.21939e-35 0
2155 1.10819e-49 3.15733e-35 0
2157.5 5.82356e-50 7.47428e-36 0
2160 1.97507e-50 8.18241e-36 0
2162.5 8.64681e-51 4.22969e-35 0
2165 1.74361e-50 6.88117e-35 0
2167.5 2.83574e-50 5.28445e-35 0
2170 2.7146e-50 2.18422e-35 0
2172.5 1.41841e-50 3.69605e-35 0
2175 2.47984e-51 1.12129e-34 0
2177.5 2.86629e-51 1.89643e-34 0
2180 1.40021e-50 2.0496e-34 0
2182.5 2.71939e-50 1.55603e-34 0
2185 3.45485e-50 9.25051e-35 0
2187.5 3.09452e-50 5.80472e-35 0
2190 1.92e-50 5.13211e-35 0
2192.5 1.99767e-50 4.85064e-35 0
2195 6.05513e-50 3.71078e-35 0
2197.5 1.33723e-49 2.36344e-35 0
2200 1.80463e-49 1.83755e-35 0
2202.5 1.55392e-49 2.18535e-35 0
2205 1.27459e-49 2.54377e-35 0
2207.5 2.76107e-49 2.21902e-35 0
2210 7.26401e-49 1.58032e-35 0
2212.5 1.37022e-48 1.60698e-35 0
2215 1.88578e-48 2.42467e-35 0
2217.5 1.9763e-48 2.89296e-35 0
2220 1.60629e-48 2.25371e-35 0
2222.5 1.00981e-48 1.56016e-35 0
2225 4.84924e-49 2.28115e-35 0
2227.5 1.87286e-49 3.77543e-35 0
2230 8.99486e-50 3.84416e-35 0
2232.5 8.32429e-50 2.22781e-35 0
2235 8.23832e-50 1.66074e-35 0
2237.5 6.15653e-50 3.97259e-35 0
2240 3.14211e-50 6.63019e-35 0
2242.5 8.57813e-51 5.67648e-35 0
2245 8.00077e-52 1.85963e-35 0
2247.5 5.7882e-51 1.01317e-35 0
2250 1.5811e-50 6.97571e-35 0
2252.5 2.2365e-50 1.60015e-34 0
2255 1.94718e-50 2.02831e-34 0
2257.5 8.37356e-51 1.63581e-34 0
2260 8.37798e-52 8.16336e-35 0
2262.5 1.08671e-50 1.94856e-35 0
2265 3.56254e-50 1.3375e-36 0
2267.5 5.01623e-50 7.93467e-36 0
2270 3.48008e-50 1.42758e-35 0
2272.5 8.78457e-51 1.54218e-35 0
2275 1.91982e-50 1.92382e-35 0
2277.5 8.25811e-50 2.85651e-35 0
2280 1.48949e-49 3.67115e-35 0
2282.5 1.50137e-49 3.66054e-35 0
2285 9.46325e-50 3.01768e-35 0
2287.5 9.75932e-50 2.69758e-35 0
2290 2.90155e-49 3.24193e-35 0
2292.5 6.84033e-49 3.94469e-35 0
2295 1.12684e-48 3.70245e-35 0
2297.5 1.39912e-48 2.68216e-35 0
2300 1.36923e-48 2.30325e-35 0
2302.5 1.07456e-48 3.15137e-35 0
2305 6.75066e-49 3.86365e-35 0
2307.5 3.36012e-49 3.07015e-35 0
2310 1.38625e-49 1.69785e-35 0
2312.5 6.95987e-50 1.80662e-35 0
2315 6.74655e-50 3.31818e-35 0
2317.5 7.44092e-50 3.78147e-35 0
2320 6.26406e-50 2.06421e-35 0
2322.5 3.47617e-50 5.00551e-36 0
2325 9.39232e-51 1.7633e-35 0
2327.5 1.90376e-51 4.6943e-35 0
2330 1.11763e-50 5.45717e-35 0
2332.5 2.23446e-50 2.87831e-35 0
2335 2.24466e-50 5.53456e-36 0
2337.5 1.23216e-50 2.56092e-35 0
2340 3.07994e-51 8.34308e-35 0
2342.5 3.95225e-51 1.32415e-34 0
2345 1.51232e-50 1.3618e-34 0
2347.5 2.86334e-50 1.01826e-34 0
2350 3.32085e-50 6.32879e-35 0
2352.5 2.34067e-50 4.39506e-35 0
2355 1.08071e-50 4.09242e-35 0
2357.5 2.09786e-50 3.86808e-35 0
2360 6.54895e-50 2.95351e-35 0
2362.5 1.15373e-49 1.95503e-35 0
2365 1.22124e-49 1.77223e-35 0
2367.5 8.42412e-50 2.3037e-35 0
2370 8.47125e-50 2.55063e-35 0
2372.5 2.32487e-49 2.02889e-35 0
2375 5.46298e-49 1.52963e-35 0
2377.5 9.01858e-49 1.95267e-35 0
2380 1.1113e-48 2.80703e-35 0
2382.5 1.06553e-48 2.81673e-35 0
2385 8.07643e-49 1.97218e-35 0
2387.5 4.81496e-49 1.7771e-35 0
2390 2.21351e-49 2.92694e-35 0
2392.5 8.09446e-50 3.92804e-35 0
2395 3.77307e-50 3.21829e-35 0
2397.5 3.91556e-50 1.85735e-35 0
2400 4.36544e-50 2.33667e-35 0
2402.5 3.57368e-50 4.71815e-35 0
2405 1.95994e-50 5.92117e-35 0
2407.5 5.378e-51 3.91663e-35 0
2410 3.51488e-54 1.19345e-35 0
2412.5 5.02161e-51 2.20558e-35 0
2415 1.61806e-50 7.67965e-35 0
2417.5 2.35831e-50 1.31775e-34 0
2420 1.84889e-50 1.38173e-34 0
2422.5 5.15173e-51 9.29291e-35 0
2425 1.21624e-51 3.54597e-35 0
2427.5 1.76132e-50 3.53869e-36 0
2430 3.97673e-50 2.32273e-36 0
2432.5 4.06265e-50 1.27211e-35 0
2435 1.7249e-50 1.82028e-35 0
2437.5 2.935e-51 1.85088e-35 0
2440 2.98125e-50 2.19574e-35 0
2442.5 8.30903e-50 3.08249e-35 0
2445 1.0965e-49 3.75082e-35 0
2447.5 8.15181e-50 3.50766e-35 0
2450 4.28813e-50 2.8014e-35 0
2452.5 8.07628e-50 2.72648e-35 0
2455 2.43196e-49 3.4587e-35 0
2457.5 4.86343e-49 3.89129e-35 0
2460 7.00491e-49 3.24509e-35 0
2462.5 7.86616e-49 2.35965e-35 0
2465 7.16468e-49 2.52655e-35 0
2467.5 5.36321e-49 3.44684e-35 0
2470 3.2717e-49 3.54829e-35 0
2472.5 1.58384e-49 2.42274e-35 0
2475 6.22057e-50 1.63292e-35 0
2477.5 3.25169e-50 2.38613e-35 0
2480 3.92775e-50 3.51567e-35 0
2482.5 4.87561e-50 3.07271e-35 0
2485 4.17211e-50 1.37747e-35 0
2487.5 2.11114e-50 8.64049e-36 0
2490 3.65274e-51 2.62207e-35 0
2492.5 1.79776e-51 4.55553e-35 0
2495 1.20635e-50 4.00355e-35 0
2497.5 2.04455e-50 1.40006e-35 0
2500 1.77086e-50 4.40184e-37 0
2502.5 7.6844e-51 2.24376e-35 0
2505 1.41441e-51 6.65807e-35 0
2507.5 5.62895e-51 9.80986e-35 0
2510 1.70202e-50 9.63132e-35 0
2512.5 2.5367e-50 7.07139e-35 0
2515 2.23438e-50 4.5772e-35 0
2517.5 1.08419e-50 3.58219e-35 0
2520 6.54464e-51 3.57961e-35 0
2522.5 2.43229e-50 3.30715e-35 0
2525 5.80409e-50 2.42137e-35 0
2527.5 7.89464e-50 1.74121e-35 0
2530 6.58365e-50 1.93205e-35 0
2532.5 4.06511e-50 2.47789e-35 0
2535 6.42202e-50 2.41881e-35 0
2537.5 1.83216e-49 1.80942e-35 0
2540 3.76462e-49 1.6652e-35 0
2542.5 5.57124e-49 2.35456e-35 0
2545 6.32999e-49 2.909e-35 0
2547.5 5.70629e-49 2.4914e-35 0
2550 4.10578e-49 1.82621e-35 0
2552.5 2.31129e-49 2.18633e-35 0
2555 9.71042e-50 3.31083e-35 0
2557.5 3.10293e-50 3.59638e-35 0
2560 1.69035e-50 2.57145e-35 0
2562.5 2.37572e-50 1.89476e-35 0
2565 2.83478e-50 3.02292e-35 0
2567.5 2.34379e-50 4.80267e-35 0
2570 1.26667e-50 4.76813e-35 0
2572.5 2.87912e-51 2.6693e-35 0
2575 2.56065e-52 1.30466e-35 0
2577.5 7.087e-51 3.2261e-35 0
2580 1.76434e-50 7.45187e-35 0
2582.5 2.056e-50 1.03075e-34 0
2585 1.127e-50 9.26977e-35 0
2587.5 7.85211e-52 5.31867e-35 0
2590 4.84e-51 1.56188e-35 0
2592.5 2.24733e-50 1.57244e-36 0
2595 3.3305e-50 7.98669e-36 0
2597.5 2.26139e-50 1.78769e-35 0
2600 3.9105e-51 2.06821e-35 0
2602.5 5.84554e-51 2.02905e-35 0
2605 3.56719e-50 2.48875e-35 0
2607.5 6.55818e-50 3.3469e-35 0
2610 6.3413e-50 3.69348e-35 0
2612.5 3.39459e-50 3.18412e-35 0
2615 2.1978e-50 2.65273e-35 0
2617.5 7.19102e-50 2.94315e-35 0
2620 1.857e-49 3.62307e-35 0
2622.5 3.18884e-49 3.5931e-35 0
2625 4.12861e-49 2.78631e-35 0
2627.5 4.31332e-49 2.34662e-35 0
2630 3.74707e-49 2.89037e-35 0
2632.5 2.71402e-49 3.48934e-35 0
2635 1.59861e-49 3.05119e-35 0
2637.5 7.27609e-50 2.06253e-35 0
2640 2.68811e-50 1.94297e-35 0
2642.5 1.89543e-50 2.86101e-35 0
2645 2.96171e-50 3.34145e-35 0
2647.5 3.61259e-50 2.41811e-35 0
2650 2.76062e-50 1.21196e-35 0
2652.5 1.08742e-50 1.49707e-35 0
2655 7.72673e-52 3.15263e-35 0
2657.5 4.03904e-51 4.09016e-35 0
2660 1.32863e-50 2.88883e-35 0
2662.5 1.65567e-50 7.31886e-36 0
2665 1.04995e-50 1.89967e-36 0
2667.5 2.48747e-51 2.36798e-35 0
2670 1.22376e-51 5.72458e-35 0
2672.5 7.71133e-51 7.69067e-35 0
2675 1.52719e-50 7.13468e-35 0
2677.5 1.6527e-50 5.14203e-35 0
2680 1.03299e-50 3.59008e-35 0
2682.5 3.7517e-51 3.23211e-35 0
2685 6.94192e-51 3.30535e-35 0
2687.5 2.28498e-50 2.86551e-35 0
2690 4.0834e-50 2.06539e-35 0
2692.5 4.44512e-50 1.77473e-35 0
2695 3.07632e-50 2.19724e-35 0
2697.5 2.17213e-50 2.53401e-35 0
2700 5.0879e-50 2.20062e-35 0
2702.5 1.3301e-49 1.73816e-35 0
2705 2.44591e-49 1.9625e-35 0
2707.5 3.34865e-49 2.63045e-35 0
2710 3.59168e-49 2.75894e-35 0
2712.5 3.07565e-49 2.18981e-35 0
2715 2.08398e-49 1.92803e-35 0
2717.5 1.07266e-49 2.59215e-35 0
2720 3.89177e-50 3.34271e-35 0
2722.5 1.14257e-50 3.08144e-35 0
2725 1.07398e-50 2.21138e-35 0
2727.5 1.73669e-50 2.20534e-35 0
2730 1.95139e-50 3.43177e-35 0
2732.5 1.49722e-50 4.40184e-35 0
2735 6.89769e-51 3.70453e-35 0
2737.5 7.08512e-52 2.07541e-35 0
2740 1.47861e-51 1.74828e-35 0
2742.5 9.05365e-51 3.80165e-35 0
2745 1.57011e-50 6.74129e-35 0
2747.5 1.32511e-50 7.95437e-35 0
2750 4.03522e-51 6.31629e-35 0
2752.5 2.35788e-52 3.16691e-35 0
2755 8.80701e-51 8.52916e-36 0
2757.5 2.0652e-50 5.28568e-36 0
2760 2.07283e-50 1.42832e-35 0
2762.5 8.28632e-51 2.12082e-35 0
2765 1.77936e-52 2.15145e-35 0
2767.5 1.05521e-50 2.20081e-35 0
2770 3.17494e-50 2.79891e-35 0
2772.5 4.15573e-50 3.46079e-35 0
2775 2.95383e-50 3.4301e-35 0
2777.5 1.16974e-50 2.87334e-35 0
2780 1.70158e-50 2.68872e-35 0
2782.5 6.07418e-50 3.16973e-35 0
2785 1.31167e-49 3.55071e-35 0
2787.5 1.99058e-49 3.17711e-35 0
2790 2.37462e-49 2.53836e-35 0
2792.5 2.34925e-49 2.54562e-35 0
2795 1.96418e-49 3.1196e-35 0
2797.5 1.37309e-49 3.27389e-35 0
2800 7.68084e-50 2.62552e-35 0
2802.5 3.22665e-50 2.03632e-35 0
2805 1.29925e-50 2.34593e-35 0
2807.5 1.53536e-50 3.05813e-35 0
2810 2.46514e-50 2.9919e-35 0
2812.5 2.59287e-50 2.02629e-35 0
2815 1.59078e-50 1.40927e-35 0
2817.5 3.99724e-51 2.09628e-35 0
2820 7.67212e-52 3.35576e-35 0
2822.5 6.40337e-51 3.5553e-35 0
2825 1.18978e-50 2.17994e-35 0
2827.5 1.02931e-50 5.93901e-36 0
2830 3.96109e-51 6.3864e-36 0
2832.5 2.48407e-52 2.67254e-35 0
2835 2.57126e-51 5.17442e-35 0
2837.5 7.61776e-51 6.25842e-35 0
2840 1.00187e-50 5.46021e-35 0
2842.5 7.76158e-51 3.95978e-35 0
2845 3.46232e-51 3.1281e-35 0
2847.5 2.05258e-51 3.11569e-35 0
2850 6.99216e-51 3.06713e-35 0
2852.5 1.66296e-50 2.49777e-35 0
2855 2.39335e-50 1.92672e-35 0
2857.5 2.23155e-50 1.98517e-35 0
2860 1.43579e-50 2.41125e-35 0
2862.5 1.42988e-50 2.45309e-35 0
2865 3.8707e-50 2.0347e-35 0
2867.5 9.12999e-50 1.85947e-35 0
2870 1.55222e-49 2.27874e-35 0
2872.5 2.00829e-49 2.70459e-35 0
2875 2.04624e-49 2.51965e-35 0
2877.5 1.64918e-49 2.07527e-35 0
2880 1.0267e-49 2.18109e-35 0
2882.5 4.64726e-50 2.82896e-35 0
2885 1.42051e-50 3.13538e-35 0
2887.5 5.52284e-51 2.66399e-35 0
2890 8.77495e-51 2.1607e-35 0
2892.5 1.27621e-50 2.53901e-35 0
2895 1.25673e-50 3.51338e-35 0
2897.5 8.28468e-51 3.84858e-35 0
2900 2.71305e-51 2.98526e-35 0
2902.5 5.44706e-53 1.92527e-35 0
2905 2.97971e-51 2.18487e-35 0
2907.5 8.8011e-51 4.01419e-35 0
2910 1.08678e-50 5.94225e-35 0
2912.5 6.27938e-51 6.18319e-35 0
2915 6.65215e-52 4.41025e-35 0
2917.5 1.93915e-51 2.04567e-35 0
2920 9.6414e-51 8.06147e-36 0
2922.5 1.44262e-50 1.0891e-35 0
2925 9.88463e-51 1.90319e-35 0
2927.5 1.68688e-51 2.24974e-35 0
2930 1.34182e-51 2.19721e-35 0
2932.5 1.17144e-50 2.41654e-35 0
2935 2.25923e-50 3.01598e-35 0
2937.5 2.22406e-50 3.36993e-35 0
2940 1.15032e-50 3.10717e-35 0
2942.5 4.54226e-51 2.71391e-35 0
2945 1.59536e-50 2.81963e-35 0
2947.5 4.78536e-50 3.25062e-35 0
2950 8.84416e-50 3.3048e-35 0
2952.5 1.21134e-49 2.83971e-35 0
2955 1.34647e-49 2.50637e-35 0
2957.5 1.26772e-49 2.75677e-35 0
2960 1.02055e-49 3.13853e-35 0
2962.5 6.84709e-50 2.97153e-35 0
2965 3.59819e-50 2.39678e-35 0
2967.5 1.44701e-50 2.20036e-35 0
2970 8.74368e-51 2.64309e-35 0
2972.5 1.41467e-50 3.02516e-35 0
2975 1.94052e-50 2.66162e-35 0
2977.5 1.64128e-50 1.90351e-35 0
2980 7.39159e-51 1.74974e-35 0
2982.5 1.09166e-51 2.52272e-35 0
2985 2.26268e-51 3.33874e-35 0
2987.5 6.89249e-51 3.09132e-35 0
2990 8.13093e-51 1.80031e-35 0
2992.5 4.55372e-51 7.46309e-36 0
2995 6.60957e-52 1.1845e-35 0
2997.5 4.88611e-52 3.00127e-35 0
3000 3.21172e-51 4.77087e-35 0
3002.5 5.27062e-51 5.18582e-35 0
3005 4.76927e-51 4.31387e-35 0
3007.5 2.70206e-51 3.30461e-35 0
3010 1.20562e-51 2.97716e-35 0
3012.5 1.90938e-51 3.0408e-35 0
3015 5.28474e-51 2.80606e-35 0
3017.5 9.96011e-51 2.25829e-35 0
3020 1.27631e-50 1.99158e-35 0
3022.5 1.12581e-50 2.23369e-35 0
3025 7.80552e-51 2.49171e-35 0
3027.5 1.05271e-50 2.32491e-35 0
3030 2.8119e-50 2.01303e-35 0
3032.5 6.1267e-50 2.08895e-35 0
3035 9.83509e-50 2.48616e-35 0
3037.5 1.20808e-49 2.63504e-35 0
3040 1.15885e-49 2.35267e-35 0
3042.5 8.62021e-50 2.141e-35 0
3045 4.79242e-50 2.42347e-35 0
3047.5 1.85102e-50 2.87685e-35 0
3050 5.28697e-51 2.88162e-35 0
3052.5 4.17116e-51 2.44931e-35 0
3055 6.99338e-51 2.26785e-35 0
3057.5 8.39703e-51 2.75378e-35 0
3060 7.03292e-51 3.40443e-35 0
3062.5 3.74977e-51 3.3712e-35 0
3065 6.92038e-52 2.57718e-35 0
3067.5 4.42998e-52 1.97107e-35 0
3070 3.4936e-51 2.51862e-35 0
3072.5 6.64413e-51 4.03278e-35 0
3075 6.04438e-51 5.19662e-35 0
3077.5 2.24988e-51 4.85073e-35 0
3080 2.12379e-52 3.19332e-35 0
3082.5 3.10534e-51 1.57225e-35 0
3085 7.7382e-51 1.09198e-35 0
3087.5 8.23759e-51 1.60454e-35 0
3090 3.76601e-51 2.16999e-35 0
3092.5 1.01757e-52 2.28059e-35 0
3095 2.71553e-51 2.28403e-35 0
3097.5 9.80144e-51 2.61972e-35 0
3100 1.39544e-50 3.08404e-35 0
3102.5 1.06522e-50 3.1652e-35 0
3105 3.93648e-51 2.85779e-35 0
3107.5 3.22544e-51 2.68876e-35 0
3110 1.47406e-50 2.92431e-35 0
3112.5 3.59849e-50 3.17993e-35 0
3115 5.79602e-50 3.02574e-35 0
3117.5 7.20048e-50 2.65284e-35 0
3120 7.46535e-50 2.58268e-35 0
3122.5 6.70664e-50 2.86992e-35 0
3125 5.21286e-50 3.01521e-35 0
3127.5 3.35193e-50 2.71956e-35 0
3130 1.66813e-50 2.34638e-35 0
3132.5 7.51245e-51 2.4001e-35 0
3135 7.71946e-51 2.77885e-35 0
3137.5 1.22424e-50 2.88302e-35 0
3140 1.34871e-50 2.44627e-35 0
3142.5 8.85331e-51 1.95638e-35 0
3145 2.78918e-51 2.07604e-35 0
3147.5 8.70941e-52 2.76785e-35 0
3150 3.25807e-51 3.22029e-35 0
3152.5 5.4076e-51 2.74079e-35 0
3155 4.20958e-51 1.63726e-35 0
3157.5 1.28353e-51 1.03648e-35 0
3160 2.03958e-54 1.72521e-35 0
3162.5 1.10994e-51 3.25725e-35 0
3165 2.55601e-51 4.3795e-35 0
3167.5 2.61929e-51 4.3413e-35 0
3170 1.64596e-51 3.57692e-35 0
3172.5 8.58993e-52 3.00946e-35 0
3175 8.12135e-52 2.9388e-35 0
3177.5 1.52705e-51 2.91335e-35 0
3180 3.14006e-51 2.57473e-35 0
3182.5 5.4099e-51 2.18639e-35 0
3185 6.98081e-51 2.16102e-35 0
3187.5 6.45787e-51 2.40364e-35 0
3190 5.09979e-51 2.47159e-35 0
3192.5 7.82093e-51 2.25422e-35 0
3195 1.9873e-50 2.11392e-35 0
3197.5 4.0937e-50 2.30175e-35 0
3200 6.24385e-50 2.5657e-35 0
3202.5 7.23057e-50 2.54009e-35 0
3205 6.42792e-50 2.30703e-35 0
3207.5 4.318e-50 2.27808e-35 0
3210 2.09138e-50 2.57458e-35 0
3212.5 6.96347e-51 2.82627e-35 0
3215 2.65762e-51 2.69494e-35 0
3217.5 3.46243e-51 2.38405e-35 0
3220 4.7557e-51 2.40053e-35 0
3222.5 4.70185e-51 2.85616e-35 0
3225 3.35202e-51 3.23973e-35 0
3227.5 1.39788e-51 3.01741e-35 0
3230 1.40769e-52 2.36359e-35 0
3232.5 8.33278e-52 2.09296e-35 0
3235 2.97527e-51 2.76472e-35 0
3237.5 4.18759e-51 3.94237e-35 0
3240 2.91169e-51 4.52143e-35 0
3242.5 7.12243e-52 3.86172e-35 0
3245 5.95919e-52 2.48133e-35 0
3247.5 3.06194e-51 1.50152e-35 0
3250 5.17044e-51 1.47781e-35 0
3252.5 4.1845e-51 1.97421e-35 0
3255 1.23998e-51 2.28812e-35 0
3257.5 2.12522e-52 2.30296e-35 0
3260 3.03437e-51 2.40571e-35 0
3262.5 7.11586e-51 2.75678e-35 0
3265 8.05987e-51 3.0318e-35 0
3267.5 4.77035e-51 2.94975e-35 0
3270 1.32425e-51 2.72017e-35 0
3272.5 3.42407e-51 2.72555e-35 0
3275 1.29574e-50 2.9494e-35 0
3277.5 2.61145e-50 3.02488e-35 0
3280 3.67551e-50 2.80809e-35 0
3282.5 4.12808e-50 2.59418e-35 0
3285 3.99909e-50 2.66608e-35 0
3287.5 3.45963e-50 2.87093e-35 0
3290 2.62058e-50 2.85098e-35 0
3292.5 1.62754e-50 2.57464e-35 0
3295 8.11456e-51 2.39259e-35 0
3297.5 5.10891e-51 2.54185e-35 0
3300 6.97511e-51 2.79397e-35 0
3302.5 9.34097e-51 2.73879e-35 0
3305 8.20483e-51 2.34662e-35 0
3307.5 4.16217e-51 2.07453e-35 0
3310 1.13888e-51 2.32733e-35 0
3312.5 1.36896e-51 2.89082e-35 0
3315 3.0754e-51 3.0694e-35 0
3317.5 3.30523e-51 2.47968e-35 0
3320 1.65998e-51 1.60865e-35 0
3322.5 1.73302e-52 1.39257e-35 0
3325 2.66862e-52 2.19686e-35 0
3327.5 1.17856e-51 3.37623e-35 0
3330 1.4605e-51 3.97017e-35 0
3332.5 9.21721e-52 3.71287e-35 0
3335 4.3755e-52 3.16211e-35 0
3337.5 4.91116e-52 2.89765e-35 0
3340 7.35904e-52 2.8869e-35 0
3342.5 9.47752e-52 2.75757e-35 0
3345 1.61072e-51 2.43893e-35 0
3347.5 3.0433e-51 2.23512e-35 0
3350 4.38334e-51 2.32193e-35 0
3352.5 4.36004e-51 2.4787e-35 0
3355 3.60849e-51 2.43377e-35 0
3357.5 5.58997e-51 2.26418e-35 0
3360 1.38215e-50 2.25204e-35 0
3362.5 2.735e-50 2.44261e-35 0
3365 3.95359e-50 2.57645e-35 0
3367.5 4.26477e-50 2.48272e-35 0
3370 3.45649e-50 2.33761e-35 0
3372.5 2.05835e-50 2.4065e-35 0
3375 8.61708e-51 2.64773e-35 0
3377.5 2.79374e-51 2.75354e-35 0
3380 1.84484e-51 2.58373e-35 0
3382.5 2.44125e-51 2.39266e-35 0
3385 2.64305e-51 2.51405e-35 0
3387.5 2.23724e-51 2.89023e-35 0
3390 1.42285e-51 3.07327e-35 0
3392.5 4.82665e-52 2.76602e-35 0
3395 1.15868e-52 2.27204e-35 0
3397.5 8.75265e-52 2.24605e-35 0
3400 2.11825e-51 2.93481e-35 0
3402.5 2.41676e-51 3.77947e-35 0
3405 1.36663e-51 3.9313e-35 0
3407.5 3.38613e-52 3.16552e-35 0
3410 8.34247e-52 2.13353e-35 0
3412.5 2.44314e-51 1.64232e-35 0
3415 3.20757e-51 1.82923e-35 0
3417.5 2.08346e-51 2.19548e-35 0
3420 4.20625e-52 2.3349e-35 0
3422.5 5.02088e-52 2.35444e-35 0
3425 2.74288e-51 2.52802e-35 0
3427.5 4.91987e-51 2.80934e-35 0
3430 4.54986e-51 2.9177e-35 0
3432.5 1.99076e-51 2.78905e-35 0
3435 6.50293e-52 2.67398e-35 0
3437.5 3.72292e-51 2.7577e-35 0
3440 1.08001e-50 2.899e-35 0
3442.5 1.81351e-50 2.86495e-35 0
3445 2.22034e-50 2.68432e-35 0
3447.5 2.24967e-50 2.59799e-35 0
3450 2.05802e-50 2.70176e-35 0
3452.5 1.74884e-50 2.80919e-35 0
3455 1.31217e-50 2.72153e-35 0
3457.5 8.0766e-51 2.51659e-35 0
3460 4.52938e-51 2.45354e-35 0
3462.5 4.13399e-51 2.61451e-35 0
3465 5.72571e-51 2.76217e-35 0
3467.5 6.32352e-51 2.63147e-35 0
3470 4.51373e-51 2.31096e-35 0
3472.5 1.90188e-51 2.19975e-35 0
3475 8.38011e-52 2.51499e-35 0
3477.5 1.54588e-51 2.93506e-35 0
3480 2.24526e-51 2.89807e-35 0
3482.5 1.68597e-51 2.29006e-35 0
3485 5.20588e-52 1.6855e-35 0
3487.5 6.09356e-53 1.76362e-35 0
3490 4.90657e-52 2.54331e-35 0
3492.5 8.86721e-52 3.35667e-35 0
3495 6.48247e-52 3.59125e-35 0
3497.5 1.98798e-52 3.29262e-35 0
3500 1.87011e-52 2.94871e-35 0
3502.5 5.19551e-52 2.83885e-35 0
3505 6.21113e-52 2.80528e-35 0
3507.5 4.72081e-52 2.63082e-35 0
3510 8.12348e-52 2.39502e-35 0
3512.5 2.03466e-51 2.3241e-35 0
3515 3.24597e-51 2.43104e-35 0
3517.5 3.20081e-51 2.50146e-35 0
3520 2.44123e-51 2.41775e-35 0
3522.5 3.77392e-51 2.3191e-35 0
3525 9.55289e-51 2.37371e-35 0
3527.5 1.83036e-50 2.52128e-35 0
3530 2.48442e-50 2.56495e-35 0
3532.5 2.46344e-50 2.46434e-35 0
3535 1.79524e-50 2.39722e-35 0
3537.5 9.39485e-51 2.50275e-35 0
3540 3.51834e-51 2.67239e-35 0
3542.5 1.39557e-51 2.6875e-35 0
3545 1.2716e-51 2.52788e-35 0
3547.5 1.35216e-51 2.43257e-35 0
3550 1.19006e-51 2.59884e-35 0
3552.5 9.54613e-52 2.88371e-35 0
3555 6.15208e-52 2.92359e-35 0
3557.5 2.05015e-52 2.5952e-35 0
3560 1.59677e-52 2.25939e-35 0
3562.5 7.44085e-52 2.40429e-35 0
3565 1.43423e-51 3.03622e-35 0
3567.5 1.42492e-51 3.57083e-35 0
3570 7.27523e-52 3.43763e-35 0
3572.5 3.01794e-52 2.7155e-35 0
3575 8.4996e-52 2.03141e-35 0
3577.5 1.82473e-51 1.85965e-35 0
3580 2.01125e-51 2.08749e-35 0
3582.5 1.08682e-51 2.31106e-35 0
3585 1.94693e-52 2.37143e-35 0
3587.5 6.81594e-52 2.43125e-35 0
3590 2.33952e-51 2.61356e-35 0
3592.5 3.38261e-51 2.79312e-35 0
3595 2.4969e-51 2.80494e-35 0
3597.5 7.11847e-52 2.70057e-35 0
3600 6.61879e-52 2.66672e-35 0
3602.5 3.75667e-51 2.75371e-35 0
3605 8.477e-51 2.81924e-35 0
3607.5 1.18854e-50 2.74966e-35 0
3610 1.25663e-50 2.62645e-35 0
3612.5 1.15121e-50 2.60697e-35 0
3615 1.02063e-50 2.69815e-35 0
3617.5 8.80006e-51 2.74232e-35 0
3620 6.7016e-51 2.63823e-35 0
3622.5 4.30098e-51 2.49628e-35 0
3625 2.99964e-51 2.5021e-35 0
3627.5 3.3815e-51 2.65104e-35 0
3630 4.24183e-51 2.71824e-35 0
3632.5 3.94671e-51 2.54903e-35 0
3635 2.40415e-51 2.30969e-35 0
3637.5 1.02042e-51 2.32548e-35 0
3640 8.32653e-52 2.64859e-35 0
3642.5 1.3475e-51 2.91071e-35 0
3645 1.42791e-51 2.72332e-35 0
3647.5 7.93906e-52 2.18374e-35 0
3650 1.72338e-52 1.83853e-35 0
3652.5 1.77462e-52 2.09142e-35 0
3655 5.3065e-52 2.74976e-35 0
3657.5 5.78597e-52 3.25255e-35 0
3660 2.31007e-52 3.28398e-35 0
3662.5 1.49405e-53 3.02941e-35 0
3665 2.57814e-52 2.83562e-35 0
3667.5 5.80436e-52 2.78666e-35 0
3670 4.73183e-52 2.71963e-35 0
3672.5 1.7557e-52 2.55072e-35 0
3675 5.14795e-52 2.40537e-35 0
3677.5 1.68297e-51 2.40872e-35 0
3680 2.6218e-51 2.49285e-35 0
3682.5 2.28867e-51 2.50386e-35 0
3685 1.44345e-51 2.42579e-35 0
3687.5 2.45689e-51 2.3878e-35 0
3690 6.68632e-51 2.46221e-35 0
3692.5 1.2301e-50 2.55751e-35 0
3695 1.54688e-50 2.55282e-35 0
3697.5 1.39286e-50 2.47318e-35 0
3700 9.048e-51 2.45789e-35 0
3702.5 4.19303e-51 2.56377e-35 0
3705 1.53295e-51 2.67204e-35 0
3707.5 8.13709e-52 2.6387e-35 0
3710 7.15082e-52 2.50559e-35 0
3712.5 5.6115e-52 2.47886e-35 0
3715 4.46257e-52 2.65836e-35 0
3717.5 4.36408e-52 2.85611e-35 0
3720 3.36173e-52 2.79329e-35 0
3722.5 1.43903e-52 2.48422e-35 0
3725 1.91323e-52 2.30042e-35 0
3727.5 6.17634e-52 2.5525e-35 0
3730 1.02385e-51 3.07025e-35 0
3732.5 9.32023e-52 3.33594e-35 0
3735 4.78023e-52 3.05336e-35 0
3737.5 3.20298e-52 2.46916e-35 0
3740 7.97679e-52 2.07088e-35 0
3742.5 1.39874e-51 2.06376e-35 0
3745 1.33375e-51 2.25218e-35 0
3747.5 6.0148e-52 2.37863e-35 0
3750 1.61983e-52 2.41981e-35 0
3752.5 7.99141e-52 2.5024e-35 0
3755 1.97734e-51 2.65171e-35 0
3757.5 2.29971e-51 2.75088e-35 0
3760 1.26326e-51 2.72574e-35 0
3762.5 1.81178e-52 2.65651e-35 0
3765 8.64426e-52 2.66047e-35 0
3767.5 3.48654e-51 2.72871e-35 0
3770 6.23969e-51 2.74934e-35 0
3772.5 7.27337e-51 2.6754e-35 0
3775 6.5695e-51 2.59603e-35 0
3777.5 5.49707e-51 2.61077e-35 0
3780 4.95079e-51 2.68348e-35 0
3782.5 4.52492e-51 2.68603e-35 0
3785 3.61517e-51 2.5819e-35 0
3787.5 2.55788e-51 2.49442e-35 0
3790 2.20793e-51 2.54472e-35 0
3792.5 2.63842e-51 2.66579e-35 0
3795 2.94973e-51 2.66498e-35 0
3797.5 2.4044e-51 2.48884e-35 0
3800 1.35052e-51 2.33973e-35 0
3802.5 7.03999e-52 2.44239e-35 0
3805 7.82487e-52 2.72337e-35 0
3807.5 1.03992e-51 2.8388e-35 0
3810 8.77952e-52 2.57727e-35 0
3812.5 3.90417e-52 2.15742e-35 0
3815 1.21457e-52 2.02133e-35 0
3817.5 2.80824e-52 2.34327e-35 0
3820 4.93227e-52 2.84288e-35 0
3822.5 3.69095e-52 3.11541e-35 0
3825 6.57823e-53 3.05411e-35 0
3827.5 5.22531e-53 2.87074e-35 0
3830 3.92165e-52 2.76907e-35 0
3832.5 5.85907e-52 2.7321e-35 0
3835 3.0976e-52 2.64644e-35 0
3837.5 3.37874e-53 2.51313e-35 0
3840 4.95399e-52 2.43998e-35 0
3842.5 1.55774e-51 2.47049e-35 0
3845 2.10163e-51 2.52124e-35 0
3847.5 1.47097e-51 2.5055e-35 0
3850 6.92552e-52 2.45081e-35 0
3852.5 1.64252e-51 2.44825e-35 0
3855 4.80654e-51 2.51663e-35 0
3857.5 8.30223e-51 2.57317e-35 0
3860 9.54533e-51 2.54914e-35 0
3862.5 7.75385e-51 2.49147e-35 0
3865 4.49922e-51 2.50487e-35 0
3867.5 1.89756e-51 2.6011e-35 0
3870 7.46804e-52 2.6635e-35 0
3872.5 4.60909e-52 2.60135e-35 0
3875 3.03144e-52 2.49856e-35 0
3877.5 1.54976e-52 2.52674e-35 0
3880 1.74381e-52 2.70036e-35 0
3882.5 2.82682e-52 2.8104e-35 0
3885 2.60468e-52 2.67855e-35 0
3887.5 1.50549e-52 2.42708e-35 0
3890 2.27926e-52 2.37959e-35 0
3892.5 5.53986e-52 2.66894e-35 0
3895 8.06988e-52 3.0384e-35 0
3897.5 6.85178e-52 3.10726e-35 0
3900 3.68595e-52 2.78964e-35 0
3902.5 3.44504e-52 2.36788e-35 0
3905 7.57559e-52 2.16278e-35 0
3907.5 1.12209e-51 2.22058e-35 0
3910 9.16214e-52 2.3574e-35 0
3912.5 3.45472e-52 2.42994e-35 0
3915 2.16303e-52 2.46769e-35 0
3917.5 8.84314e-52 2.55162e-35 0
3920 1.63861e-51 2.66245e-35 0
3922.5 1.49376e-51 2.71016e-35 0
3925 5.36458e-52 2.67287e-35 0
3927.5 5.13788e-53 2.63109e-35 0
3930 1.05415e-51 2.65305e-35 0
3932.5 2.99601e-51 2.70143e-35 0
3935 4.30595e-51 2.69359e-35 0
3937.5 4.12907e-51 2.62561e-35 0
3940 3.11922e-51 2.58193e-35 0
3942.5 2.45081e-51 2.61489e-35 0
3945 2.43609e-51 2.66435e-35 0
3947.5 2.47394e-51 2.63775e-35 0
3950 2.12439e-51 2.54731e-35 0
3952.5 1.69726e-51 2.50789e-35 0
3955 1.68867e-51 2.57884e-35 0
3957.5 1.98993e-51 2.66066e-35 0
3960 2.01862e-51 2.61187e-35 0
3962.5 1.50535e-51 2.45621e-35 0
3965 8.43018e-52 2.39014e-35 0
3967.5 5.64228e-52 2.53651e-35 0
3970 6.91747e-52 2.74792e-35 0
3972.5 7.84373e-52 2.7484e-35 0
3975 5.5709e-52 2.47486e-35 0
3977.5 2.2658e-52 2.18951e-35 0
3980 1.59917e-52 2.19903e-35 0
3982.5 3.51427e-52 2.51404e-35 0
3985 4.38809e-52 2.85671e-35 0
3987.5 2.36662e-52 2.97999e-35 0
3990 3.17678e-53 2.89578e-35 0
3992.5 1.6925e-52 2.77631e-35 0
3995 4.95004e-52 2.71894e-35 0
3997.5 5.19525e-52 2.67895e-35 0
4000 1.64814e-52 2.5973e-35 0
4002.5 2.50443e-53 2.50554e-35 0
4005 5.98189e-52 2.47459e-35 0
4007.5 1.44537e-51 2.50797e-35 0
4010 1.5813e-51 2.53624e-35 0
4012.5 8.08109e-52 2.51335e-35 0
4015 2.56156e-52 2.47717e-35 0
4017.5 1.22128e-51 2.49177e-35 0
4020 3.56592e-51 2.55128e-35 0
4022.5 5.6243e-51 2.58188e-35 0
4025 5.86481e-51 2.54676e-35 0
4027.5 4.29996e-51 2.50771e-35 0
4030 2.25295e-51 2.54294e-35 0
4032.5 9.07476e-52 2.62551e-35 0
4035 4.06391e-52 2.64571e-35 0
4037.5 2.42278e-52 2.56873e-35 0
4040 8.85128e-53 2.50667e-35 0
4042.5 2.20722e-53 2.57622e-35 0
4045 1.32223e-52 2.71883e-35 0
4047.5 2.65943e-52 2.74706e-35 0
4050 2.50513e-52 2.59028e-35 0
4052.5 1.77407e-52 2.42093e-35 0
4055 2.72734e-52 2.46911e-35 0
4057.5 5.37333e-52 2.73597e-35 0
4060 6.88834e-52 2.96486e-35 0
4062.5 5.40817e-52 2.91765e-35 0
4065 3.15423e-52 2.62883e-35 0
4067.5 3.86327e-52 2.34714e-35 0
4070 7.39279e-52 2.26017e-35 0
4072.5 9.18647e-52 2.33536e-35 0
4075 6.2867e-52 2.4273e-35 0
4077.5 2.25306e-52 2.46907e-35 0
4080 3.20281e-52 2.50734e-35 0
4082.5 9.23192e-52 2.58432e-35 0
4085 1.30192e-51 2.66e-35 0
4087.5 8.97298e-52 2.67391e-35 0
4090 1.59746e-52 2.63733e-35 0
4092.5 1.2538e-52 2.61828e-35 0
4095 1.15388e-51 2.64607e-35 0
4097.5 2.41232e-51 2.67385e-35 0
4100 2.79847e-51 2.64998e-35 0
4102.5 2.15014e-51 2.59586e-35 0
4105 1.30249e-51 2.57906e-35 0
4107.5 1.03723e-51 2.61626e-35 0
4110 1.28938e-51 2.6427e-35 0
4112.5 1.48763e-51 2.60083e-35 0
4115 1.3734e-51 2.53128e-35 0
4117.5 1.22341e-51 2.52809e-35 0
4120 1.31537e-51 2.60189e-35 0
4122.5 1.498e-51 2.64371e-35 0
4125 1.40772e-51 2.56686e-35 0
4127.5 9.89012e-52 2.44728e-35 0
4130 5.83747e-52 2.4492e-35 0
4132.5 4.90931e-52 2.60382e-35 0
4135 6.07889e-52 2.735e-35 0
4137.5 6.01544e-52 2.65882e-35 0
4140 3.74072e-52 2.4194e-35 0
4142.5 1.7369e-52 2.25831e-35 0
4145 2.23983e-52 2.34789e-35 0
4147.5 3.89109e-52 2.61124e-35 0
4150 3.68752e-52 2.82758e-35 0
4152.5 1.55221e-52 2.86913e-35 0
4155 7.29568e-53 2.7911e-35 0
4157.5 2.94903e-52 2.71344e-35 0
4160 5.27641e-52 2.67696e-35 0
4162.5 4.03759e-52 2.63864e-35 0
4165 7.43395e-53 2.57008e-35 0
4167.5 1.10992e-52 2.50855e-35 0
4170 7.06362e-52 2.50128e-35 0
4172.5 1.26905e-51 2.53367e-35 0
4175 1.0953e-51 2.5468e-35 0
4177.5 3.59772e-52 2.51975e-35 0
4180 9.4103e-53 2.49844e-35 0
4182.5 1.03766e-51 2.52617e-35 0
4185 2.71383e-51 2.57477e-35 0
4187.5 3.84323e-51 2.58118e-35 0
4190 3.62092e-51 2.54228e-35 0
4192.5 2.40343e-51 2.52667e-35 0
4195 1.15623e-51 2.57567e-35 0
4197.5 4.76045e-52 2.63351e-35 0
4200 2.50283e-52 2.61903e-35 0
4202.5 1.32319e-52 2.54853e-35 0
4205 1.79332e-53 2.52961e-35 0
4207.5 2.87675e-53 2.61498e-35 0
4210 1.77257e-52 2.71073e-35 0
4212.5 2.89407e-52 2.68216e-35 0
4215 2.56512e-52 2.53753e-35 0
4217.5 2.09938e-52 2.44609e-35 0
4220 3.24689e-52 2.54432e-35 0
4222.5 5.39386e-52 2.76031e-35 0
4225 6.02465e-52 2.87858e-35 0
4227.5 4.37462e-52 2.77422e-35 0
4230 3.00612e-52 2.53962e-35 0
4232.5 4.39797e-52 2.36724e-35 0
4235 7.13693e-52 2.34733e-35 0
4237.5 7.37756e-52 2.41537e-35 0
4240 4.29204e-52 2.47262e-35 0
4242.5 2.03167e-52 2.50029e-35 0
4245 4.34665e-52 2.53976e-35 0
4247.5 8.95801e-52 2.60304e-35 0
4250 9.74311e-52 2.649e-35 0
4252.5 4.90295e-52 2.64502e-35 0
4255 2.8122e-53 2.61616e-35 0
4257.5 2.74943e-52 2.61156e-35 0
4260 1.15223e-51 2.63721e-35 0
4262.5 1.84731e-51 2.64933e-35 0
4265 1.72378e-51 2.61919e-35 0
4267.5 1.00508e-51 2.57932e-35 0
4270 4.42009e-52 2.58065e-35 0
4272.5 4.51435e-52 2.61586e-35 0
4275 7.91023e-52 2.62248e-35 0
4277.5 1.00189e-51 2.57359e-35 0
4280 9.73062e-52 2.52768e-35 0
4282.5 9.4201e-52 2.55151e-35 0
4285 1.0556e-51 2.61507e-35 0
4287.5 1.15135e-51 2.61848e-35 0
4290 1.01188e-51 2.53282e-35 0
4292.5 6.87039e-52 2.45973e-35 0
4295 4.54178e-52 2.50826e-35 0
4297.5 4.58132e-52 2.64041e-35 0
4300 5.39132e-52 2.69737e-35 0
4302.5 4.67666e-52 2.58783e-35 0
4305 2.71314e-52 2.40691e-35 0
4307.5 1.8274e-52 2.33792e-35 0
4310 2.89687e-52 2.45541e-35 0
4312.5 3.92584e-52 2.65711e-35 0
4315 2.97535e-52 2.78545e-35 0
4317.5 1.26837e-52 2.78391e-35 0
4320 1.56014e-52 2.71831e-35 0
4322.5 3.88265e-52 2.66991e-35 0
4325 4.96678e-52 2.64699e-35 0
4327.5 2.90829e-52 2.61044e-35 0
4330 6.01371e-53 2.55309e-35 0
4332.5 2.34816e-52 2.51574e-35 0
4335 7.55812e-52 2.52519e-35 0
4337.5 1.04287e-51 2.55161e-35 0
4340 7.04144e-52 2.54996e-35 0
4342.5 1.22909e-52 2.52438e-35 0
4345 1.03407e-52 2.52003e-35 0
4347.5 9.58216e-52 2.5535e-35 0
4350 2.10566e-51 2.58457e-35 0
4352.5 2.64774e-51 2.57366e-35 0
4355 2.25438e-51 2.54297e-35 0
4357.5 1.36748e-51 2.54835e-35 0
4360 6.31821e-52 2.59641e-35 0
4362.5 3.00712e-52 2.62673e-35 0
4365 1.90943e-52 2.59457e-35 0
4367.5 9.40744e-53 2.54326e-35 0
4370 2.6742e-53 2.5556e-35 0
4372.5 9.15921e-53 2.63632e-35 0
4375 2.4064e-52 2.68743e-35 0
4377.5 3.10102e-52 2.62825e-35 0
4380 2.6244e-52 2.51314e-35 0
4382.5 2.47406e-52 2.48354e-35 0
4385 3.7722e-52 2.59903e-35 0
4387.5 5.33945e-52 2.75518e-35 0
4390 5.23839e-52 2.79371e-35 0
4392.5 3.68605e-52 2.67293e-35 0
4395 3.18058e-52 2.5e-35 0
4397.5 4.87404e-52 2.40468e-35 0
4400 6.63282e-52 2.4156e-35 0
4402.5 5.75968e-52 2.46862e-35 0
4405 3.12851e-52 2.5045e-35 0
4407.5 2.4521e-52 2.52589e-35 0
4410 5.21955e-52 2.56223e-35 0
4412.5 8.08144e-52 2.61086e-35 0
4415 6.92621e-52 2.63666e-35 0
4417.5 2.55441e-52 2.6239e-35 0
4420 4.58771e-53 2.60224e-35 0
4422.5 4.19073e-52 2.60718e-35 0
4425 1.07251e-51 2.62955e-35 0
4427.5 1.36112e-51 2.62898e-35 0
4430 1.01464e-51 2.59611e-35 0
4432.5 4.06541e-52 2.57136e-35 0
4435 1.00252e-52 2.58667e-35 0
4437.5 2.59184e-52 2.61365e-35 0
4440 5.8522e-52 2.60143e-35 0
4442.5 7.51176e-52 2.5552e-35 0
4445 7.47267e-52 2.53624e-35 0
4447.5 7.70502e-52 2.57405e-35 0
4450 8.7532e-52 2.61492e-35 0
4452.5 9.09723e-52 2.59005e-35 0
4455 7.5249e-52 2.51641e-35 0
4457.5 5.11153e-52 2.48744e-35 0
4460 3.96753e-52 2.55435e-35 0
4462.5 4.44826e-52 2.64907e-35 0
4465 4.78717e-52 2.65461e-35 0
4467.5 3.71474e-52 2.54379e-35 0
4470 2.28214e-52 2.42003e-35 0
4472.5 2.25134e-52 2.40942e-35 0
4475 3.38861e-52 2.52809e-35 0
4477.5 3.6932e-52 2.67381e-35 0
4480 2.42996e-52 2.7406e-35 0
4482.5 1.44252e-52 2.71782e-35 0
4485 2.46978e-52 2.66961e-35 0
4487.5 4.33938e-52 2.64276e-35 0
4490 4.29291e-52 2.62455e-35 0
4492.5 2.12909e-52 2.5881e-35 0
4495 1.04391e-52 2.54458e-35 0
4497.5 3.5191e-52 2.52827e-35 0
4500 7.45155e-52 2.54435e-35 0
4502.5 8.16376e-52 2.55973e-35 0
4505 4.37081e-52 2.54976e-35 0
4507.5 4.2985e-53 2.5324e-35 0
4510 1.86093e-52 2.54014e-35 0
4512.5 9.04541e-52 2.57003e-35 0
4515 1.64853e-51 2.585e-35 0
4517.5 1.84516e-51 2.56745e-35 0
4520 1.42957e-51 2.54866e-35 0
4522.5 8.10618e-52 2.56621e-35 0
4525 3.96397e-52 2.60566e-35 0
4527.5 2.43194e-52 2.61422e-35 0
4530 1.77062e-52 2.57666e-35 0
4532.5 9.64637e-53 2.54676e-35 0
4535 7.37252e-53 2.57846e-35 0
4537.5 1.69213e-52 2.64379e-35 0
4540 2.9213e-52 2.65736e-35 0
4542.5 3.17067e-52 2.58762e-35 0
4545 2.6841e-52 2.50983e-35 0
4547.5 2.89807e-52 2.52342e-35 0
4550 4.17597e-52 2.63145e-35 0
4552.5 5.10558e-52 2.73031e-35 0
4555 4.50913e-52 2.72082e-35 0
4557.5 3.33081e-52 2.60927e-35 0
4560 3.5444e-52 2.48992e-35 0
4562.5 5.13223e-52 2.44287e-35 0
4565 5.88399e-52 2.46632e-35 0
4567.5 4.50074e-52 2.50561e-35 0
4570 2.69242e-52 2.52687e-35 0
4572.5 3.13754e-52 2.54378e-35 0
4575 5.61287e-52 2.57724e-35 0
4577.5 6.88051e-52 2.61409e-35 0
4580 4.80759e-52 2.62395e-35 0
4582.5 1.55862e-52 2.60626e-35 0
4585 1.32382e-52 2.59412e-35 0
4587.5 5.1814e-52 2.60681e-35 0
4590 9.48127e-52 2.62161e-35 0
4592.5 9.78877e-52 2.60921e-35 0
4595 5.77071e-52 2.58057e-35 0
4597.5 1.31058e-52 2.57281e-35 0
4600 1.74938e-53 2.59312e-35 0
4602.5 2.34769e-52 2.60533e-35 0
4605 4.99002e-52 2.58239e-35 0
4607.5 6.0827e-52 2.54944e-35 0
4610 6.16011e-52 2.55143e-35 0
4612.5 6.66613e-52 2.58738e-35 0
4615 7.49427e-52 2.60476e-35 0
4617.5 7.32494e-52 2.56878e-35 0
4620 5.77453e-52 2.51627e-35 0
4622.5 4.1447e-52 2.51692e-35 0
4625 3.81209e-52 2.58318e-35 0
4627.5 4.33246e-52 2.64291e-35 0
4630 4.1827e-52 2.61812e-35 0
4632.5 3.0651e-52 2.51999e-35 0
4635 2.27189e-52 2.44445e-35 0
4637.5 2.76322e-52 2.46957e-35 0
4640 3.6061e-52 2.57472e-35 0
4642.5 3.32405e-52 2.67093e-35 0
4645 2.16745e-52 2.69776e-35 0
4647.5 1.9007e-52 2.67091e-35 0
4650 3.18789e-52 2.63971e-35 0
4652.5 4.32921e-52 2.62363e-35 0
4655 3.58492e-52 2.60547e-35 0
4657.5 1.82976e-52 2.57326e-35 0
4660 1.77364e-52 2.54439e-35 0
4662.5 4.32745e-52 2.54094e-35 0
4665 6.87643e-52 2.55634e-35 0
4667.5 6.25028e-52 2.56301e-35 0
4670 2.80663e-52 2.55087e-35 0
4672.5 5.54253e-53 2.54148e-35 0
4675 2.83899e-52 2.55543e-35 0
4677.5 8.50685e-52 2.57909e-35 0
4680 1.30189e-51 2.58201e-35 0
4682.5 1.30303e-51 2.56313e-35 0
4685 9.30787e-52 2.55604e-35 0
4687.5 5.23095e-52 2.58011e-35 0
4690 3.05984e-52 2.60728e-35 0
4692.5 2.35023e-52 2.59907e-35 0
4695 1.78034e-52 2.56519e-35 0
4697.5 1.18054e-52 2.55674e-35 0
4700 1.35474e-52 2.59598e-35 0
4702.5 2.38932e-52 2.63873e-35 0
4705 3.22926e-52 2.62623e-35 0
4707.5 3.13324e-52 2.56323e-35 0
4710 2.81632e-52 2.52071e-35 0
4712.5 3.31257e-52 2.55592e-35 0
4715 4.38574e-52 2.64357e-35 0
4717.5 4.72383e-52 2.69886e-35 0
4720 3.9318e-52 2.66557e-35 0
4722.5 3.26326e-52 2.57154e-35 0
4725 3.90547e-52 2.49372e-35 0
4727.5 5.08533e-52 2.47786e-35 0
4730 5.0887e-52 2.50425e-35 0
4732.5 3.66471e-52 2.52922e-35 0
4735 2.73908e-52 2.54063e-35 0
4737.5 3.75088e-52 2.55785e-35 0
4740 5.56872e-52 2.58872e-35 0
4742.5 5.64277e-52 2.61211e-35 0
4745 3.43114e-52 2.60952e-35 0
4747.5 1.42204e-52 2.59431e-35 0
4750 2.3202e-52 2.59275e-35 0
4752.5 5.67117e-52 2.60602e-35 0
4755 8.09886e-52 2.61008e-35 0
4757.5 6.97016e-52 2.5932e-35 0
4760 3.27187e-52 2.57489e-35 0
4762.5 4.05377e-53 2.57788e-35 0
4765 5.14219e-53 2.59405e-35 0
4767.5 2.6839e-52 2.59439e-35 0
4770 4.59111e-52 2.57111e-35 0
4772.5 5.21109e-52 2.5522e-35 0
4775 5.40644e-52 2.56434e-35 0
4777.5 6.00765e-52 2.59211e-35 0
4780 6.52656e-52 2.59331e-35 0
4782.5 5.99405e-52 2.55634e-35 0
4785 4.64953e-52 2.52368e-35 0
4787.5 3.70946e-52 2.54244e-35 0
4790 3.81553e-52 2.59983e-35 0
4792.5 4.13898e-52 2.62964e-35 0
4795 3.6724e-52 2.58867e-35 0
4797.5 2.74921e-52 2.51128e-35 0
4800 2.51883e-52 2.4747e-35 0
4802.5 3.17451e-52 2.51638e-35 0
4805 3.58568e-52 2.59927e-35 0
4807.5 3.00334e-52 2.65765e-35 0
4810 2.19716e-52 2.66334e-35 0
4812.5 2.46744e-52 2.63958e-35 0
4815 3.61936e-52 2.61971e-35 0
4817.5 4.08061e-52 2.60897e-35 0
4820 3.04571e-52 2.59179e-35 0
4822.5 1.90554e-52 2.56514e-35 0
4825 2.53651e-52 2.54736e-35 0
4827.5 4.74926e-52 2.55163e-35 0
4830 6.10866e-52 2.56453e-35 0
4832.5 4.79652e-52 2.5641e-35 0
4835 2.05998e-52 2.55199e-35 0
4837.5 1.11496e-52 2.55055e-35 0
4840 3.65591e-52 2.56775e-35 0
4842.5 7.869e-52 2.58267e-35 0
4845 1.03228e-51 2.57629e-35 0
4847.5 9.34462e-52 2.56155e-35 0
4850 6.37554e-52 2.56575e-35 0
4852.5 3.87142e-52 2.58909e-35 0
4855 2.79971e-52 2.60151e-35 0
4857.5 2.39773e-52 2.58509e-35 0
4860 1.8722e-52 2.56246e-35 0
4862.5 1.53897e-52 2.56903e-35 0
4865 1.98993e-52 2.60403e-35 0
4867.5 2.90566e-52 2.62588e-35 0
4870 3.33683e-52 2.60192e-35 0
4872.5 3.09778e-52 2.55284e-35 0
4875 3.00431e-52 2.53525e-35 0
4877.5 3.63825e-52 2.57791e-35 0
4880 4.37203e-52 2.64439e-35 0
4882.5 4.2917e-52 2.6684e-35 0
4885 3.58032e-52 2.62406e-35 0
4887.5 3.38895e-52 2.55078e-35 0
4890 4.1484e-52 2.50643e-35 0
4892.5 4.83553e-52 2.50817e-35 0
4895 4.35842e-52 2.52903e-35 0
4897.5 3.22637e-52 2.54256e-35 0
4900 2.9902e-52 2.5517e-35 0
4902.5 4.14786e-52 2.57027e-35 0
4905 5.23247e-52 2.59412e-35 0
4907.5 4.61453e-52 2.60508e-35 0
4910 2.70549e-52 2.59807e-35 0
4912.5 1.73697e-52 2.5891e-35 0
4915 3.16246e-52 2.59258e-35 0
4917.5 5.7404e-52 2.60164e-35 0
4920 6.77459e-52 2.59915e-35 0
4922.5 5.01477e-52 2.58389e-35 0
4925 2.04539e-52 2.57398e-35 0
4927.5 4.72394e-53 2.58109e-35 0
4930 1.25953e-52 2.59193e-35 0
4932.5 3.11127e-52 2.58567e-35 0
4935 4.34927e-52 2.56542e-35 0
4937.5 4.70806e-52 2.55743e-35 0
4940 4.98124e-52 2.57418e-35 0
4942.5 5.53277e-52 2.59258e-35 0
4945 5.71771e-52 2.58236e-35 0
4947.5 5.00969e-52 2.54988e-35 0
4950 3.99514e-52 2.53561e-35 0
4952.5 3.60485e-52 2.5634e-35 0
4955 3.83692e-52 2.60588e-35 0
4957.5 3.89686e-52 2.61259e-35 0
4960 3.31899e-52 2.56871e-35 0
4962.5 2.72789e-52 2.51457e-35 0
4965 2.84457e-52 2.50381e-35 0
4967.5 3.40553e-52 2.54833e-35 0
4970 3.43881e-52 2.6097e-35 0
4972.5 2.80886e-52 2.64223e-35 0
4975 2.41837e-52 2.63667e-35 0
4977.5 2.9583e-52 2.61784e-35 0
4980 3.80012e-52 2.6068e-35 0
4982.5 3.75848e-52 2.59891e-35 0
4985 2.77006e-52 2.58161e-35 0
4987.5 2.19668e-52 2.56043e-35 0
4990 3.15065e-52 2.55286e-35 0
4992.5 4.84719e-52 2.56136e-35 0
4995 5.33737e-52 2.56856e-35 0
4997.5 3.81903e-52 2.56281e-35 0
