0 0 0 0 0 0
2.5 0 0 6.27851e-45 5.55226e-34 0
5 0 0 3.13208e-45 6.39708e-34 0
7.5 0 0 6.75533e-46 6.74247e-34 0
10 0 0 1.24284e-48 5.44882e-34 0
12.5 0 0 3.10775e-46 8.37246e-34 0
15 0 0 4.21813e-46 1.80316e-33 0
17.5 0 0 1.49223e-46 1.91734e-33 0
20 0 0 9.90206e-49 6.49238e-34 0
22.5 0 0 1.38458e-46 1.98093e-33 0
25 0 0 2.24885e-46 8.28751e-33 0
27.5 0 0 9.589e-47 1.08224e-32 0
30 0 0 2.50795e-49 2.36239e-33 0
32.5 0 0 1.04116e-46 1.00528e-32 0
35 0 0 2.01335e-46 9.28869e-32 0
37.5 0 0 1.07887e-46 2.68879e-31 0
40 0 0 5.85139e-49 4.47455e-31 0
42.5 0 0 9.35096e-47 4.84743e-31 0
45 0 0 2.35732e-46 3.36868e-31 0
47.5 0 0 1.68494e-46 1.25153e-31 0
50 0 0 1.07196e-47 8.51907e-33 0
52.5 0 0 8.39234e-47 1.44925e-32 0
55 0 0 3.20568e-46 4.509e-32 0
57.5 0 0 3.17866e-46 3.02389e-32 0
60 0 0 6.08903e-47 2.48112e-33 0
62.5 0 0 6.89474e-47 9.33677e-33 0
65 0 0 5.22232e-46 2.93145e-32 0
67.5 0 0 7.60962e-46 2.1446e-32 0
70 0 0 2.97719e-46 1.8361e-33 0
72.5 0 0 6.23112e-47 9.25635e-33 0
75 0 0 1.70164e-45 3.03117e-32 0
77.5 0 0 5.30332e-45 2.4686e-32 0
80 0 0 8.53173e-45 2.87653e-33 0
82.5 0 0 8.76296e-45 9.15076e-33 0
85 0 0 5.87257e-45 3.71108e-32 0
87.5 0 0 2.27884e-45 3.65037e-32 0
90 0 0 2.84837e-46 7.23877e-33 0
92.5 0 0 4.43698e-47 7.2747e-33 0
95 0 0 2.76653e-46 4.72478e-32 0
97.5 0 0 1.85807e-46 6.06978e-32 0
100 0 0 7.97751e-48 2.08655e-32 0
102.5 0 0 6.79816e-47 3.47949e-33 0
105 0 0 1.74768e-46 6.21756e-32 0
107.5 0 0 9.49921e-47 1.15571e-31 0
110 0 0 3.29077e-50 6.75848e-32 0
112.5 0 0 1.00833e-46 1.31467e-33 0
115 0 0 2.27392e-46 1.15972e-31 0
117.5 0 0 1.42318e-46 4.44287e-31 0
120 0 0 3.44607e-48 7.48943e-31 0
122.5 0 0 1.04131e-46 7.71863e-31 0
125 0 0 3.21938e-46 5.16993e-31 0
127.5 0 0 2.86986e-46 2.12072e-31 0
130 0 0 4.80328e-47 4.1152e-32 0
132.5 0 0 6.10378e-47 2.15072e-33 0
135 0 0 4.08623e-46 4.04447e-33 0
137.5 0 0 5.62686e-46 1.35635e-33 0
140 0 0 2.39282e-46 8.74963e-34 0
142.5 0 0 4.26925e-48 4.8614e-33 0
145 0 0 4.53829e-46 3.45877e-33 0
147.5 0 0 1.09824e-45 4.19859e-36 0
150 0 0 9.07377e-46 4.72081e-33 0
152.5 0 0 1.03057e-46 1.19122e-32 0
155 0 0 5.34816e-46 8.97207e-33 0
157.5 0 0 3.54295e-45 8.69805e-34 0
160 0 0 7.81102e-45 3.21958e-33 0
162.5 0 0 1.02009e-44 1.47586e-32 0
165 0 0 8.88994e-45 1.77772e-32 0
167.5 0 0 5.13547e-45 7.17013e-33 0
170 0 0 1.72019e-45 1.89713e-34 0
172.5 0 0 1.87693e-46 1.01592e-32 0
175 0 0 3.08337e-47 2.47455e-32 0
177.5 0 0 1.14014e-46 2.27668e-32 0
180 0 0 3.82557e-47 6.30476e-33 0
182.5 0 0 5.35442e-48 1.72029e-33 0
185 0 0 7.01412e-47 2.42765e-32 0
187.5 0 0 6.60471e-47 5.12041e-32 0
190 0 0 3.02509e-48 4.46039e-32 0
192.5 0 0 5.09935e-47 8.55394e-33 0
195 0 0 1.74077e-46 1.39148e-32 0
197.5 0 0 1.59005e-46 1.42613e-31 0
200 0 0 2.43141e-47 3.89333e-31 0
202.5 0 0 4.32158e-47 6.26511e-31 0
205 0 0 2.63165e-46 6.94496e-31 0
207.5 0 0 3.55752e-46 5.44464e-31 0
210 0 0 1.51944e-46 2.85732e-31 0
212.5 0 0 1.67483e-48 8.12273e-32 0
215 0 0 2.52023e-46 3.87998e-33 0
217.5 0 0 6.0652e-46 6.46964e-33 0
220 0 0 5.05103e-46 1.3683e-32 0
222.5 0 0 8.1223e-47 5.04886e-33 0
225 0 0 1.21758e-46 3.62526e-34 0
227.5 0 0 8.38557e-46 4.89633e-33 0
230 0 0 1.29585e-45 5.03879e-33 0
232.5 0 0 7.08398e-46 7.35988e-34 0
235 0 0 9.90288e-48 4.72007e-33 0
237.5 0 0 1.20837e-45 1.312e-32 0
240 0 0 4.85316e-45 9.9467e-33 0
242.5 0 0 8.78032e-45 9.71267e-34 0
245 0 0 1.00194e-44 8.47975e-33 0
247.5 0 0 7.77227e-45 2.75979e-32 0
250 0 0 4.00116e-45 2.69824e-32 0
252.5 0 0 1.18675e-45 5.84236e-33 0
255 0 0 1.24051e-46 6.06787e-33 0
257.5 0 0 2.34038e-47 4.12715e-32 0
260 0 0 3.20186e-47 6.05337e-32 0
262.5 0 0 1.35949e-49 2.88068e-32 0
265 0 0 3.48398e-47 1.04969e-33 0
267.5 0 0 5.91247e-47 4.52813e-32 0
270 0 0 1.10602e-47 1.16438e-31 0
272.5 0 0 2.85319e-47 1.03525e-31 0
275 0 0 1.68458e-46 1.86573e-32 0
277.5 0 0 2.27152e-46 3.74128e-32 0
280 0 0 8.95204e-47 2.79819e-31 0
282.5 0 0 4.75825e-48 6.13963e-31 0
285 0 0 2.04166e-46 7.70255e-31 0
287.5 0 0 4.45995e-46 6.34368e-31 0
290 0 0 3.43238e-46 3.47652e-31 0
292.5 0 0 4.47482e-47 1.19482e-31 0
295 0 0 9.67155e-47 2.34802e-32 0
297.5 0 0 5.54225e-46 3.69116e-33 0
300 0 0 7.68755e-46 5.64266e-34 0
302.5 0 0 3.73458e-46 2.18683e-33 0
305 0 0 1.69724e-48 6.70641e-33 0
307.5 0 0 4.33851e-46 4.50141e-33 0
310 0 0 1.27945e-45 1.29255e-34 0
312.5 0 0 1.32558e-45 8.32686e-33 0
315 0 0 3.99219e-46 2.26292e-32 0
317.5 0 0 1.26592e-46 2.06045e-32 0
320 0 0 2.14976e-45 4.29936e-33 0
322.5 0 0 5.85847e-45 2.71487e-33 0
325 0 0 8.62371e-45 2.42986e-32 0
327.5 0 0 8.41638e-45 3.8404e-32 0
330 0 0 5.71203e-45 2.24628e-32 0
332.5 0 0 2.64042e-45 1.20812e-33 0
335 0 0 7.68737e-46 1.12291e-32 0
337.5 0 0 1.29351e-46 4.26124e-32 0
340 0 0 1.96914e-47 5.00468e-32 0
342.5 0 0 8.19783e-48 2.11891e-32 0
345 0 0 2.77512e-47 1.78127e-34 0
347.5 0 0 3.84721e-47 2.64844e-32 0
350 0 0 7.07145e-48 7.34624e-32 0
352.5 0 0 2.82771e-47 7.76934e-32 0
355 0 0 1.62416e-46 2.84784e-32 0
357.5 0 0 2.51024e-46 1.51694e-33 0
360 0 0 1.41821e-46 8.46534e-32 0
362.5 0 0 3.22074e-48 2.75167e-31 0
365 0 0 1.19603e-46 4.65285e-31 0
367.5 0 0 4.01201e-46 5.34141e-31 0
370 0 0 4.42198e-46 4.49635e-31 0
372.5 0 0 1.5797e-46 2.81497e-31 0
375 0 0 6.75518e-48 1.27784e-31 0
377.5 0 0 3.22906e-46 3.93799e-32 0
380 0 0 7.24178e-46 7.58831e-33 0
382.5 0 0 6.09984e-46 1.3826e-33 0
385 0 0 1.25347e-46 6.75091e-34 0
387.5 0 0 8.16537e-47 2.14338e-34 0
390 0 0 7.62691e-46 5.9065e-35 0
392.5 0 0 1.33498e-45 1.30318e-33 0
395 0 0 9.36615e-46 4.95393e-33 0
397.5 0 0 1.03876e-46 8.43315e-33 0
400 0 0 4.54504e-46 6.68762e-33 0
402.5 0 0 2.7574e-45 1.25805e-33 0
405 0 0 5.75909e-45 2.40688e-33 0
407.5 0 0 7.30145e-45 1.42333e-32 0
410 0 0 6.42861e-45 2.33188e-32 0
412.5 0 0 4.08169e-45 1.55048e-32 0
415 0 0 1.8738e-45 1.72391e-33 0
417.5 0 0 6.29928e-46 8.03758e-33 0
420 0 0 1.77284e-46 3.43012e-32 0
422.5 0 0 6.15419e-47 4.54529e-32 0
425 0 0 4.19088e-47 2.23465e-32 0
427.5 0 0 3.74898e-47 9.60493e-34 0
430 0 0 1.13737e-47 2.71186e-32 0
432.5 0 0 1.32932e-47 7.98847e-32 0
435 0 0 1.1941e-46 8.64015e-32 0
437.5 0 0 2.4858e-46 3.08256e-32 0
440 0 0 2.17201e-46 6.19677e-33 0
442.5 0 0 4.98498e-47 1.13133e-31 0
445 0 0 2.53531e-47 3.22053e-31 0
447.5 0 0 2.647e-46 4.83183e-31 0
450 0 0 4.71178e-46 4.80323e-31 0
452.5 0 0 3.30717e-46 3.39612e-31 0
455 0 0 4.04664e-47 1.75977e-31 0
457.5 0 0 9.02916e-47 7.00976e-32 0
460 0 0 5.09713e-46 2.44395e-32 0
462.5 0 0 7.29945e-46 9.32409e-33 0
465 0 0 4.03147e-46 6.01815e-33 0
467.5 0 0 1.47114e-47 5.71418e-33 0
470 0 0 2.62102e-46 2.52548e-33 0
472.5 0 0 9.76234e-46 6.78189e-34 0
475 0 0 1.21007e-45 9.3754e-33 0
477.5 0 0 5.71894e-46 2.25679e-32 0
480 0 0 1.38711e-47 2.17194e-32 0
482.5 0 0 8.43454e-46 6.26499e-33 0
485 0 0 3.08439e-45 1.00343e-33 0
487.5 0 0 5.25104e-45 1.93342e-32 0
490 0 0 5.82546e-45 3.77947e-32 0
492.5 0 0 4.6575e-45 2.86014e-32 0
495 0 0 2.80524e-45 4.76398e-33 0
497.5 0 0 1.33199e-45 4.63495e-33 0
500 0 0 5.51446e-46 3.35763e-32 0
502.5 0 0 2.40315e-46 5.16843e-32 0
505 0 0 1.32526e-46 3.15708e-32 0
507.5 0 0 8.36271e-47 2.52148e-33 0
510 0 0 3.02045e-47 1.19218e-32 0
512.5 0 0 3.26666e-48 5.52879e-32 0
515 0 0 8.82211e-47 7.64454e-32 0
517.5 0 0 2.48548e-46 4.39168e-32 0
520 0 0 2.91042e-46 2.35642e-33 0
522.5 0 0 1.34929e-46 2.77272e-32 0
525 0 0 1.13668e-48 1.39024e-31 0
527.5 0 0 1.35945e-46 2.7209e-31 0
530 0 0 4.08607e-46 3.41495e-31 0
532.5 0 0 4.39932e-46 3.15565e-31 0
535 0 0 1.67192e-46 2.28751e-31 0
537.5 0 0 1.99628e-48 1.3644e-31 0
540 0 0 2.52785e-46 7.10105e-32 0
542.5 0 0 6.20251e-46 3.47508e-32 0
545 0 0 5.78696e-46 1.66148e-32 0
547.5 0 0 1.68899e-46 6.75463e-33 0
550 0 0 2.16767e-47 1.13967e-33 0
552.5 0 0 4.72573e-46 6.51813e-34 0
555 0 0 9.99594e-46 6.44385e-33 0
557.5 0 0 8.74765e-46 1.41552e-32 0
560 0 0 2.31989e-46 1.52262e-32 0
562.5 0 0 8.16846e-47 7.30163e-33 0
565 0 0 1.14778e-45 2.16169e-34 0
567.5 0 0 2.95363e-45 5.19256e-33 0
570 0 0 4.26216e-45 1.84038e-32 0
572.5 0 0 4.28594e-45 2.31441e-32 0
575 0 0 3.27332e-45 1.22042e-32 0
577.5 0 0 2.01816e-45 7.10158e-34 0
580 0 0 1.08547e-45 7.58299e-33 0
582.5 0 0 5.66126e-46 2.74952e-32 0
585 0 0 3.12922e-46 3.43831e-32 0
587.5 0 0 1.76796e-46 1.74333e-32 0
590 0 0 7.3465e-47 8.74116e-34 0
592.5 0 0 4.59058e-48 1.40809e-32 0
595 0 0 4.03068e-47 4.76319e-32 0
597.5 0 0 1.89033e-46 5.91155e-32 0
600 0 0 3.01483e-46 3.023e-32 0
602.5 0 0 2.23587e-46 1.92599e-33 0
605 0 0 4.32849e-47 3.42511e-32 0
607.5 0 0 2.72297e-47 1.34336e-31 0
610 0 0 2.46754e-46 2.40897e-31 0
612.5 0 0 4.25137e-46 2.84102e-31 0
615 0 0 3.0431e-46 2.4858e-31 0
617.5 0 0 4.7956e-47 1.7292e-31 0
620 0 0 5.16644e-47 1.02255e-31 0
622.5 0 0 3.66172e-46 5.53251e-32 0
625 0 0 5.74238e-46 2.91318e-32 0
627.5 0 0 3.69643e-46 1.54016e-32 0
630 0 0 3.95724e-47 7.26789e-33 0
632.5 0 0 1.07698e-46 1.5258e-33 0
635 0 0 5.78363e-46 1.13921e-33 0
637.5 0 0 8.59041e-46 9.57335e-33 0
640 0 0 5.48951e-46 2.00262e-32 0
642.5 0 0 6.18132e-47 1.91983e-32 0
645 0 0 2.15656e-46 6.65546e-33 0
647.5 0 0 1.26979e-45 1.80601e-34 0
650 0 0 2.59217e-45 1.204e-32 0
652.5 0 0 3.30841e-45 2.81987e-32 0
655 0 0 3.10494e-45 2.5729e-32 0
657.5 0 0 2.33384e-45 7.40154e-33 0
660 0 0 1.5173e-45 8.16924e-34 0
662.5 0 0 9.27995e-46 1.86489e-32 0
665 0 0 5.7084e-46 3.75581e-32 0
667.5 0 0 3.50367e-46 3.02795e-32 0
670 0 0 1.81696e-46 6.68167e-33 0
672.5 0 0 4.51781e-47 2.48543e-33 0
675 0 0 3.75573e-48 2.85678e-32 0
677.5 0 0 1.11094e-46 5.26596e-32 0
680 0 0 2.73966e-46 4.18549e-32 0
682.5 0 0 2.9809e-46 9.59165e-33 0
685 0 0 1.37139e-46 3.88954e-33 0
687.5 0 0 2.16946e-48 5.1689e-32 0
690 0 0 1.01533e-46 1.28421e-31 0
692.5 0 0 3.28538e-46 1.84861e-31 0
695 0 0 3.74658e-46 1.93396e-31 0
697.5 0 0 1.66009e-46 1.6323e-31 0
700 0 0 1.07174e-48 1.20259e-31 0
702.5 0 0 1.43137e-46 8.30569e-32 0
705 0 0 4.23687e-46 5.61166e-32 0
707.5 0 0 4.53498e-46 3.58576e-32 0
710 0 0 1.8112e-46 1.84144e-32 0
712.5 0 0 6.7343e-49 4.74212e-33 0
715 0 0 2.15731e-46 2.15568e-34 0
717.5 0 0 5.90208e-46 7.11262e-33 0
720 0 0 6.34603e-46 1.76385e-32 0
722.5 0 0 2.7333e-46 1.92682e-32 0
725 0 0 6.75771e-48 9.45817e-33 0
727.5 0 0 3.44981e-46 4.14444e-34 0
730 0 0 1.22276e-45 4.29232e-33 0
732.5 0 0 2.07759e-45 1.65534e-32 0
735 0 0 2.41894e-45 2.09489e-32 0
737.5 0 0 2.2048e-45 1.13091e-32 0
740 0 0 1.71671e-45 7.64039e-34 0
742.5 0 0 1.23077e-45 4.51386e-33 0
745 0 0 8.56834e-46 1.86701e-32 0
747.5 0 0 5.79543e-46 2.45428e-32 0
750 0 0 3.46962e-46 1.38682e-32 0
752.5 0 0 1.39673e-46 1.19627e-33 0
755 0 0 1.05619e-47 5.54267e-33 0
757.5 0 0 3.66541e-47 2.44426e-32 0
760 0 0 1.896e-46 3.51278e-32 0
762.5 0 0 2.98284e-46 2.32859e-32 0
765 0 0 2.2312e-46 3.80818e-33 0
767.5 0 0 5.11833e-47 6.89245e-33 0
770 0 0 1.26923e-47 4.52944e-32 0
772.5 0 0 1.74822e-46 1.00459e-31 0
775 0 0 3.27331e-46 1.40966e-31 0
777.5 0 0 2.57944e-46 1.49715e-31 0
780 0 0 5.87649e-47 1.31839e-31 0
782.5 0 0 1.63482e-47 1.02399e-31 0
785 0 0 2.10054e-46 7.28078e-32 0
787.5 0 0 3.8306e-46 4.75793e-32 0
790 0 0 2.92366e-46 2.7331e-32 0
792.5 0 0 6.08358e-47 1.17774e-32 0
795 0 0 2.55005e-47 1.9864e-33 0
797.5 0 0 2.72691e-46 7.10189e-34 0
800 0 0 4.99749e-46 8.01073e-33 0
802.5 0 0 4.07458e-46 1.65345e-32 0
805 0 0 1.09213e-46 1.6213e-32 0
807.5 0 0 2.45639e-47 6.63989e-33 0
810 0 0 4.01571e-46 2.07902e-35 0
812.5 0 0 1.0559e-45 6.21048e-33 0
815 0 0 1.58825e-45 1.80191e-32 0
817.5 0 0 1.75992e-45 1.93911e-32 0
820 0 0 1.61628e-45 7.98335e-33 0
822.5 0 0 1.33398e-45 1.32058e-35 0
825 0 0 1.04457e-45 7.97134e-33 0
827.5 0 0 7.86309e-46 2.18868e-32 0
830 0 0 5.41618e-46 2.23654e-32 0
832.5 0 0 2.94264e-46 8.40067e-33 0
835 0 0 8.32714e-47 4.46204e-35 0
837.5 0 0 2.06521e-49 1.07905e-32 0
840 0 0 8.72585e-47 2.80139e-32 0
842.5 0 0 2.37966e-46 2.92318e-32 0
845 0 0 2.70448e-46 1.2412e-32 0
847.5 0 0 1.38449e-46 9.37092e-35 0
850 0 0 7.87826e-48 1.31747e-32 0
852.5 0 0 5.3239e-47 4.83756e-32 0
855 0 0 2.18135e-46 8.41743e-32 0
857.5 0 0 2.78721e-46 1.02867e-31 0
860 0 0 1.48909e-46 1.0243e-31 0
862.5 0 0 8.433e-48 9.10999e-32 0
865 0 0 5.91159e-47 7.69145e-32 0
867.5 0 0 2.39179e-46 6.26836e-32 0
870 0 0 3.01654e-46 4.69109e-32 0
872.5 0 0 1.57855e-46 2.81526e-32 0
875 0 0 7.81656e-48 9.93587e-33 0
877.5 0 0 7.04913e-47 4.76604e-34 0
880 0 0 2.82079e-46 4.34849e-33 0
882.5 0 0 3.74169e-46 1.4725e-32 0
885 0 0 2.25804e-46 1.8422e-32 0
887.5 0 0 2.75164e-47 1.07053e-32 0
890 0 0 6.25127e-47 1.27358e-33 0
892.5 0 0 3.97896e-46 1.92147e-33 0
895 0 0 8.43348e-46 1.10787e-32 0
897.5 0 0 1.16527e-45 1.60181e-32 0
900 0 0 1.27389e-45 1.00425e-32 0
902.5 0 0 1.21995e-45 1.34285e-33 0
905 0 0 1.08724e-45 1.62755e-33 0
907.5 0 0 9.20486e-46 1.02918e-32 0
910 0 0 7.20226e-46 1.55236e-32 0
912.5 0 0 4.7586e-46 1.03272e-32 0
915 0 0 2.16154e-46 1.7283e-33 0
917.5 0 0 3.27549e-47 1.36985e-33 0
920 0 0 1.59467e-47 1.03818e-32 0
922.5 0 0 1.39316e-46 1.79695e-32 0
925 0 0 2.45562e-46 1.48773e-32 0
927.5 0 0 2.0248e-46 4.78777e-33 0
930 0 0 6.19506e-47 6.64005e-34 0
932.5 0 0 1.51847e-48 1.15063e-32 0
935 0 0 9.59864e-47 3.45282e-32 0
937.5 0 0 2.14833e-46 5.92505e-32 0
940 0 0 1.95024e-46 7.65971e-32 0
942.5 0 0 6.33189e-47 8.34332e-32 0
945 0 0 1.2109e-48 8.0817e-32 0
947.5 0 0 9.52779e-47 7.07373e-32 0
950 0 0 2.16794e-46 5.50085e-32 0
952.5 0 0 1.98661e-46 3.59599e-32 0
955 0 0 6.55882e-47 1.72823e-32 0
957.5 0 0 1.1453e-48 3.94623e-33 0
960 0 0 9.95585e-47 8.91185e-35 0
962.5 0 0 2.39845e-46 5.13228e-33 0
965 0 0 2.44831e-46 1.2153e-32 0
967.5 0 0 1.0816e-46 1.29001e-32 0
970 0 0 3.19454e-48 6.32151e-33 0
972.5 0 0 8.57561e-47 3.32014e-34 0
975 0 0 3.4322e-46 2.47225e-33 0
977.5 0 0 6.39394e-46 9.95342e-33 0
980 0 0 8.5493e-46 1.27486e-32 0
982.5 0 0 9.57572e-46 6.94183e-33 0
985 0 0 9.71346e-46 4.62214e-34 0
987.5 0 0 9.21578e-46 2.47231e-33 0
990 0 0 8.10381e-46 1.05044e-32 0
992.5 0 0 6.25642e-46 1.35565e-32 0
995 0 0 3.76992e-46 7.3473e-33 0
997.5 0 0 1.34031e-46 4.802e-34 0
1000 0 0 6.48662e-48 2.74448e-33 0
1002.5 0 0 4.59202e-47 1.17332e-32 0
1005 0 0 1.67391e-46 1.60205e-32 0
1007.5 0 0 2.149e-46 1.01551e-32 0
1010 0 0 1.29464e-46 1.5494e-33 0
1012.5 0 0 1.79941e-47 1.59708e-33 0
1015 0 0 1.79691e-47 1.36289e-32 0
1017.5 0 0 1.19711e-46 3.14593e-32 0
1020 0 0 1.80844e-46 4.69848e-32 0
1022.5 0 0 1.18003e-46 5.63876e-32 0
1025 0 0 1.77381e-47 6.01683e-32 0
1027.5 0 0 1.57065e-47 6.00488e-32 0
1030 0 0 1.11217e-46 5.6378e-32 0
1032.5 0 0 1.71288e-46 4.75413e-32 0
1035 0 0 1.14222e-46 3.24115e-32 0
1037.5 0 0 1.85093e-47 1.44973e-32 0
1040 0 0 1.35154e-47 2.17363e-33 0
1042.5 0 0 1.07448e-46 1.6344e-33 0
1045 0 0 1.81197e-46 9.27647e-33 0
1047.5 0 0 1.43994e-46 1.42192e-32 0
1050 0 0 4.29963e-47 1.01609e-32 0
1052.5 0 0 2.6219e-48 2.37364e-33 0
1055 0 0 9.136e-47 4.06134e-34 0
1057.5 0 0 2.74245e-46 5.69302e-33 0
1060 0 0 4.72471e-46 1.02835e-32 0
1062.5 0 0 6.3322e-46 7.87495e-33 0
1065 0 0 7.42582e-46 1.90999e-33 0
1067.5 0 0 8.00102e-46 2.52662e-34 0
1070 0 0 7.95808e-46 4.50676e-33 0
1072.5 0 0 7.0686e-46 8.45905e-33 0
1075 0 0 5.20176e-46 6.81872e-33 0
1077.5 0 0 2.73596e-46 1.92509e-33 0
1080 0 0 6.82369e-47 1.04134e-34 0
1082.5 0 0 3.71696e-48 3.46087e-33 0
1085 0 0 7.75537e-47 7.73574e-33 0
1087.5 0 0 1.70062e-46 7.9131e-33 0
1090 0 0 1.6271e-46 3.95143e-33 0
1092.5 0 0 6.67174e-47 4.18251e-34 0
1095 0 0 1.11602e-48 1.79962e-33 0
1097.5 0 0 3.95796e-47 9.14481e-33 0
1100 0 0 1.19324e-46 2.05207e-32 0
1102.5 0 0 1.29204e-46 3.3215e-32 0
1105 0 0 5.73246e-47 4.49063e-32 0
1107.5 0 0 1.17645e-48 5.33578e-32 0
1110 0 0 3.23597e-47 5.60364e-32 0
1112.5 0 0 1.02798e-46 5.08715e-32 0
1115 0 0 1.15114e-46 3.80044e-32 0
1117.5 0 0 5.41019e-47 2.11349e-32 0
1120 0 0 1.85754e-48 6.69359e-33 0
1122.5 0 0 2.547e-47 2.67287e-34 0
1125 0 0 9.27801e-47 2.3812e-33 0
1127.5 0 0 1.19794e-46 7.65335e-33 0
1130 0 0 7.59165e-47 9.30749e-33 0
1132.5 0 0 1.42345e-47 5.50458e-33 0
1135 0 0 7.26656e-48 8.15166e-34 0
1137.5 0 0 7.98552e-47 6.22633e-34 0
1140 0 0 2.06807e-46 4.6038e-33 0
1142.5 0 0 3.51197e-46 7.2627e-33 0
1145 0 0 4.88889e-46 5.05252e-33 0
1147.5 0 0 6.05044e-46 9.57062e-34 0
1150 0 0 6.80982e-46 4.22113e-34 0
1152.5 0 0 6.87247e-46 4.02667e-33 0
1155 0 0 5.9355e-46 6.78907e-33 0
1157.5 0 0 4.01674e-46 4.98049e-33 0
1160 0 0 1.77073e-46 1.0865e-33 0
1162.5 0 0 2.70556e-47 3.13973e-34 0
1165 0 0 1.56574e-47 3.6802e-33 0
1167.5 0 0 9.53851e-47 6.92767e-33 0
1170 0 0 1.48037e-46 6.13481e-33 0
1172.5 0 0 1.07819e-46 2.34812e-33 0
1175 0 0 2.71326e-47 7.72134e-36 0
1177.5 0 0 2.64942e-48 2.29012e-33 0
1180 0 0 5.27655e-47 9.00504e-33 0
1182.5 0 0 1.01034e-46 1.79814e-32 0
1185 0 0 8.13558e-47 2.70686e-32 0
1187.5 0 0 2.2185e-47 3.49115e-32 0
1190 0 0 1.5656e-48 4.06865e-32 0
1192.5 0 0 4.10089e-47 4.32458e-32 0
1195 0 0 8.20099e-47 4.05361e-32 0
1197.5 0 0 6.90246e-47 3.10088e-32 0
1200 0 0 2.10623e-47 1.67971e-32 0
1202.5 0 0 4.96912e-49 4.5394e-33 0
1205 0 0 3.03788e-47 5.81409e-34 0
1207.5 0 0 7.0466e-47 4.50491e-33 0
1210 0 0 7.26924e-47 9.10554e-33 0
1212.5 0 0 3.67995e-47 8.15809e-33 0
1215 0 0 3.5677e-48 3.05726e-33 0
1217.5 0 0 9.99011e-48 1.15105e-34 0
1220 0 0 6.41849e-47 2.18754e-33 0
1222.5 0 0 1.54777e-46 5.51906e-33 0
1225 0 0 2.67762e-46 5.32718e-33 0
1227.5 0 0 3.90532e-46 2.0351e-33 0
1230 0 0 5.05792e-46 3.02295e-35 0
1232.5 0 0 5.84197e-46 1.48677e-33 0
1235 0 0 5.85473e-46 3.8869e-33 0
1237.5 0 0 4.8095e-46 3.8884e-33 0
1240 0 0 2.92108e-46 1.63634e-33 0
1242.5 0 0 1.03084e-46 3.62438e-35 0
1245 0 0 8.91075e-48 8.05652e-34 0
1247.5 0 0 3.21266e-47 2.69341e-33 0
1250 0 0 9.87607e-47 3.44759e-33 0
1252.5 0 0 1.14305e-46 2.391e-33 0
1255 0 0 6.15338e-47 7.33099e-34 0
1257.5 0 0 6.95791e-48 1.35137e-34 0
1260 0 0 1.08584e-47 1.60194e-33 0
1262.5 0 0 5.48022e-47 5.49235e-33 0
1265 0 0 7.38374e-47 1.1904e-32 0
1267.5 0 0 4.33661e-47 2.05678e-32 0
1270 0 0 5.38904e-48 3.01691e-32 0
1272.5 0 0 7.00025e-48 3.78287e-32 0
1275 0 0 3.94734e-47 3.98334e-32 0
1277.5 0 0 5.5934e-47 3.39494e-32 0
1280 0 0 3.54157e-47 2.18369e-32 0
1282.5 0 0 5.90201e-48 8.99948e-33 0
1285 0 0 3.27482e-48 1.33203e-33 0
1287.5 0 0 2.69549e-47 7.58421e-34 0
1290 0 0 4.6357e-47 4.00332e-33 0
1292.5 0 0 4.02448e-47 5.91864e-33 0
1295 0 0 1.70843e-47 4.25059e-33 0
1297.5 0 0 8.36183e-49 1.14042e-33 0
1300 0 0 9.29774e-48 4.37886e-35 0
1302.5 0 0 4.83798e-47 1.67091e-33 0
1305 0 0 1.17668e-46 3.49145e-33 0
1307.5 0 0 2.13556e-46 3.08119e-33 0
1310 0 0 3.26375e-46 1.05114e-33 0
1312.5 0 0 4.34567e-46 1.15699e-35 0
1315 0 0 5.01174e-46 1.11823e-33 0
1317.5 0 0 4.84284e-46 2.7191e-33 0
1320 0 0 3.68544e-46 2.67519e-33 0
1322.5 0 0 1.95895e-46 1.1074e-33 0
1325 0 0 5.29191e-47 4.07779e-35 0
1327.5 0 0 6.21464e-48 7.23985e-34 0
1330 0 0 4.32313e-47 2.22933e-33 0
1332.5 0 0 8.73728e-47 2.80604e-33 0
1335 0 0 7.84847e-47 1.89358e-33 0
1337.5 0 0 3.03334e-47 4.83568e-34 0
1340 0 0 1.01162e-48 5.23338e-35 0
1342.5 0 0 1.73607e-47 1.60983e-33 0
1345 0 0 4.73695e-47 5.43804e-33 0
1347.5 0 0 4.80299e-47 1.11379e-32 0
1350 0 0 2.01101e-47 1.78098e-32 0
1352.5 0 0 6.18316e-49 2.43016e-32 0
1355 0 0 1.08741e-47 2.91259e-32 0
1357.5 0 0 3.19537e-47 3.02162e-32 0
1360 0 0 3.4381e-47 2.57595e-32 0
1362.5 0 0 1.62693e-47 1.64052e-32 0
1365 0 0 1.06806e-48 6.40211e-33 0
1367.5 0 0 5.15928e-48 9.91662e-34 0
1370 0 0 2.03807e-47 1.70036e-33 0
1372.5 0 0 2.82992e-47 4.8411e-33 0
1375 0 0 2.1654e-47 5.56815e-33 0
1377.5 0 0 8.15116e-48 3.01299e-33 0
1380 0 0 3.26186e-49 4.32133e-34 0
1382.5 0 0 7.94246e-48 5.76054e-34 0
1385 0 0 3.76514e-47 2.41504e-33 0
1387.5 0 0 9.38604e-47 3.06016e-33 0
1390 0 0 1.7689e-46 1.692e-33 0
1392.5 0 0 2.78174e-46 2.08438e-34 0
1395 0 0 3.73556e-46 3.24006e-34 0
1397.5 0 0 4.22725e-46 1.44609e-33 0
1400 0 0 3.88211e-46 1.8679e-33 0
1402.5 0 0 2.70181e-46 1.09574e-33 0
1405 0 0 1.23434e-46 1.71644e-34 0
1407.5 0 0 2.49062e-47 8.82829e-35 0
1410 0 0 1.08961e-47 6.91315e-34 0
1412.5 0 0 4.73659e-47 1.17839e-33 0
1415 0 0 6.93939e-47 1.09798e-33 0
1417.5 0 0 4.83283e-47 6.22745e-34 0
1420 0 0 1.22015e-47 1.87275e-34 0
1422.5 0 0 1.60376e-48 1.95413e-34 0
1425 0 0 1.97303e-47 1.06772e-33 0
1427.5 0 0 3.55067e-47 3.40919e-33 0
1430 0 0 2.73095e-47 7.9098e-33 0
1432.5 0 0 7.44032e-48 1.46581e-32 0
1435 0 0 6.55124e-49 2.21409e-32 0
1437.5 0 0 1.13405e-47 2.71165e-32 0
1440 0 0 2.19194e-47 2.63855e-32 0
1442.5 0 0 1.84105e-47 1.95358e-32 0
1445 0 0 6.37603e-48 9.97974e-33 0
1447.5 0 0 1.91501e-49 2.68497e-33 0
1450 0 0 4.80165e-48 3.57467e-34 0
1452.5 0 0 1.29084e-47 1.68911e-33 0
1455 0 0 1.58258e-47 3.24711e-33 0
1457.5 0 0 1.17008e-47 2.86899e-33 0
1460 0 0 4.56984e-48 1.1622e-33 0
1462.5 0 0 5.69617e-49 5.22621e-35 0
1465 0 0 6.65244e-48 4.12314e-34 0
1467.5 0 0 3.03857e-47 1.34981e-33 0
1470 0 0 7.83583e-47 1.54512e-33 0
1472.5 0 0 1.52355e-46 8.06539e-34 0
1475 0 0 2.42533e-46 8.31459e-35 0
1477.5 0 0 3.21098e-46 1.69677e-34 0
1480 0 0 3.48258e-46 7.95308e-34 0
1482.5 0 0 2.97904e-46 1.10219e-33 0
1485 0 0 1.86542e-46 7.37771e-34 0
1487.5 0 0 7.20938e-47 1.78449e-34 0
1490 0 0 1.19223e-47 5.13747e-35 0
1492.5 0 0 1.58687e-47 4.36101e-34 0
1495 0 0 4.34628e-47 9.04614e-34 0
1497.5 0 0 4.93268e-47 1.02181e-33 0
1500 0 0 2.68492e-47 6.85047e-34 0
1502.5 0 0 4.09702e-48 1.74626e-34 0
1505 0 0 3.68346e-48 8.89265e-35 0
1507.5 0 0 1.77301e-47 1.14193e-33 0
1510 0 0 2.36624e-47 3.78521e-33 0
1512.5 0 0 1.41131e-47 7.91799e-33 0
1515 0 0 2.33743e-48 1.28833e-32 0
1517.5 0 0 1.65156e-48 1.75142e-32 0
1520 0 0 9.34e-48 2.01253e-32 0
1522.5 0 0 1.35138e-47 1.90332e-32 0
1525 0 0 9.24231e-48 1.39492e-32 0
1527.5 0 0 2.42723e-48 7.05208e-33 0
1530 0 0 2.98219e-49 1.93175e-33 0
1532.5 0 0 3.46053e-48 6.89825e-34 0
1535 0 0 7.59365e-48 2.12092e-33 0
1537.5 0 0 9.02554e-48 3.21318e-33 0
1540 0 0 7.02437e-48 2.38576e-33 0
1542.5 0 0 3.18783e-48 7.41501e-34 0
1545 0 0 1.12093e-48 1.39456e-34 0
1547.5 0 0 6.53871e-48 8.14791e-34 0
1550 0 0 2.66271e-47 1.45e-33 0
1552.5 0 0 6.82288e-47 1.12283e-33 0
1555 0 0 1.33228e-46 3.3703e-34 0
1557.5 0 0 2.10326e-46 5.47178e-35 0
1560 0 0 2.70463e-46 3.98866e-34 0
1562.5 0 0 2.7852e-46 7.20032e-34 0
1565 0 0 2.20709e-46 5.82746e-34 0
1567.5 0 0 1.23823e-46 2.06568e-34 0
1570 0 0 4.05511e-47 9.45343e-36 0
1572.5 0 0 7.93175e-48 9.69832e-35 0
1575 0 0 1.87803e-47 2.83182e-34 0
1577.5 0 0 3.58723e-47 3.80759e-34 0
1580 0 0 3.2264e-47 3.46984e-34 0
1582.5 0 0 1.34346e-47 2.49425e-34 0
1585 0 0 1.29818e-48 1.89746e-34 0
1587.5 0 0 5.0119e-48 2.92548e-34 0
1590 0 0 1.36963e-47 8.5618e-34 0
1592.5 0 0 1.40535e-47 2.53737e-33 0
1595 0 0 6.39658e-48 6.06296e-33 0
1597.5 0 0 6.30116e-49 1.12471e-32 0
1600 0 0 2.0262e-48 1.6204e-32 0
1602.5 0 0 6.3158e-48 1.81071e-32 0
1605 0 0 7.27094e-48 1.54115e-32 0
1607.5 0 0 4.22099e-48 9.47642e-33 0
1610 0 0 9.367e-49 3.68387e-33 0
1612.5 0 0 2.4672e-49 7.07724e-34 0
1615 0 0 1.86964e-48 6.14814e-34 0
1617.5 0 0 4.05907e-48 1.50763e-33 0
1620 0 0 5.31609e-48 1.67719e-33 0
1622.5 0 0 4.84318e-48 9.42996e-34 0
1625 0 0 2.99324e-48 1.80776e-34 0
1627.5 0 0 2.05074e-48 4.80132e-35 0
1630 0 0 6.70983e-48 3.7936e-34 0
1632.5 0 0 2.39575e-47 6.07722e-34 0
1635 0 0 6.09605e-47 4.59264e-34 0
1637.5 0 0 1.18485e-46 1.45705e-34 0
1640 0 0 1.82354e-46 9.1962e-36 0
1642.5 0 0 2.2357e-46 1.30409e-34 0
1645 0 0 2.15214e-46 3.08432e-34 0
1647.5 0 0 1.56236e-46 3.34672e-34 0
1650 0 0 7.80867e-47 2.00263e-34 0
1652.5 0 0 2.22441e-47 5.06736e-35 0
1655 0 0 7.32112e-48 2.23287e-35 0
1657.5 0 0 1.81123e-47 1.49986e-34 0
1660 0 0 2.64068e-47 3.58087e-34 0
1662.5 0 0 1.94236e-47 4.86134e-34 0
1665 0 0 6.28857e-48 3.93666e-34 0
1667.5 0 0 8.56948e-49 1.57413e-34 0
1670 0 0 4.81436e-48 1.77982e-34 0
1672.5 0 0 9.2433e-48 1.00838e-33 0
1675 0 0 7.73191e-48 3.00269e-33 0
1677.5 0 0 2.82948e-48 6.05031e-33 0
1680 0 0 3.38521e-49 9.48516e-33 0
1682.5 0 0 1.68186e-48 1.21383e-32 0
1685 0 0 3.73195e-48 1.26988e-32 0
1687.5 0 0 3.76389e-48 1.05366e-32 0
1690 0 0 2.0979e-48 6.48853e-33 0
1692.5 0 0 5.16952e-49 2.61195e-33 0
1695 0 0 1.04733e-49 6.93935e-34 0
1697.5 0 0 9.05231e-49 8.2021e-34 0
1700 0 0 2.39699e-48 1.55228e-33 0
1702.5 0 0 3.69833e-48 1.54682e-33 0
1705 0 0 3.95954e-48 7.88712e-34 0
1707.5 0 0 3.18072e-48 1.70466e-34 0
1710 0 0 2.95348e-48 2.06777e-34 0
1712.5 0 0 7.175e-48 5.36587e-34 0
1715 0 0 2.23988e-47 5.8948e-34 0
1717.5 0 0 5.51484e-47 3.12637e-34 0
1720 0 0 1.04356e-46 6.84208e-35 0
1722.5 0 0 1.54377e-46 7.36789e-35 0
1725 0 0 1.79341e-46 1.98682e-34 0
1727.5 0 0 1.61304e-46 2.36854e-34 0
1730 0 0 1.07642e-46 1.53087e-34 0
1732.5 0 0 4.84521e-47 4.56425e-35 0
1735 0 0 1.30612e-47 1.25898e-36 0
1737.5 0 0 7.64429e-48 3.45626e-35 0
1740 0 0 1.5662e-47 1.01935e-34 0
1742.5 0 0 1.81902e-47 1.49852e-34 0
1745 0 0 1.1064e-47 1.77738e-34 0
1747.5 0 0 2.85424e-48 2.28528e-34 0
1750 0 0 9.71096e-49 2.9804e-34 0
1752.5 0 0 3.85544e-48 3.81912e-34 0
1755 0 0 5.61708e-48 7.63014e-34 0
1757.5 0 0 3.92098e-48 2.11389e-33 0
1760 0 0 1.21936e-48 4.90464e-33 0
1762.5 0 0 2.6791e-49 8.48628e-33 0
1765 0 0 1.03738e-48 1.10286e-32 0
1767.5 0 0 1.87847e-48 1.08337e-32 0
1770 0 0 1.83453e-48 7.89281e-33 0
1772.5 0 0 1.12225e-48 4.00567e-33 0
1775 0 0 3.42818e-49 1.2483e-33 0
1777.5 0 0 1.00002e-51 3.63309e-34 0
1780 0 0 4.17883e-49 5.99665e-34 0
1782.5 0 0 1.53988e-48 8.39627e-34 0
1785 0 0 2.86187e-48 6.31996e-34 0
1787.5 0 0 3.71628e-48 2.36076e-34 0
1790 0 0 3.72498e-48 2.36728e-35 0
1792.5 0 0 3.67858e-48 5.94896e-35 0
1795 0 0 7.13849e-48 1.66226e-34 0
1797.5 0 0 2.0806e-47 1.8779e-34 0
1800 0 0 5.02407e-47 1.16077e-34 0
1802.5 0 0 9.17745e-47 3.33901e-35 0
1805 0 0 1.28768e-46 6.01677e-36 0
1807.5 0 0 1.40091e-46 3.72802e-35 0
1810 0 0 1.16804e-46 8.80372e-35 0
1812.5 0 0 7.14993e-47 1.15582e-34 0
1815 0 0 2.93847e-47 9.60663e-35 0
1817.5 0 0 8.35025e-48 3.90713e-35 0
1820 0 0 7.16963e-48 6.82442e-37 0
1822.5 0 0 1.19326e-47 5.58116e-35 0
1825 0 0 1.16022e-47 2.10658e-34 0
1827.5 0 0 6.09792e-48 3.47451e-34 0
1830 0 0 1.44452e-48 3.24263e-34 0
1832.5 0 0 9.29946e-49 1.83892e-34 0
1835 0 0 2.57203e-48 2.47106e-34 0
1837.5 0 0 3.1577e-48 9.42313e-34 0
1840 0 0 2.03506e-48 2.48272e-33 0
1842.5 0 0 6.67134e-49 4.62799e-33 0
1845 0 0 1.97813e-49 6.67689e-33 0
1847.5 0 0 4.94251e-49 7.72841e-33 0
1850 0 0 9.12728e-49 7.1731e-33 0
1852.5 0 0 1.0491e-48 5.17864e-33 0
1855 0 0 8.08843e-49 2.72682e-33 0
1857.5 0 0 3.43372e-49 9.8115e-34 0
1860 0 0 4.48635e-50 4.34e-34 0
1862.5 0 0 3.1926e-49 6.44364e-34 0
1865 0 0 1.26766e-48 8.246e-34 0
1867.5 0 0 2.60783e-48 6.1734e-34 0
1870 0 0 3.73647e-48 2.54515e-34 0
1872.5 0 0 4.00099e-48 8.48844e-35 0
1875 0 0 3.91944e-48 1.46979e-34 0
1877.5 0 0 7.04113e-48 2.32979e-34 0
1880 0 0 1.95796e-47 2.01681e-34 0
1882.5 0 0 4.52784e-47 9.90781e-35 0
1885 0 0 7.85642e-47 3.03427e-35 0
1887.5 0 0 1.04039e-46 3.01502e-35 0
1890 0 0 1.0629e-46 6.3071e-35 0
1892.5 0 0 8.28035e-47 8.03111e-35 0
1895 0 0 4.71701e-47 5.87877e-35 0
1897.5 0 0 1.83555e-47 1.89693e-35 0
1900 0 0 6.11199e-48 6.01418e-36 0
1902.5 0 0 6.274e-48 3.2894e-35 0
1905 0 0 8.60362e-48 6.56048e-35 0
1907.5 0 0 7.21866e-48 9.32954e-35 0
1910 0 0 3.40824e-48 1.62817e-34 0
1912.5 0 0 8.57532e-49 2.79219e-34 0
1915 0 0 7.41601e-49 3.4324e-34 0
1917.5 0 0 1.53934e-48 3.50187e-34 0
1920 0 0 1.69468e-48 6.55965e-34 0
1922.5 0 0 1.09321e-48 1.80316e-33 0
1925 0 0 4.10445e-49 3.85208e-33 0
1927.5 0 0 9.42135e-50 5.94573e-33 0
1930 0 0 1.63242e-49 6.80842e-33 0
1932.5 0 0 4.36426e-49 5.84041e-33 0
1935 0 0 6.6485e-49 3.67654e-33 0
1937.5 0 0 6.50182e-49 1.60487e-33 0
1940 0 0 4.10988e-49 4.85934e-34 0
1942.5 0 0 1.91026e-49 2.61819e-34 0
1945 0 0 3.2007e-49 3.59753e-34 0
1947.5 0 0 1.09615e-48 3.53227e-34 0
1950 0 0 2.52854e-48 2.04273e-34 0
1952.5 0 0 3.91227e-48 6.06783e-35 0
1955 0 0 4.16529e-48 7.82628e-36 0
1957.5 0 0 3.74477e-48 2.12016e-35 0
1960 0 0 6.53554e-48 4.59026e-35 0
1962.5 0 0 1.82398e-47 5.38036e-35 0
1965 0 0 4.05829e-47 4.33447e-35 0
1967.5 0 0 6.64411e-47 2.29586e-35 0
1970 0 0 8.2422e-47 4.86838e-36 0
1972.5 0 0 7.86582e-47 4.88769e-36 0
1975 0 0 5.71986e-47 3.31999e-35 0
1977.5 0 0 3.0555e-47 7.43094e-35 0
1980 0 0 1.16009e-47 8.58834e-35 0
1982.5 0 0 4.56431e-48 4.52527e-35 0
1985 0 0 4.83144e-48 2.0387e-36 0
1987.5 0 0 5.72289e-48 4.58324e-35 0
1990 0 0 4.38385e-48 1.88614e-34 0
1992.5 0 0 2.02267e-48 3.09069e-34 0
1995 0 0 5.86335e-49 2.78549e-34 0
1997.5 0 0 4.60816e-49 1.62888e-34 0
2000 0 0 8.24265e-49 2.56521e-34 0
2002.5 0 0 9.50379e-49 8.63412e-34 0
2005 0 0 7.16862e-49 2.01124e-33 0
2007.5 0 0 3.36064e-49 3.3508e-33 0
2010 0 0 5.60264e-50 4.31882e-33 0
2012.5 0 0 4.0763e-50 4.45319e-33 0
2015 0 0 2.77332e-49 3.67642e-33 0
2017.5 0 0 5.63255e-49 2.36905e-33 0
2020 0 0 6.69464e-49 1.14413e-33 0
2022.5 0 0 5.2556e-49 4.46402e-34 0
2025 0 0 2.87802e-49 2.91671e-34 0
2027.5 0 0 3.37706e-49 3.69023e-34 0
2030 0 0 1.12028e-48 3.77901e-34 0
2032.5 0 0 2.61371e-48 2.54056e-34 0
2035 0 0 3.87799e-48 1.11087e-34 0
2037.5 0 0 3.82471e-48 4.94733e-35 0
2040 0 0 3.30182e-48 6.39508e-35 0
2042.5 0 0 6.19631e-48 9.1152e-35 0
2045 0 0 1.69313e-47 8.58095e-35 0
2047.5 0 0 3.53727e-47 4.82584e-35 0
2050 0 0 5.42952e-47 1.08925e-35 0
2052.5 0 0 6.33596e-47 5.20673e-36 0
2055 0 0 5.70749e-47 2.8011e-35 0
2057.5 0 0 3.93593e-47 4.41746e-35 0
2060 0 0 2.0195e-47 3.37565e-35 0
2062.5 0 0 7.77301e-48 1.93619e-35 0
2065 0 0 3.51251e-48 2.63497e-35 0
2067.5 0 0 3.57664e-48 4.1025e-35 0
2070 0 0 3.80057e-48 4.77874e-35 0
2072.5 0 0 2.77575e-48 8.29381e-35 0
2075 0 0 1.31017e-48 1.82261e-34 0
2077.5 0 0 4.08271e-49 2.80861e-34 0
2080 0 0 2.44145e-49 2.74941e-34 0
2082.5 0 0 4.33448e-49 2.51798e-34 0
2085 0 0 5.83926e-49 5.60692e-34 0
2087.5 0 0 5.18749e-49 1.48555e-33 0
2090 0 0 2.79347e-49 2.80686e-33 0
2092.5 0 0 5.3434e-50 3.81085e-33 0
2095 0 0 2.08706e-50 3.85524e-33 0
2097.5 0 0 2.11827e-49 2.93358e-33 0
2100 0 0 5.02855e-49 1.64917e-33 0
2102.5 0 0 6.98403e-49 6.64997e-34 0
2105 0 0 6.2886e-49 2.24422e-34 0
2107.5 0 0 3.46683e-49 1.50049e-34 0
2110 0 0 3.18738e-49 1.64581e-34 0
2112.5 0 0 1.14117e-48 1.34656e-34 0
2115 0 0 2.69148e-48 7.23116e-35 0
2117.5 0 0 3.76264e-48 2.336e-35 0
2120 0 0 3.33827e-48 2.9747e-36 0
2122.5 0 0 2.71421e-48 2.39688e-36 0
2125 0 0 5.71326e-48 1.18097e-35 0
2127.5 0 0 1.54985e-47 2.56276e-35 0
2130 0 0 3.04627e-47 3.53852e-35 0
2132.5 0 0 4.3756e-47 2.95559e-35 0
2135 0 0 4.79217e-47 9.52207e-36 0
2137.5 0 0 4.073e-47 1.15145e-36 0
2140 0 0 2.67267e-47 3.00989e-35 0
2142.5 0 0 1.32906e-47 7.76572e-35 0
2145 0 0 5.20319e-48 8.68595e-35 0
2147.5 0 0 2.50611e-48 3.86657e-35 0
2150 0 0 2.42301e-48 1.99845e-36 0
2152.5 0 0 2.46061e-48 6.18056e-35 0
2155 0 0 1.83089e-48 1.94e-34 0
2157.5 0 0 9.27909e-49 2.64904e-34 0
2160 0 0 2.90197e-49 1.95921e-34 0
2162.5 0 0 1.05376e-49 1.06625e-34 0
2165 0 0 2.41683e-49 2.44845e-34 0
2167.5 0 0 4.33698e-49 7.5514e-34 0
2170 0 0 4.63648e-49 1.52039e-33 0
2172.5 0 0 2.97022e-49 2.22235e-33 0
2175 0 0 8.42567e-50 2.54736e-33 0
2177.5 0 0 2.55242e-50 2.36689e-33 0
2180 0 0 2.13656e-49 1.78994e-33 0
2182.5 0 0 5.49612e-49 1.084e-33 0
2185 0 0 7.66362e-49 5.19471e-34 0
2187.5 0 0 6.31511e-49 2.27855e-34 0
2190 0 0 2.86315e-49 1.63851e-34 0
2192.5 0 0 3.32298e-49 1.87594e-34 0
2195 0 0 1.26715e-48 1.85326e-34 0
2197.5 0 0 2.67075e-48 1.30052e-34 0
2200 0 0 3.30342e-48 5.97564e-35 0
2202.5 0 0 2.61189e-48 2.07446e-35 0
2205 0 0 2.24519e-48 2.59145e-35 0
2207.5 0 0 5.41029e-48 4.86721e-35 0
2210 0 0 1.38694e-47 5.19345e-35 0
2212.5 0 0 2.53106e-47 2.75322e-35 0
2215 0 0 3.41366e-47 3.06716e-36 0
2217.5 0 0 3.54893e-47 4.36559e-36 0
2220 0 0 2.89205e-47 2.22423e-35 0
2222.5 0 0 1.84133e-47 3.06411e-35 0
2225 0 0 9.04932e-48 2.63493e-35 0
2227.5 0 0 3.61357e-48 2.64082e-35 0
2230 0 0 1.78343e-48 3.22334e-35 0
2232.5 0 0 1.67512e-48 3.08286e-35 0
2235 0 0 1.70386e-48 3.68382e-35 0
2237.5 0 0 1.3154e-48 8.88989e-35 0
2240 0 0 6.90144e-49 1.76116e-34 0
2242.5 0 0 1.95124e-49 2.14868e-34 0
2245 0 0 3.78145e-50 1.67783e-34 0
2247.5 0 0 1.66675e-49 1.75344e-34 0
2250 0 0 3.59866e-49 4.77072e-34 0
2252.5 0 0 4.14722e-49 1.13678e-33 0
2255 0 0 2.88133e-49 1.87786e-33 0
2257.5 0 0 9.96376e-50 2.26272e-33 0
2260 0 0 3.55357e-50 2.06149e-33 0
2262.5 0 0 2.1927e-49 1.43144e-33 0
2265 0 0 5.69404e-49 7.46544e-34 0
2267.5 0 0 7.7687e-49 2.88899e-34 0
2270 0 0 5.86097e-49 1.01367e-34 0
2272.5 0 0 2.18008e-49 6.86436e-35 0
2275 0 0 3.4373e-49 7.06805e-35 0
2277.5 0 0 1.33598e-48 5.79902e-35 0
2280 0 0 2.554e-48 3.47134e-35 0
2282.5 0 0 2.81119e-48 1.53117e-35 0
2285 0 0 1.95453e-48 3.94458e-36 0
2287.5 0 0 1.8187e-48 2.31211e-38 0
2290 0 0 5.00254e-48 7.03288e-36 0
2292.5 0 0 1.22077e-47 2.54238e-35 0
2295 0 0 2.08143e-47 4.00311e-35 0
2297.5 0 0 2.64138e-47 3.12676e-35 0
2300 0 0 2.60789e-47 6.76596e-36 0
2302.5 0 0 2.0387e-47 4.09912e-36 0
2305 0 0 1.25947e-47 4.19763e-35 0
2307.5 0 0 6.08128e-48 8.16296e-35 0
2310 0 0 2.40178e-48 6.91188e-35 0
2312.5 0 0 1.16678e-48 1.72821e-35 0
2315 0 0 1.12193e-48 7.05425e-36 0
2317.5 0 0 1.21094e-48 8.35049e-35 0
2320 0 0 9.94494e-49 1.79595e-34 0
2322.5 0 0 5.44997e-49 1.86942e-34 0
2325 0 0 1.46547e-49 1.0222e-34 0
2327.5 0 0 1.34211e-50 6.53384e-35 0
2330 0 0 1.42705e-49 2.30263e-34 0
2332.5 0 0 3.49118e-49 6.08766e-34 0
2335 0 0 4.24261e-49 1.04931e-33 0
2337.5 0 0 2.95453e-49 1.35356e-33 0
2340 0 0 8.77338e-50 1.40463e-33 0
2342.5 0 0 3.63538e-50 1.21101e-33 0
2345 0 0 2.70608e-49 8.71923e-34 0
2347.5 0 0 6.24344e-49 5.16293e-34 0
2350 0 0 7.31691e-49 2.48377e-34 0
2352.5 0 0 4.41755e-49 1.1235e-34 0
2355 0 0 1.34404e-49 8.57823e-35 0
2357.5 0 0 4.22178e-49 1.0522e-34 0
2360 0 0 1.38798e-48 1.09893e-34 0
2362.5 0 0 2.25496e-48 7.77858e-35 0
2365 0 0 2.15172e-48 3.11895e-35 0
2367.5 0 0 1.36303e-48 7.11749e-36 0
2370 0 0 1.60043e-48 1.71072e-35 0
2372.5 0 0 4.62933e-48 3.65415e-35 0
2375 0 0 1.03929e-47 3.58942e-35 0
2377.5 0 0 1.65338e-47 1.583e-35 0
2380 0 0 1.99433e-47 1.53853e-36 0
2382.5 0 0 1.89883e-47 6.73432e-36 0
2385 0 0 1.44857e-47 1.91144e-35 0
2387.5 0 0 8.81314e-48 2.37775e-35 0
2390 0 0 4.20214e-48 2.32056e-35 0
2392.5 0 0 1.62388e-48 2.42539e-35 0
2395 0 0 7.9146e-49 2.2756e-35 0
2397.5 0 0 8.29446e-49 1.92931e-35 0
2400 0 0 9.49681e-49 3.56493e-35 0
2402.5 0 0 7.92662e-49 8.59358e-35 0
2405 0 0 4.21129e-49 1.35603e-34 0
2407.5 0 0 9.52972e-50 1.30469e-34 0
2410 0 0 7.41965e-51 8.90978e-35 0
2412.5 0 0 1.45061e-49 1.34305e-34 0
2415 0 0 3.34745e-49 3.83443e-34 0
2417.5 0 0 3.89984e-49 7.97528e-34 0
2420 0 0 2.55105e-49 1.16846e-33 0
2422.5 0 0 6.39638e-50 1.27926e-33 0
2425 0 0 4.71239e-50 1.07829e-33 0
2427.5 0 0 2.98925e-49 7.01049e-34 0
2430 0 0 6.10459e-49 3.43065e-34 0
2432.5 0 0 6.33892e-49 1.22334e-34 0
2435 0 0 3.15276e-49 3.97599e-35 0
2437.5 0 0 9.2418e-50 3.08767e-35 0
2440 0 0 4.7146e-49 3.58825e-35 0
2442.5 0 0 1.34471e-48 3.20334e-35 0
2445 0 0 1.92528e-48 2.27206e-35 0
2447.5 0 0 1.61098e-48 1.3309e-35 0
2450 0 0 9.30509e-49 4.16604e-36 0
2452.5 0 0 1.39705e-48 1.29931e-37 0
2455 0 0 4.16484e-48 1.02766e-35 0
2457.5 0 0 8.74814e-48 3.04007e-35 0
2460 0 0 1.31069e-47 3.81441e-35 0
2462.5 0 0 1.50732e-47 2.0872e-35 0
2465 0 0 1.38276e-47 1.15528e-36 0
2467.5 0 0 1.02458e-47 1.293e-35 0
2470 0 0 6.07501e-48 5.07205e-35 0
2472.5 0 0 2.80247e-48 6.74921e-35 0
2475 0 0 1.02746e-48 3.77254e-35 0
2477.5 0 0 5.14623e-49 1.98755e-36 0
2480 0 0 6.23155e-49 2.07929e-35 0
2482.5 0 0 7.6041e-49 9.01435e-35 0
2485 0 0 6.47379e-49 1.35418e-34 0
2487.5 0 0 3.41353e-49 1.03274e-34 0
2490 0 0 6.92964e-50 3.93784e-35 0
2492.5 0 0 1.07911e-50 5.24362e-35 0
2495 0 0 1.61656e-49 2.04105e-34 0
2497.5 0 0 3.48286e-49 4.4743e-34 0
2500 0 0 3.74996e-49 6.69429e-34 0
2502.5 0 0 2.07217e-49 7.78308e-34 0
2505 0 0 2.88305e-50 7.50362e-34 0
2507.5 0 0 7.31239e-50 6.17421e-34 0
2510 0 0 3.50112e-49 4.3324e-34 0
2512.5 0 0 5.80539e-49 2.5195e-34 0
2515 0 0 4.88357e-49 1.17881e-34 0
2517.5 0 0 1.74268e-49 5.4074e-35 0
2520 0 0 9.0694e-50 5.10928e-35 0
2522.5 0 0 5.39035e-49 7.10014e-35 0
2525 0 0 1.2294e-48 7.34777e-35 0
2527.5 0 0 1.50073e-48 4.69009e-35 0
2530 0 0 1.09169e-48 1.41204e-35 0
2532.5 0 0 6.46928e-49 3.76595e-36 0
2535 0 0 1.30773e-48 1.72938e-35 0
2537.5 0 0 3.67509e-48 3.01065e-35 0
2540 0 0 7.11902e-48 2.39223e-35 0
2542.5 0 0 1.01034e-47 7.5973e-36 0
2545 0 0 1.12209e-47 1.0158e-36 0
2547.5 0 0 1.00677e-47 8.14925e-36 0
2550 0 0 7.34395e-48 1.66361e-35 0
2552.5 0 0 4.27716e-48 1.83529e-35 0
2555 0 0 1.90813e-48 1.68588e-35 0
2557.5 0 0 6.68782e-49 1.54253e-35 0
2560 0 0 3.78916e-49 1.27205e-35 0
2562.5 0 0 5.30257e-49 1.45424e-35 0
2565 0 0 6.46666e-49 3.38659e-35 0
2567.5 0 0 5.24523e-49 6.73356e-35 0
2570 0 0 2.49322e-49 8.52217e-35 0
2572.5 0 0 3.47989e-50 6.73103e-35 0
2575 0 0 2.23348e-50 4.87922e-35 0
2577.5 0 0 1.76238e-49 1.06797e-34 0
2580 0 0 3.24102e-49 2.82702e-34 0
2582.5 0 0 3.0874e-49 5.2095e-34 0
2585 0 0 1.41779e-49 6.97041e-34 0
2587.5 0 0 1.17409e-50 7.123e-34 0
2590 0 0 9.79512e-50 5.65827e-34 0
2592.5 0 0 3.48719e-49 3.44631e-34 0
2595 0 0 4.95594e-49 1.53015e-34 0
2597.5 0 0 3.54054e-49 4.63145e-35 0
2600 0 0 9.29095e-50 1.52245e-35 0
2602.5 0 0 1.04009e-49 1.80716e-35 0
2605 0 0 5.42726e-49 2.2628e-35 0
2607.5 0 0 1.0656e-48 2.10934e-35 0
2610 0 0 1.15198e-48 1.66314e-35 0
2612.5 0 0 7.37196e-49 9.63789e-36 0
2615 0 0 4.60583e-49 1.67258e-36 0
2617.5 0 0 1.17987e-48 1.67431e-36 0
2620 0 0 3.17552e-48 1.50514e-35 0
2622.5 0 0 5.79589e-48 2.95491e-35 0
2625 0 0 7.85634e-48 2.63492e-35 0
2627.5 0 0 8.4223e-48 8.11963e-36 0
2630 0 0 7.33856e-48 1.41828e-36 0
2632.5 0 0 5.20082e-48 2.13921e-35 0
2635 0 0 2.92079e-48 4.59263e-35 0
2637.5 0 0 1.23185e-48 4.18858e-35 0
2640 0 0 4.10226e-49 1.29778e-35 0
2642.5 0 0 2.83626e-49 9.18125e-37 0
2645 0 0 4.48985e-49 3.15187e-35 0
2647.5 0 0 5.44702e-49 7.60282e-35 0
2650 0 0 4.2812e-49 8.30956e-35 0
2652.5 0 0 1.88306e-49 4.46576e-35 0
2655 0 0 1.7673e-50 1.36478e-35 0
2657.5 0 0 3.81319e-50 5.13146e-35 0
2660 0 0 1.96396e-49 1.65485e-34 0
2662.5 0 0 3.12052e-49 3.04776e-34 0
2665 0 0 2.53676e-49 4.05016e-34 0
2667.5 0 0 8.36186e-50 4.33784e-34 0
2670 0 0 5.02475e-51 3.96714e-34 0
2672.5 0 0 1.3471e-49 3.16915e-34 0
2675 0 0 3.47528e-49 2.18073e-34 0
2677.5 0 0 3.98775e-49 1.22945e-34 0
2680 0 0 2.1927e-49 5.48687e-35 0
2682.5 0 0 3.65961e-50 2.88053e-35 0
2685 0 0 1.40581e-49 3.76263e-35 0
2687.5 0 0 5.30307e-49 5.31687e-35 0
2690 0 0 8.61439e-49 4.92104e-35 0
2692.5 0 0 8.05693e-49 2.55635e-35 0
2695 0 0 4.61867e-49 5.10695e-36 0
2697.5 0 0 3.73394e-49 5.27944e-36 0
2700 0 0 1.09147e-48 1.81099e-35 0
2702.5 0 0 2.67709e-48 2.29187e-35 0
2705 0 0 4.58152e-48 1.32229e-35 0
2707.5 0 0 5.97718e-48 2.04621e-36 0
2710 0 0 6.26094e-48 1.76577e-36 0
2712.5 0 0 5.36548e-48 8.97767e-36 0
2715 0 0 3.7341e-48 1.31222e-35 0
2717.5 0 0 2.03463e-48 1.15959e-35 0
2720 0 0 8.14591e-49 9.14705e-36 0
2722.5 0 0 2.73298e-49 7.97025e-36 0
2725 0 0 2.51971e-49 7.61333e-36 0
2727.5 0 0 4.09996e-49 1.21254e-35 0
2730 0 0 4.61664e-49 2.64028e-35 0
2732.5 0 0 3.26734e-49 4.34531e-35 0
2735 0 0 1.1774e-49 4.64589e-35 0
2737.5 0 0 3.78579e-51 3.2729e-35 0
2740 0 0 5.68924e-50 3.08005e-35 0
2742.5 0 0 1.93801e-49 8.14338e-35 0
2745 0 0 2.58416e-49 1.9489e-34 0
2747.5 0 0 1.76917e-49 3.28651e-34 0
2750 0 0 4.03255e-50 4.11973e-34 0
2752.5 0 0 1.27064e-50 3.9758e-34 0
2755 0 0 1.45063e-49 2.95895e-34 0
2757.5 0 0 2.99415e-49 1.64221e-34 0
2760 0 0 2.9528e-49 6.27582e-35 0
2762.5 0 0 1.31192e-49 1.58273e-35 0
2765 0 0 1.8725e-50 8.44958e-36 0
2767.5 0 0 1.53715e-49 1.32107e-35 0
2770 0 0 4.71256e-49 1.53834e-35 0
2772.5 0 0 6.78821e-49 1.42325e-35 0
2775 0 0 5.70285e-49 1.08359e-35 0
2777.5 0 0 2.97928e-49 4.71062e-36 0
2780 0 0 3.05809e-49 1.21667e-37 0
2782.5 0 0 9.66397e-49 4.50056e-36 0
2785 0 0 2.24401e-48 1.61861e-35 0
2787.5 0 0 3.6694e-48 2.17938e-35 0
2790 0 0 4.62223e-48 1.31935e-35 0
2792.5 0 0 4.69642e-48 1.73712e-36 0
2795 0 0 3.90145e-48 5.37958e-36 0
2797.5 0 0 2.61609e-48 2.28042e-35 0
2800 0 0 1.35473e-48 3.20744e-35 0
2802.5 0 0 5.06778e-49 1.98614e-35 0
2805 0 0 1.8056e-49 2.23411e-36 0
2807.5 0 0 2.21174e-49 5.86197e-36 0
2810 0 0 3.58153e-49 3.21852e-35 0
2812.5 0 0 3.81785e-49 5.25051e-35 0
2815 0 0 2.50467e-49 4.27125e-35 0
2817.5 0 0 7.57089e-50 1.50779e-35 0
2820 0 0 2.94918e-51 8.37278e-36 0
2822.5 0 0 7.50833e-50 4.84551e-35 0
2825 0 0 1.93367e-49 1.23479e-34 0
2827.5 0 0 2.18538e-49 1.9655e-34 0
2830 0 0 1.20068e-49 2.36962e-34 0
2832.5 0 0 1.27944e-50 2.3778e-34 0
2835 0 0 2.82364e-50 2.09297e-34 0
2837.5 0 0 1.57973e-49 1.63774e-34 0
2840 0 0 2.54407e-49 1.10041e-34 0
2842.5 0 0 2.01709e-49 5.90092e-35 0
2845 0 0 6.16762e-50 2.58029e-35 0
2847.5 0 0 1.84683e-50 1.95039e-35 0
2850 0 0 1.70073e-49 3.12836e-35 0
2852.5 0 0 4.02768e-49 3.93193e-35 0
2855 0 0 4.97841e-49 2.99818e-35 0
2857.5 0 0 3.69195e-49 1.14855e-35 0
2860 0 0 1.91351e-49 2.24824e-36 0
2862.5 0 0 2.84634e-49 7.92518e-36 0
2865 0 0 8.6072e-49 1.61692e-35 0
2867.5 0 0 1.83798e-48 1.43454e-35 0
2870 0 0 2.8622e-48 5.10623e-36 0
2872.5 0 0 3.50434e-48 6.43521e-38 0
2875 0 0 3.49194e-48 3.28775e-36 0
2877.5 0 0 2.84797e-48 8.03406e-36 0
2880 0 0 1.86116e-48 8.13819e-36 0
2882.5 0 0 9.24266e-49 5.36775e-36 0
2885 0 0 3.29564e-49 4.01568e-36 0
2887.5 0 0 1.42744e-49 4.34388e-36 0
2890 0 0 2.15726e-49 5.20475e-36 0
2892.5 0 0 3.20056e-49 8.78399e-36 0
2895 0 0 3.03975e-49 1.70315e-35 0
2897.5 0 0 1.70674e-49 2.49649e-35 0
2900 0 0 3.63057e-50 2.43226e-35 0
2902.5 0 0 7.76575e-51 1.71193e-35 0
2905 0 0 8.44488e-50 2.179e-35 0
2907.5 0 0 1.659e-49 5.95114e-35 0
2910 0 0 1.5717e-49 1.30775e-34 0
2912.5 0 0 6.83787e-50 2.06053e-34 0
2915 0 0 2.07035e-51 2.43338e-34 0
2917.5 0 0 3.84474e-50 2.19847e-34 0
2920 0 0 1.40682e-49 1.50096e-34 0
2922.5 0 0 1.92194e-49 7.35662e-35 0
2925 0 0 1.30682e-49 2.355e-35 0
2927.5 0 0 2.91456e-50 6.25715e-36 0
2930 0 0 2.30185e-50 6.78745e-36 0
2932.5 0 0 1.57656e-49 9.67561e-36 0
2935 0 0 3.25064e-49 1.00462e-35 0
2937.5 0 0 3.67949e-49 8.77542e-36 0
2940 0 0 2.51368e-49 5.69238e-36 0
2942.5 0 0 1.31657e-49 1.42121e-36 0
2945 0 0 2.50706e-49 5.13987e-37 0
2947.5 0 0 7.44433e-49 6.15053e-36 0
2950 0 0 1.51819e-48 1.31512e-35 0
2952.5 0 0 2.28077e-48 1.26805e-35 0
2955 0 0 2.70422e-48 4.91253e-36 0
2957.5 0 0 2.60702e-48 8.60798e-37 0
2960 0 0 2.04678e-48 7.8908e-36 0
2962.5 0 0 1.27589e-48 1.82247e-35 0
2965 0 0 5.96038e-49 1.81935e-35 0
2967.5 0 0 2.03939e-49 7.24378e-36 0
2970 0 0 1.15193e-49 3.72128e-37 0
2972.5 0 0 1.95779e-49 9.11837e-36 0
2975 0 0 2.70285e-49 2.56188e-35 0
2977.5 0 0 2.36626e-49 3.10767e-35 0
2980 0 0 1.18195e-49 1.88063e-35 0
2982.5 0 0 1.86237e-50 4.01098e-36 0
2985 0 0 1.66589e-50 9.08869e-36 0
2987.5 0 0 9.06165e-50 4.13849e-35 0
2990 0 0 1.45421e-49 8.66228e-35 0
2992.5 0 0 1.1575e-49 1.22386e-34 0
2995 0 0 3.6461e-50 1.35885e-34 0
2997.5 0 0 3.78574e-52 1.29132e-34 0
3000 0 0 5.02402e-50 1.1033e-34 0
3002.5 0 0 1.28149e-49 8.45773e-35 0
3005 0 0 1.42462e-49 5.4663e-35 0
3007.5 0 0 7.57561e-50 2.75768e-35 0
3010 0 0 8.88437e-51 1.3722e-35 0
3012.5 0 0 3.30466e-50 1.64127e-35 0
3015 0 0 1.47111e-49 2.54248e-35 0
3017.5 0 0 2.52693e-49 2.61882e-35 0
3020 0 0 2.53116e-49 1.55559e-35 0
3022.5 0 0 1.58736e-49 4.31278e-36 0
3025 0 0 1.00407e-49 2.86217e-36 0
3027.5 0 0 2.39061e-49 8.7155e-36 0
3030 0 0 6.43341e-49 1.14547e-35 0
3032.5 0 0 1.22393e-48 6.90101e-36 0
3035 0 0 1.76688e-48 1.08223e-36 0
3037.5 0 0 2.04228e-48 5.14489e-37 0
3040 0 0 1.92957e-48 3.84359e-36 0
3042.5 0 0 1.48105e-48 5.46075e-36 0
3045 0 0 8.93416e-49 3.73057e-36 0
3047.5 0 0 3.98515e-49 1.83052e-36 0
3050 0 0 1.3972e-49 1.97045e-36 0
3052.5 0 0 1.10112e-49 2.86429e-36 0
3055 0 0 1.85247e-49 3.41773e-36 0
3057.5 0 0 2.25184e-49 5.39031e-36 0
3060 0 0 1.71397e-49 1.00648e-35 0
3062.5 0 0 6.93372e-50 1.42928e-35 0
3065 0 0 6.66691e-51 1.35883e-35 0
3067.5 0 0 2.45014e-50 1.02995e-35 0
3070 0 0 8.3073e-50 1.61343e-35 0
3072.5 0 0 1.08762e-49 4.265e-35 0
3075 0 0 7.19966e-50 8.70429e-35 0
3077.5 0 0 1.55068e-50 1.28471e-34 0
3080 0 0 3.24109e-51 1.4185e-34 0
3082.5 0 0 4.84789e-50 1.18306e-34 0
3085 0 0 9.9098e-50 7.27792e-35 0
3087.5 0 0 9.6769e-50 3.09616e-35 0
3090 0 0 4.37199e-50 8.703e-36 0
3092.5 0 0 3.5397e-51 3.88268e-36 0
3095 0 0 3.37453e-50 5.53031e-36 0
3097.5 0 0 1.21949e-49 6.47188e-36 0
3100 0 0 1.93109e-49 5.98987e-36 0
3102.5 0 0 1.83107e-49 4.71952e-36 0
3105 0 0 1.10442e-49 2.35664e-36 0
3107.5 0 0 7.99876e-50 2.29573e-37 0
3110 0 0 2.12211e-49 1.38377e-36 0
3112.5 0 0 5.48991e-49 5.81641e-36 0
3115 0 0 1.00517e-48 8.63159e-36 0
3117.5 0 0 1.40232e-48 6.04496e-36 0
3120 0 0 1.56546e-48 1.45174e-36 0
3122.5 0 0 1.42227e-48 1.71386e-36 0
3125 0 0 1.0435e-48 7.59184e-36 0
3127.5 0 0 5.96174e-49 1.18512e-35 0
3130 0 0 2.50961e-49 8.68674e-36 0
3132.5 0 0 9.46777e-50 2.05193e-36 0
3135 0 0 9.90056e-50 1.24184e-36 0
3137.5 0 0 1.60353e-49 8.97404e-36 0
3140 0 0 1.7848e-49 1.72423e-35 0
3142.5 0 0 1.23595e-49 1.64787e-35 0
3145 0 0 4.29725e-50 7.29856e-36 0
3147.5 0 0 4.98051e-51 1.27854e-36 0
3150 0 0 3.06076e-50 9.81179e-36 0
3152.5 0 0 7.64189e-50 3.28053e-35 0
3155 0 0 8.50474e-50 5.85942e-35 0
3157.5 0 0 4.64338e-50 7.44633e-35 0
3160 0 0 5.59071e-51 7.64807e-35 0
3162.5 0 0 8.14092e-51 6.91513e-35 0
3165 0 0 4.89324e-50 5.75684e-35 0
3167.5 0 0 7.95057e-50 4.2948e-35 0
3170 0 0 6.43504e-50 2.63604e-35 0
3172.5 0 0 2.12215e-50 1.31594e-35 0
3175 0 0 2.06947e-51 9.43247e-36 0
3177.5 0 0 3.72188e-50 1.40919e-35 0
3180 0 0 1.02633e-49 1.83316e-35 0
3182.5 0 0 1.42215e-49 1.50923e-35 0
3185 0 0 1.22964e-49 6.94403e-36 0
3187.5 0 0 7.35637e-50 2.06054e-36 0
3190 0 0 7.32784e-50 3.72459e-36 0
3192.5 0 0 1.98544e-49 7.09359e-36 0
3195 0 0 4.64639e-49 6.49342e-36 0
3197.5 0 0 8.0073e-49 2.55227e-36 0
3200 0 0 1.0769e-48 1.18714e-37 0
3202.5 0 0 1.17294e-48 1.23301e-36 0
3205 0 0 1.04298e-48 3.13689e-36 0
3207.5 0 0 7.45322e-49 2.90532e-36 0
3210 0 0 4.10557e-49 1.25034e-36 0
3212.5 0 0 1.68414e-49 6.19196e-37 0
3215 0 0 7.604e-50 1.40674e-36 0
3217.5 0 0 9.66918e-50 2.00936e-36 0
3220 0 0 1.40489e-49 1.99846e-36 0
3222.5 0 0 1.36582e-49 3.08003e-36 0
3225 0 0 8.06829e-50 6.12451e-36 0
3227.5 0 0 2.14694e-50 8.81103e-36 0
3230 0 0 5.23681e-51 8.32786e-36 0
3232.5 0 0 3.15404e-50 6.76675e-36 0
3235 0 0 6.01814e-50 1.19176e-35 0
3237.5 0 0 5.62635e-50 3.01197e-35 0
3240 0 0 2.49013e-50 5.73646e-35 0
3242.5 0 0 1.20951e-51 7.90203e-35 0
3245 0 0 9.89865e-51 8.08593e-35 0
3247.5 0 0 3.92663e-50 6.15257e-35 0
3250 0 0 5.5633e-50 3.36599e-35 0
3252.5 0 0 4.07034e-50 1.24556e-35 0
3255 0 0 1.12713e-50 3.7572e-36 0
3257.5 0 0 2.63323e-51 3.13462e-36 0
3260 0 0 3.22261e-50 4.00071e-36 0
3262.5 0 0 8.04455e-50 3.84197e-36 0
3265 0 0 1.0724e-49 3.17072e-36 0
3267.5 0 0 9.07897e-50 2.17138e-36 0
3270 0 0 5.5473e-50 7.43756e-37 0
3272.5 0 0 6.38085e-50 1.41381e-37 0
3275 0 0 1.74212e-49 1.74414e-36 0
3277.5 0 0 3.92424e-49 4.30935e-36 0
3280 0 0 6.5254e-49 4.77332e-36 0
3282.5 0 0 8.47376e-49 2.4641e-36 0
3285 0 0 8.87736e-49 5.92865e-37 0
3287.5 0 0 7.55136e-49 2.16492e-36 0
3290 0 0 5.12945e-49 5.65047e-36 0
3292.5 0 0 2.67271e-49 6.65161e-36 0
3295 0 0 1.07448e-49 3.70694e-36 0
3297.5 0 0 5.99209e-50 5.85875e-37 0
3300 0 0 8.47262e-50 1.84844e-36 0
3302.5 0 0 1.13477e-49 7.02041e-36 0
3305 0 0 1.01198e-49 1.05978e-35 0
3307.5 0 0 5.40671e-50 8.2843e-36 0
3310 0 0 1.25971e-50 2.587e-36 0
3312.5 0 0 7.54178e-51 1.24315e-36 0
3315 0 0 3.11145e-50 9.5888e-36 0
3317.5 0 0 4.94515e-50 2.48082e-35 0
3320 0 0 4.02217e-50 3.83454e-35 0
3322.5 0 0 1.42717e-50 4.3823e-35 0
3325 0 0 4.48087e-52 4.16974e-35 0
3327.5 0 0 1.22482e-50 3.61728e-35 0
3330 0 0 3.43582e-50 2.95233e-35 0
3332.5 0 0 4.11369e-50 2.13671e-35 0
3335 0 0 2.50812e-50 1.265e-35 0
3337.5 0 0 4.45524e-51 7.17676e-36 0
3340 0 0 4.30669e-51 7.48305e-36 0
3342.5 0 0 3.08079e-50 1.07994e-35 0
3345 0 0 6.43647e-50 1.1538e-35 0
3347.5 0 0 7.76074e-50 7.72354e-36 0
3350 0 0 6.20324e-50 3.00462e-36 0
3352.5 0 0 4.19248e-50 1.68653e-36 0
3355 0 0 6.23846e-50 3.49173e-36 0
3357.5 0 0 1.58259e-49 4.64666e-36 0
3360 0 0 3.25281e-49 3.11585e-36 0
3362.5 0 0 5.12365e-49 7.67374e-37 0
3365 0 0 6.43384e-49 2.26813e-37 0
3367.5 0 0 6.57965e-49 1.36836e-36 0
3370 0 0 5.47362e-49 2.03271e-36 0
3372.5 0 0 3.61703e-49 1.2563e-36 0
3375 0 0 1.82904e-49 2.86926e-37 0
3377.5 0 0 7.65421e-50 4.22282e-37 0
3380 0 0 5.4476e-50 1.17079e-36 0
3382.5 0 0 7.73702e-50 1.31135e-36 0
3385 0 0 9.13894e-50 1.03578e-36 0
3387.5 0 0 7.12449e-50 1.8348e-36 0
3390 0 0 3.20763e-50 4.0844e-36 0
3392.5 0 0 6.15907e-51 5.85344e-36 0
3395 0 0 8.68895e-51 5.34729e-36 0
3397.5 0 0 2.63297e-50 4.5104e-36 0
3400 0 0 3.46837e-50 8.69241e-36 0
3402.5 0 0 2.41287e-50 2.10876e-35 0
3405 0 0 6.60812e-51 3.74239e-35 0
3407.5 0 0 4.52437e-52 4.77205e-35 0
3410 0 0 1.05881e-50 4.47377e-35 0
3412.5 0 0 2.48164e-50 3.06658e-35 0
3415 0 0 2.74059e-50 1.4824e-35 0
3417.5 0 0 1.55927e-50 5.06776e-36 0
3420 0 0 2.43206e-51 2.23922e-36 0
3422.5 0 0 4.34601e-51 2.42517e-36 0
3425 0 0 2.48773e-50 2.46076e-36 0
3427.5 0 0 4.99436e-50 1.97175e-36 0
3430 0 0 5.97454e-50 1.47299e-36 0
3432.5 0 0 4.81058e-50 8.62853e-37 0
3435 0 0 3.45085e-50 1.94999e-37 0
3437.5 0 0 5.50053e-50 2.94621e-37 0
3440 0 0 1.36486e-49 1.51696e-36 0
3442.5 0 0 2.71351e-49 2.6836e-36 0
3445 0 0 4.12942e-49 2.37071e-36 0
3447.5 0 0 4.99509e-49 9.89754e-37 0
3450 0 0 4.89349e-49 5.12913e-37 0
3452.5 0 0 3.88073e-49 1.89765e-36 0
3455 0 0 2.43392e-49 3.63001e-36 0
3457.5 0 0 1.18069e-49 3.50638e-36 0
3460 0 0 5.2467e-50 1.54298e-36 0
3462.5 0 0 4.55896e-50 2.83484e-37 0
3465 0 0 6.35097e-50 1.83213e-36 0
3467.5 0 0 6.92515e-50 5.01718e-36 0
3470 0 0 4.99535e-50 6.32191e-36 0
3472.5 0 0 2.06403e-50 4.01816e-36 0
3475 0 0 4.53897e-51 8.56257e-37 0
3477.5 0 0 9.51302e-51 1.74657e-36 0
3480 0 0 2.27571e-50 8.52953e-36 0
3482.5 0 0 2.65618e-50 1.77007e-35 0
3485 0 0 1.63649e-50 2.38104e-35 0
3487.5 0 0 3.50275e-51 2.4586e-35 0
3490 0 0 1.21134e-51 2.19714e-35 0
3492.5 0 0 1.04787e-50 1.86334e-35 0
3495 0 0 2.01848e-50 1.50359e-35 0
3497.5 0 0 1.94227e-50 1.05957e-35 0
3500 0 0 9.14078e-51 6.33835e-36 0
3502.5 0 0 8.48892e-52 4.55542e-36 0
3505 0 0 5.47652e-51 5.72913e-36 0
3507.5 0 0 2.24095e-50 7.31672e-36 0
3510 0 0 3.93017e-50 6.54636e-36 0
3512.5 0 0 4.33772e-50 3.68366e-36 0
3515 0 0 3.43875e-50 1.45621e-36 0
3517.5 0 0 2.94094e-50 1.50988e-36 0
3520 0 0 5.29493e-50 2.60658e-36 0
3522.5 0 0 1.19556e-49 2.62176e-36 0
3525 0 0 2.1949e-49 1.30801e-36 0
3527.5 0 0 3.18766e-49 2.23972e-37 0
3530 0 0 3.74268e-49 3.94439e-37 0
3532.5 0 0 3.59047e-49 1.08951e-36 0
3535 0 0 2.78494e-49 1.10162e-36 0
3537.5 0 0 1.70462e-49 4.25666e-37 0
3540 0 0 8.21805e-50 5.62631e-38 0
3542.5 0 0 4.13474e-50 4.4504e-37 0
3545 0 0 4.14348e-50 9.04581e-37 0
3547.5 0 0 5.34937e-50 7.53015e-37 0
3550 0 0 5.18064e-50 5.05947e-37 0
3552.5 0 0 3.28486e-50 1.27389e-36 0
3555 0 0 1.15154e-50 2.99038e-36 0
3557.5 0 0 3.16238e-51 4.04006e-36 0
3560 0 0 8.73524e-51 3.41922e-36 0
3562.5 0 0 1.69885e-50 2.99412e-36 0
3565 0 0 1.71881e-50 6.3798e-36 0
3567.5 0 0 9.18328e-51 1.4702e-35 0
3570 0 0 1.38843e-51 2.39789e-35 0
3572.5 0 0 1.22168e-51 2.79123e-35 0
3575 0 0 7.85144e-51 2.36999e-35 0
3577.5 0 0 1.38697e-50 1.45758e-35 0
3580 0 0 1.28822e-50 6.39353e-36 0
3582.5 0 0 5.92309e-51 2.37072e-36 0
3585 0 0 7.47385e-52 1.56803e-36 0
3587.5 0 0 4.79074e-51 1.57242e-36 0
3590 0 0 1.78584e-50 1.27245e-36 0
3592.5 0 0 3.10941e-50 8.94998e-37 0
3595 0 0 3.4704e-50 6.39548e-37 0
3597.5 0 0 2.80828e-50 3.31673e-37 0
3600 0 0 2.49518e-50 8.12789e-38 0
3602.5 0 0 4.56123e-50 3.36385e-37 0
3605 0 0 1.00984e-49 1.07786e-36 0
3607.5 0 0 1.80481e-49 1.54732e-36 0
3610 0 0 2.53464e-49 1.17071e-36 0
3612.5 0 0 2.86248e-49 4.50821e-37 0
3615 0 0 2.62121e-49 4.55872e-37 0
3617.5 0 0 1.93657e-49 1.40942e-36 0
3620 0 0 1.13146e-49 2.23345e-36 0
3622.5 0 0 5.40516e-50 1.82735e-36 0
3625 0 0 3.06164e-50 6.04726e-37 0
3627.5 0 0 3.36237e-50 2.33786e-37 0
3630 0 0 4.11935e-50 1.60554e-36 0
3632.5 0 0 3.74041e-50 3.45446e-36 0
3635 0 0 2.23486e-50 3.62358e-36 0
3637.5 0 0 7.5654e-51 1.79362e-36 0
3640 0 0 3.02566e-51 3.59802e-37 0
3642.5 0 0 8.03755e-51 2.04277e-36 0
3645 0 0 1.37367e-50 6.80926e-36 0
3647.5 0 0 1.28e-50 1.17308e-35 0
3650 0 0 6.16075e-51 1.39586e-35 0
3652.5 0 0 7.47691e-52 1.32743e-35 0
3655 0 0 1.64123e-51 1.14251e-35 0
3657.5 0 0 7.17302e-51 9.63571e-36 0
3660 0 0 1.10684e-50 7.67554e-36 0
3662.5 0 0 9.08197e-51 5.28369e-36 0
3665 0 0 3.37674e-51 3.38175e-36 0
3667.5 0 0 5.6279e-52 3.09705e-36 0
3670 0 0 5.33247e-51 4.03762e-36 0
3672.5 0 0 1.57369e-50 4.48076e-36 0
3675 0 0 2.43885e-50 3.40888e-36 0
3677.5 0 0 2.54649e-50 1.68676e-36 0
3680 0 0 2.12505e-50 8.47879e-37 0
3682.5 0 0 2.24894e-50 1.19211e-36 0
3685 0 0 4.21305e-50 1.64313e-36 0
3687.5 0 0 8.51972e-50 1.29966e-36 0
3690 0 0 1.42571e-49 4.91008e-37 0
3692.5 0 0 1.92465e-49 1.15184e-37 0
3695 0 0 2.1189e-49 3.91527e-37 0
3697.5 0 0 1.90528e-49 6.96463e-37 0
3700 0 0 1.38e-49 5.12496e-37 0
3702.5 0 0 7.95531e-50 1.05473e-37 0
3705 0 0 3.92512e-50 6.71772e-38 0
3707.5 0 0 2.56561e-50 4.31716e-37 0
3710 0 0 2.89831e-50 6.28896e-37 0
3712.5 0 0 3.24641e-50 3.87004e-37 0
3715 0 0 2.65361e-50 2.98579e-37 0
3717.5 0 0 1.40722e-50 1.06331e-36 0
3720 0 0 4.26329e-51 2.29361e-36 0
3722.5 0 0 2.50695e-51 2.73501e-36 0
3725 0 0 6.40068e-51 2.06728e-36 0
3727.5 0 0 9.48663e-51 1.99933e-36 0
3730 0 0 7.94829e-51 4.71149e-36 0
3732.5 0 0 3.35502e-51 1.00284e-35 0
3735 0 0 2.28988e-52 1.47911e-35 0
3737.5 0 0 1.31199e-51 1.55974e-35 0
3740 0 0 5.09446e-51 1.20157e-35 0
3742.5 0 0 7.61472e-51 6.755e-36 0
3745 0 0 6.26883e-51 2.86858e-36 0
3747.5 0 0 2.45872e-51 1.28961e-36 0
3750 0 0 6.81486e-52 1.0072e-36 0
3752.5 0 0 4.47147e-51 8.65704e-37 0
3755 0 0 1.26981e-50 5.98572e-37 0
3757.5 0 0 1.9882e-50 4.07178e-37 0
3760 0 0 2.10707e-50 2.96205e-37 0
3762.5 0 0 1.76856e-50 1.41539e-37 0
3765 0 0 1.87608e-50 6.13882e-38 0
3767.5 0 0 3.52407e-50 2.91691e-37 0
3770 0 0 7.0642e-50 7.22203e-37 0
3772.5 0 0 1.15562e-49 8.90171e-37 0
3775 0 0 1.50903e-49 5.8033e-37 0
3777.5 0 0 1.59406e-49 2.13634e-37 0
3780 0 0 1.36784e-49 3.75204e-37 0
3782.5 0 0 9.45898e-50 1.00055e-36 0
3785 0 0 5.2747e-50 1.33796e-36 0
3787.5 0 0 2.67498e-50 8.91743e-37 0
3790 0 0 1.95139e-50 1.90372e-37 0
3792.5 0 0 2.23785e-50 2.61094e-37 0
3795 0 0 2.39308e-50 1.30037e-36 0
3797.5 0 0 1.86838e-50 2.23201e-36 0
3800 0 0 9.59362e-51 1.92455e-36 0
3802.5 0 0 3.00096e-51 7.22933e-37 0
3805 0 0 2.32341e-51 3.27875e-37 0
3807.5 0 0 5.45378e-51 1.96141e-36 0
3810 0 0 7.53043e-51 4.92503e-36 0
3812.5 0 0 5.96025e-51 7.28633e-36 0
3815 0 0 2.27865e-51 7.84566e-36 0
3817.5 0 0 1.4122e-52 7.04505e-36 0
3820 0 0 1.45434e-51 5.97004e-36 0
3822.5 0 0 4.57236e-51 5.01245e-36 0
3825 0 0 6.10195e-51 3.89511e-36 0
3827.5 0 0 4.40054e-51 2.65952e-36 0
3830 0 0 1.37854e-51 1.93917e-36 0
3832.5 0 0 8.28066e-52 2.09912e-36 0
3835 0 0 4.67193e-51 2.57948e-36 0
3837.5 0 0 1.0968e-50 2.48317e-36 0
3840 0 0 1.5473e-50 1.64847e-36 0
3842.5 0 0 1.56609e-50 7.82538e-37 0
3845 0 0 1.3904e-50 5.4116e-37 0
3847.5 0 0 1.68289e-50 7.88215e-37 0
3850 0 0 3.10454e-50 9.00182e-37 0
3852.5 0 0 5.76998e-50 5.88042e-37 0
3855 0 0 8.94638e-50 1.74547e-37 0
3857.5 0 0 1.13204e-49 8.46689e-38 0
3860 0 0 1.17064e-49 2.87564e-37 0
3862.5 0 0 9.88075e-50 3.9252e-37 0
3865 0 0 6.74013e-50 2.13519e-37 0
3867.5 0 0 3.75956e-50 1.77668e-38 0
3870 0 0 2.02404e-50 1.13974e-37 0
3872.5 0 0 1.62776e-50 3.67531e-37 0
3875 0 0 1.8286e-50 3.87807e-37 0
3877.5 0 0 1.80611e-50 1.79774e-37 0
3880 0 0 1.28924e-50 2.67023e-37 0
3882.5 0 0 5.93833e-51 9.45178e-37 0
3885 0 0 1.7509e-51 1.67599e-36 0
3887.5 0 0 1.86479e-51 1.6761e-36 0
3890 0 0 4.0592e-51 1.13625e-36 0
3892.5 0 0 5.0844e-51 1.37951e-36 0
3895 0 0 3.67573e-51 3.42854e-36 0
3897.5 0 0 1.21159e-51 6.56672e-36 0
3900 0 0 2.42333e-53 8.71812e-36 0
3902.5 0 0 1.11925e-51 8.3674e-36 0
3905 0 0 3.28491e-51 5.91907e-36 0
3907.5 0 0 4.33563e-51 3.11172e-36 0
3910 0 0 3.21187e-51 1.33761e-36 0
3912.5 0 0 1.1502e-51 7.16066e-37 0
3915 0 0 8.28331e-52 5.85126e-37 0
3917.5 0 0 3.84994e-51 4.52221e-37 0
3920 0 0 8.99797e-51 2.94196e-37 0
3922.5 0 0 1.28681e-50 2.08451e-37 0
3925 0 0 1.3057e-50 1.4757e-37 0
3927.5 0 0 1.13514e-50 6.02657e-38 0
3930 0 0 1.35481e-50 5.49392e-38 0
3932.5 0 0 2.54377e-50 2.37961e-37 0
3935 0 0 4.72228e-50 4.72773e-37 0
3937.5 0 0 7.16849e-50 4.89638e-37 0
3940 0 0 8.7501e-50 2.61092e-37 0
3942.5 0 0 8.68028e-50 1.06579e-37 0
3945 0 0 7.00466e-50 3.0156e-37 0
3947.5 0 0 4.5861e-50 6.68206e-37 0
3950 0 0 2.51063e-50 7.40554e-37 0
3952.5 0 0 1.41998e-50 3.79019e-37 0
3955 0 0 1.2269e-50 4.3889e-38 0
3957.5 0 0 1.3629e-50 2.74804e-37 0
3960 0 0 1.30196e-50 9.52805e-37 0
3962.5 0 0 9.01801e-51 1.33285e-36 0
3965 0 0 4.07812e-51 9.44981e-37 0
3967.5 0 0 1.30819e-51 2.92447e-37 0
3970 0 0 1.63736e-51 3.9425e-37 0
3972.5 0 0 3.36529e-51 1.63083e-36 0
3975 0 0 4.04477e-51 3.27568e-36 0
3977.5 0 0 2.78618e-51 4.27033e-36 0
3980 0 0 7.98784e-52 4.26613e-36 0
3982.5 0 0 4.89531e-53 3.72376e-36 0
3985 0 0 1.17471e-51 3.15741e-36 0
3987.5 0 0 2.94496e-51 2.62009e-36 0
3990 0 0 3.46046e-51 1.98148e-36 0
3992.5 0 0 2.21078e-51 1.38663e-36 0
3995 0 0 6.87946e-52 1.15738e-36 0
3997.5 0 0 9.91538e-52 1.31852e-36 0
4000 0 0 3.79405e-51 1.47928e-36 0
4002.5 0 0 7.59045e-51 1.26972e-36 0
4005 0 0 9.91833e-51 7.63757e-37 0
4007.5 0 0 9.81043e-51 3.63018e-37 0
4010 0 0 9.10612e-51 3.1277e-37 0
4012.5 0 0 1.19005e-50 4.50651e-37 0
4015 0 0 2.15752e-50 4.54451e-37 0
4017.5 0 0 3.75916e-50 2.45673e-37 0
4020 0 0 5.46843e-50 4.83677e-38 0
4022.5 0 0 6.5087e-50 5.93084e-38 0
4025 0 0 6.34339e-50 1.85519e-37 0
4027.5 0 0 5.05099e-50 1.98254e-37 0
4030 0 0 3.27842e-50 7.30009e-38 0
4032.5 0 0 1.81722e-50 1.64643e-38 0
4035 0 0 1.10069e-50 1.35544e-37 0
4037.5 0 0 9.98164e-51 2.53884e-37 0
4040 0 0 1.07184e-50 1.89002e-37 0
4042.5 0 0 9.54721e-51 9.2251e-38 0
4045 0 0 6.10565e-51 2.8806e-37 0
4047.5 0 0 2.47956e-51 7.65037e-37 0
4050 0 0 7.90618e-52 1.06973e-36 0
4052.5 0 0 1.27008e-51 8.87132e-37 0
4055 0 0 2.46344e-51 6.03835e-37 0
4057.5 0 0 2.7457e-51 1.02527e-36 0
4060 0 0 1.72948e-51 2.44256e-36 0
4062.5 0 0 4.14701e-52 4.12986e-36 0
4065 0 0 3.89541e-53 4.92713e-36 0
4067.5 0 0 9.26622e-52 4.31096e-36 0
4070 0 0 2.18558e-51 2.80771e-36 0
4072.5 0 0 2.57077e-51 1.39389e-36 0
4075 0 0 1.71505e-51 6.27841e-37 0
4077.5 0 0 6.21182e-52 3.97451e-37 0
4080 0 0 8.80834e-52 3.32471e-37 0
4082.5 0 0 3.1726e-51 2.46129e-37 0
4085 0 0 6.35093e-51 1.63853e-37 0
4087.5 0 0 8.32438e-51 1.16202e-37 0
4090 0 0 8.02856e-51 6.88561e-38 0
4092.5 0 0 7.17638e-51 2.4473e-38 0
4095 0 0 9.41417e-51 5.54264e-38 0
4097.5 0 0 1.75365e-50 1.80549e-37 0
4100 0 0 3.0549e-50 2.83911e-37 0
4102.5 0 0 4.33269e-50 2.39641e-37 0
4105 0 0 4.96928e-50 9.88561e-38 0
4107.5 0 0 4.6456e-50 6.19151e-38 0
4110 0 0 3.54617e-50 2.21959e-37 0
4112.5 0 0 2.22421e-50 4.05532e-37 0
4115 0 0 1.22387e-50 3.6577e-37 0
4117.5 0 0 7.80171e-51 1.27084e-37 0
4120 0 0 7.41434e-51 1.31514e-38 0
4122.5 0 0 7.8881e-51 2.50884e-37 0
4125 0 0 6.89761e-51 6.33104e-37 0
4127.5 0 0 4.3019e-51 7.27657e-37 0
4130 0 0 1.70165e-51 4.30623e-37 0
4132.5 0 0 6.04977e-52 1.61867e-37 0
4135 0 0 1.12059e-51 4.12164e-37 0
4137.5 0 0 2.0794e-51 1.17994e-36 0
4140 0 0 2.20409e-51 1.97686e-36 0
4142.5 0 0 1.30006e-51 2.35298e-36 0
4145 0 0 2.42805e-52 2.28291e-36 0
4147.5 0 0 8.65441e-53 2.022e-36 0
4150 0 0 9.53945e-52 1.73697e-36 0
4152.5 0 0 1.93188e-51 1.40755e-36 0
4155 0 0 2.00775e-51 1.02624e-36 0
4157.5 0 0 1.13875e-51 7.29421e-37 0
4160 0 0 4.17018e-52 6.57671e-37 0
4162.5 0 0 9.6964e-52 7.51537e-37 0
4165 0 0 2.93085e-51 7.82979e-37 0
4167.5 0 0 5.20837e-51 6.05785e-37 0
4170 0 0 6.331e-51 3.18977e-37 0
4172.5 0 0 6.01766e-51 1.43332e-37 0
4175 0 0 5.74732e-51 1.60498e-37 0
4177.5 0 0 8.02622e-51 2.35206e-37 0
4180 0 0 1.44185e-50 2.04737e-37 0
4182.5 0 0 2.38445e-50 8.07718e-38 0
4185 0 0 3.27648e-50 5.06644e-39 0
4187.5 0 0 3.67714e-50 4.08518e-38 0
4190 0 0 3.38514e-50 9.711e-38 0
4192.5 0 0 2.54799e-50 7.83165e-38 0
4195 0 0 1.58648e-50 2.51306e-38 0
4197.5 0 0 8.90016e-51 3.72568e-38 0
4200 0 0 6.01387e-51 1.05747e-37 0
4202.5 0 0 5.90605e-51 1.23621e-37 0
4205 0 0 6.06443e-51 7.14973e-38 0
4207.5 0 0 4.99848e-51 8.86894e-38 0
4210 0 0 2.87321e-51 2.82559e-37 0
4212.5 0 0 1.01293e-51 5.27613e-37 0
4215 0 0 3.87152e-52 5.78809e-37 0
4217.5 0 0 8.78051e-52 4.17173e-37 0
4220 0 0 1.53875e-51 3.77926e-37 0
4222.5 0 0 1.52528e-51 8.24129e-37 0
4225 0 0 8.1794e-52 1.69504e-36 0
4227.5 0 0 1.18208e-52 2.4672e-36 0
4230 0 0 9.41437e-53 2.61331e-36 0
4232.5 0 0 7.63477e-52 2.07242e-36 0
4235 0 0 1.48251e-51 1.24975e-36 0
4237.5 0 0 1.5411e-51 6.05676e-37 0
4240 0 0 8.96963e-52 3.04089e-37 0
4242.5 0 0 3.53521e-52 2.23848e-37 0
4245 0 0 8.44581e-52 1.95014e-37 0
4247.5 0 0 2.50317e-51 1.53156e-37 0
4250 0 0 4.37949e-51 1.08933e-37 0
4252.5 0 0 5.20841e-51 6.86616e-38 0
4255 0 0 4.73563e-51 2.96556e-38 0
4257.5 0 0 4.38497e-51 1.46992e-38 0
4260 0 0 6.35342e-51 5.39422e-38 0
4262.5 0 0 1.17147e-50 1.25022e-37 0
4265 0 0 1.92118e-50 1.51841e-37 0
4267.5 0 0 2.55716e-50 9.55534e-38 0
4270 0 0 2.76465e-50 2.41278e-38 0
4272.5 0 0 2.44688e-50 4.2807e-38 0
4275 0 0 1.77623e-50 1.49888e-37 0
4277.5 0 0 1.07523e-50 2.15486e-37 0
4280 0 0 6.03839e-51 1.44541e-37 0
4282.5 0 0 4.33462e-51 2.20104e-38 0
4285 0 0 4.41263e-51 2.58035e-38 0
4287.5 0 0 4.51674e-51 1.95396e-37 0
4290 0 0 3.61781e-51 3.6083e-37 0
4292.5 0 0 2.02238e-51 3.45821e-37 0
4295 0 0 6.85036e-52 1.96049e-37 0
4297.5 0 0 3.21071e-52 1.4184e-37 0
4300 0 0 7.88501e-52 3.42793e-37 0
4302.5 0 0 1.30473e-51 7.23972e-37 0
4305 0 0 1.20268e-51 1.07525e-36 0
4307.5 0 0 5.83512e-52 1.25787e-36 0
4310 0 0 4.75657e-53 1.27794e-36 0
4312.5 0 0 1.44497e-52 1.1924e-36 0
4315 0 0 7.53989e-52 1.02087e-36 0
4317.5 0 0 1.25904e-51 7.72407e-37 0
4320 0 0 1.15141e-51 5.16487e-37 0
4322.5 0 0 5.77412e-52 3.63026e-37 0
4325 0 0 2.82942e-52 3.52548e-37 0
4327.5 0 0 8.54237e-52 3.98518e-37 0
4330 0 0 2.19373e-51 3.72355e-37 0
4332.5 0 0 3.48628e-51 2.41924e-37 0
4335 0 0 3.92776e-51 9.89779e-38 0
4337.5 0 0 3.57602e-51 4.37116e-38 0
4340 0 0 3.53084e-51 7.24139e-38 0
4342.5 0 0 5.28433e-51 9.97633e-38 0
4345 0 0 9.44768e-51 7.20259e-38 0
4347.5 0 0 1.49698e-50 2.02707e-38 0
4350 0 0 1.93608e-50 4.1371e-40 0
4352.5 0 0 2.05512e-50 1.71228e-38 0
4355 0 0 1.78326e-50 3.26285e-38 0
4357.5 0 0 1.27125e-50 2.98584e-38 0
4360 0 0 7.59415e-51 2.97367e-38 0
4362.5 0 0 4.35573e-51 4.45324e-38 0
4365 0 0 3.30952e-51 5.16367e-38 0
4367.5 0 0 3.46307e-51 3.74507e-38 0
4370 0 0 3.41168e-51 4.24125e-38 0
4372.5 0 0 2.57205e-51 1.18551e-37 0
4375 0 0 1.3108e-51 2.40176e-37 0
4377.5 0 0 3.81107e-52 3.03824e-37 0
4380 0 0 2.4083e-52 2.55849e-37 0
4382.5 0 0 6.38129e-52 1.98349e-37 0
4385 0 0 9.76716e-52 3.15731e-37 0
4387.5 0 0 8.44012e-52 6.71665e-37 0
4390 0 0 3.68751e-52 1.10332e-36 0
4392.5 0 0 1.76748e-53 1.3439e-36 0
4395 0 0 1.45486e-52 1.25037e-36 0
4397.5 0 0 6.30241e-52 9.06972e-37 0
4400 0 0 1.00156e-51 5.2406e-37 0
4402.5 0 0 8.8541e-52 2.63317e-37 0
4405 0 0 4.35617e-52 1.54129e-37 0
4407.5 0 0 2.28465e-52 1.35338e-37 0
4410 0 0 7.56268e-52 1.3753e-37 0
4412.5 0 0 1.88649e-51 1.24682e-37 0
4415 0 0 2.88461e-51 9.00414e-38 0
4417.5 0 0 3.10961e-51 4.50236e-38 0
4420 0 0 2.69464e-51 1.43506e-38 0
4422.5 0 0 2.69703e-51 2.0667e-38 0
4425 0 0 4.28324e-51 5.69867e-38 0
4427.5 0 0 7.71966e-51 8.24091e-38 0
4430 0 0 1.18921e-50 6.36598e-38 0
4432.5 0 0 1.49042e-50 1.92722e-38 0
4435 0 0 1.52149e-50 3.84903e-39 0
4437.5 0 0 1.27358e-50 3.99382e-38 0
4440 0 0 8.82342e-51 8.45669e-38 0
4442.5 0 0 5.16532e-51 8.10878e-38 0
4445 0 0 3.02003e-51 3.31772e-38 0
4447.5 0 0 2.46639e-51 4.08525e-39 0
4450 0 0 2.6514e-51 3.92038e-38 0
4452.5 0 0 2.56772e-51 1.11541e-37 0
4455 0 0 1.87022e-51 1.56512e-37 0
4457.5 0 0 8.98955e-52 1.48022e-37 0
4460 0 0 2.48671e-52 1.23961e-37 0
4462.5 0 0 2.20474e-52 1.42356e-37 0
4465 0 0 5.74991e-52 2.2964e-37 0
4467.5 0 0 8.03198e-52 3.73562e-37 0
4470 0 0 6.32157e-52 5.44831e-37 0
4472.5 0 0 2.30144e-52 7.04866e-37 0
4475 0 0 2.21474e-54 7.99678e-37 0
4477.5 0 0 1.72303e-52 7.75499e-37 0
4480 0 0 5.7122e-52 6.25293e-37 0
4482.5 0 0 7.94673e-52 4.15885e-37 0
4485 0 0 6.35774e-52 2.48905e-37 0
4487.5 0 0 2.85353e-52 1.8082e-37 0
4490 0 0 2.07702e-52 1.82097e-37 0
4492.5 0 0 7.00901e-52 1.79844e-37 0
4495 0 0 1.56596e-51 1.33553e-37 0
4497.5 0 0 2.26719e-51 6.41591e-38 0
4500 0 0 2.33512e-51 1.61137e-38 0
4502.5 0 0 2.03353e-51 7.01378e-39 0
4505 0 0 2.1254e-51 1.93423e-38 0
4507.5 0 0 3.48398e-51 2.87949e-38 0
4510 0 0 6.16754e-51 2.67217e-38 0
4512.5 0 0 9.24748e-51 1.71112e-38 0
4515 0 0 1.12913e-50 5.99518e-39 0
4517.5 0 0 1.1284e-50 9.71968e-40 0
4520 0 0 9.21921e-51 1.13796e-38 0
4522.5 0 0 6.17884e-51 3.57866e-38 0
4525 0 0 3.55279e-51 5.2747e-38 0
4527.5 0 0 2.15529e-51 4.04603e-38 0
4530 0 0 1.88518e-51 1.15595e-38 0
4532.5 0 0 2.02827e-51 1.23066e-38 0
4535 0 0 1.90166e-51 6.98873e-38 0
4537.5 0 0 1.30072e-51 1.4707e-37 0
4540 0 0 5.65425e-52 1.72972e-37 0
4542.5 0 0 1.46012e-52 1.28053e-37 0
4545 0 0 1.94597e-52 8.32497e-38 0
4547.5 0 0 4.83886e-52 1.36317e-37 0
4550 0 0 6.31512e-52 3.09988e-37 0
4552.5 0 0 4.58712e-52 5.2166e-37 0
4555 0 0 1.4343e-52 6.53079e-37 0
4557.5 0 0 5.81826e-55 6.43481e-37 0
4560 0 0 1.73408e-52 5.19339e-37 0
4562.5 0 0 4.979e-52 3.53511e-37 0
4565 0 0 6.43691e-52 2.1022e-37 0
4567.5 0 0 4.66372e-52 1.21944e-37 0
4570 0 0 1.82921e-52 9.40053e-38 0
4572.5 0 0 1.82367e-52 1.1009e-37 0
4575 0 0 6.41404e-52 1.34011e-37 0
4577.5 0 0 1.33474e-51 1.27702e-37 0
4580 0 0 1.793e-51 8.32724e-38 0
4582.5 0 0 1.75958e-51 3.46973e-38 0
4585 0 0 1.49921e-51 2.22552e-38 0
4587.5 0 0 1.68918e-51 4.54966e-38 0
4590 0 0 2.87982e-51 6.36398e-38 0
4592.5 0 0 4.98336e-51 4.70088e-38 0
4595 0 0 7.19896e-51 1.34486e-38 0
4597.5 0 0 8.50953e-51 1.64759e-39 0
4600 0 0 8.23368e-51 1.92017e-38 0
4602.5 0 0 6.54661e-51 3.61153e-38 0
4605 0 0 4.28593e-51 2.88388e-38 0
4607.5 0 0 2.46055e-51 1.08062e-38 0
4610 0 0 1.57852e-51 8.90149e-39 0
4612.5 0 0 1.47693e-51 2.45282e-38 0
4615 0 0 1.60566e-51 3.61641e-38 0
4617.5 0 0 1.44127e-51 3.69721e-38 0
4620 0 0 9.25377e-52 4.86038e-38 0
4622.5 0 0 3.56495e-52 8.70757e-38 0
4625 0 0 9.36103e-53 1.29761e-37 0
4627.5 0 0 1.83078e-52 1.39971e-37 0
4630 0 0 4.07146e-52 1.26171e-37 0
4632.5 0 0 4.68322e-52 1.53653e-37 0
4635 0 0 3.08913e-52 2.74745e-37 0
4637.5 0 0 7.66046e-53 4.51531e-37 0
4640 0 0 6.80798e-54 5.70257e-37 0
4642.5 0 0 1.68475e-52 5.45025e-37 0
4645 0 0 3.97971e-52 3.98733e-37 0
4647.5 0 0 4.75556e-52 2.34062e-37 0
4650 0 0 3.25324e-52 1.33465e-37 0
4652.5 0 0 1.30949e-52 9.89599e-38 0
4655 0 0 1.60248e-52 8.30267e-38 0
4657.5 0 0 5.40406e-52 5.49967e-38 0
4660 0 0 1.0817e-51 2.36009e-38 0
4662.5 0 0 1.41534e-51 6.91007e-39 0
4665 0 0 1.36064e-51 3.22938e-39 0
4667.5 0 0 1.14062e-51 8.94424e-40 0
4670 0 0 1.32321e-51 1.6458e-39 0
4672.5 0 0 2.31528e-51 1.58505e-38 0
4675 0 0 4.02278e-51 3.66232e-38 0
4677.5 0 0 5.67859e-51 3.95859e-38 0
4680 0 0 6.51981e-51 1.88997e-38 0
4682.5 0 0 6.08518e-51 6.01618e-39 0
4685 0 0 4.64075e-51 3.08438e-38 0
4687.5 0 0 2.90409e-51 7.24921e-38 0
4690 0 0 1.63274e-51 7.74225e-38 0
4692.5 0 0 1.11225e-51 3.44088e-38 0
4695 0 0 1.11225e-51 2.3132e-39 0
4697.5 0 0 1.19218e-51 3.93156e-38 0
4700 0 0 1.04102e-51 1.19781e-37 0
4702.5 0 0 6.30036e-52 1.54941e-37 0
4705 0 0 2.32601e-52 1.01686e-37 0
4707.5 0 0 7.13762e-53 2.51602e-38 0
4710 0 0 1.74978e-52 3.33619e-38 0
4712.5 0 0 3.44351e-52 1.5775e-37 0
4715 0 0 3.80052e-52 3.15839e-37 0
4717.5 0 0 2.30333e-52 3.93742e-37 0
4720 0 0 4.32353e-53 3.53076e-37 0
4722.5 0 0 1.54906e-53 2.50666e-37 0
4725 0 0 1.76673e-52 1.64376e-37 0
4727.5 0 0 3.57469e-52 1.19798e-37 0
4730 0 0 3.73223e-52 9.61886e-38 0
4732.5 0 0 2.11266e-52 8.16528e-38 0
4735 0 0 7.40468e-53 9.16187e-38 0
4737.5 0 0 1.73492e-52 1.29154e-37 0
4740 0 0 5.12864e-52 1.57566e-37 0
4742.5 0 0 8.88315e-52 1.38084e-37 0
4745 0 0 1.05389e-51 8.38278e-38 0
4747.5 0 0 9.62263e-52 4.83894e-38 0
4750 0 0 8.61554e-52 5.75544e-38 0
4752.5 0 0 1.12794e-51 7.84399e-38 0
4755 0 0 1.94395e-51 6.77562e-38 0
4757.5 0 0 3.15031e-51 3.11969e-38 0
4760 0 0 4.27757e-51 1.1762e-38 0
4762.5 0 0 4.75504e-51 2.71921e-38 0
4765 0 0 4.35393e-51 4.59834e-38 0
4767.5 0 0 3.27424e-51 3.45701e-38 0
4770 0 0 2.04376e-51 7.01084e-39 0
4772.5 0 0 1.19469e-51 5.32776e-39 0
4775 0 0 8.91192e-52 3.63479e-38 0
4777.5 0 0 9.38861e-52 5.66556e-38 0
4780 0 0 9.75301e-52 3.3941e-38 0
4782.5 0 0 7.73115e-52 2.48734e-39 0
4785 0 0 4.21096e-52 2.59877e-38 0
4787.5 0 0 1.30028e-52 1.0623e-37 0
4790 0 0 5.39441e-53 1.6329e-37 0
4792.5 0 0 1.57094e-52 1.30208e-37 0
4795 0 0 2.64396e-52 4.98575e-38 0
4797.5 0 0 2.549e-52 4.19586e-38 0
4800 0 0 1.28802e-52 1.68822e-37 0
4802.5 0 0 1.72799e-53 3.56353e-37 0
4805 0 0 2.04972e-53 4.63788e-37 0
4807.5 0 0 1.33078e-52 4.21608e-37 0
4810 0 0 2.56314e-52 2.84819e-37 0
4812.5 0 0 2.69043e-52 1.59206e-37 0
4815 0 0 1.59601e-52 9.61169e-38 0
4817.5 0 0 5.89021e-53 6.98695e-38 0
4820 0 0 1.30746e-52 4.03368e-38 0
4822.5 0 0 4.04222e-52 8.82136e-39 0
4825 0 0 7.23135e-52 1.05629e-39 0
4827.5 0 0 8.57476e-52 1.68054e-38 0
4830 0 0 7.61042e-52 2.63839e-38 0
4832.5 0 0 6.31014e-52 1.79429e-38 0
4835 0 0 8.34616e-52 1.78087e-38 0
4837.5 0 0 1.54876e-51 4.63206e-38 0
4840 0 0 2.58635e-51 7.73756e-38 0
4842.5 0 0 3.43865e-51 7.2018e-38 0
4845 0 0 3.66289e-51 4.14272e-38 0
4847.5 0 0 3.17585e-51 3.88373e-38 0
4850 0 0 2.23553e-51 8.19122e-38 0
4852.5 0 0 1.31977e-51 1.19008e-37 0
4855 0 0 7.62437e-52 9.73995e-38 0
4857.5 0 0 6.10657e-52 4.28035e-38 0
4860 0 0 6.69281e-52 3.39408e-38 0
4862.5 0 0 6.88996e-52 9.86301e-38 0
4865 0 0 5.49639e-52 1.67462e-37 0
4867.5 0 0 2.99208e-52 1.52966e-37 0
4870 0 0 9.74019e-53 6.1855e-38 0
4872.5 0 0 5.50905e-53 1.65238e-39 0
4875 0 0 1.52454e-52 6.46321e-38 0
4877.5 0 0 2.48954e-52 2.17437e-37 0
4880 0 0 2.23202e-52 3.26909e-37 0
4882.5 0 0 1.0459e-52 2.97935e-37 0
4885 0 0 6.22966e-54 1.6837e-37 0
4887.5 0 0 3.53172e-53 5.60389e-38 0
4890 0 0 1.60627e-52 2.94711e-38 0
4892.5 0 0 2.39734e-52 5.82656e-38 0
4895 0 0 1.96362e-52 8.37691e-38 0
4897.5 0 0 7.97734e-53 9.77246e-38 0
4900 0 0 4.07356e-53 1.2795e-37 0
4902.5 0 0 1.62251e-52 1.72285e-37 0
4905 0 0 3.78849e-52 1.89056e-37 0
4907.5 0 0 5.54092e-52 1.55928e-37 0
4910 0 0 5.77936e-52 1.06787e-37 0
4912.5 0 0 5.14279e-52 9.01446e-38 0
4915 0 0 5.27369e-52 1.06967e-37 0
4917.5 0 0 7.69312e-52 1.13616e-37 0
4920 0 0 1.2779e-51 8.48452e-38 0
4922.5 0 0 1.9431e-51 4.94156e-38 0
4925 0 0 2.45122e-51 4.86025e-38 0
4927.5 0 0 2.58351e-51 7.54212e-38 0
4930 0 0 2.26684e-51 8.2385e-38 0
4932.5 0 0 1.62512e-51 5.11988e-38 0
4935 0 0 9.82804e-52 2.44772e-38 0
4937.5 0 0 6.22078e-52 4.63098e-38 0
4940 0 0 5.39362e-52 9.19856e-38 0
4942.5 0 0 5.91265e-52 9.49197e-38 0
4945 0 0 5.64719e-52 4.37354e-38 0
4947.5 0 0 3.96094e-52 1.19595e-38 0
4950 0 0 1.68146e-52 6.52175e-38 0
4952.5 0 0 4.35855e-53 1.63792e-37 0
4955 0 0 4.55726e-53 1.97513e-37 0
4957.5 0 0 1.17635e-52 1.19982e-37 0
4960 0 0 1.56329e-52 1.71004e-38 0
4962.5 0 0 1.21152e-52 2.1444e-38 0
4965 0 0 4.86991e-53 1.67194e-37 0
4967.5 0 0 2.52884e-54 3.48905e-37 0
4970 0 0 2.48548e-53 4.27219e-37 0
4972.5 0 0 9.59956e-53 3.62648e-37 0
4975 0 0 1.60738e-52 2.3599e-37 0
4977.5 0 0 1.49213e-52 1.45167e-37 0
4980 0 0 7.65535e-53 1.08376e-37 0
4982.5 0 0 3.11633e-53 8.1087e-38 0
4985 0 0 1.00122e-52 4.12691e-38 0
4987.5 0 0 2.90212e-52 1.84986e-38 0
4990 0 0 4.76072e-52 3.57617e-38 0
4992.5 0 0 5.17585e-52 6.51896e-38 0
4995 0 0 4.16575e-52 6.83251e-38 0
4997.5 0 0 3.53448e-52 5.5365e-38 0
