0 0 0 0 0 0
2.5 0 0 1.31218e-50 1.90892e-37 0
5 0 0 1.02301e-49 3.94047e-36 0
7.5 0 0 1.02966e-49 1.0241e-35 0
10 0 0 4.07268e-51 2.40359e-37 0
12.5 0 0 4.73832e-49 6.76049e-35 0
15 0 0 1.22593e-48 3.70868e-34 0
17.5 0 0 7.38074e-49 5.15142e-34 0
20 0 0 2.52902e-50 6.12445e-35 0
22.5 0 0 2.22495e-48 7.47971e-34 0
25 0 0 5.26802e-48 4.63674e-33 0
27.5 0 0 3.32701e-48 6.99176e-33 0
30 0 0 1.20582e-51 1.49838e-33 0
32.5 0 0 5.94464e-48 7.63801e-33 0
35 0 0 1.62592e-47 7.97409e-32 0
37.5 0 0 1.262e-47 2.4771e-31 0
40 0 0 5.44431e-49 4.37157e-31 0
42.5 0 0 1.08589e-47 4.98448e-31 0
45 0 0 4.06093e-47 3.62656e-31 0
47.5 0 0 4.07951e-47 1.40704e-31 0
50 0 0 6.54827e-48 9.99101e-33 0
52.5 0 0 1.43232e-47 1.64632e-32 0
55 0 0 8.98077e-47 5.46029e-32 0
57.5 0 0 1.19857e-46 3.82265e-32 0
60 0 0 3.81367e-47 3.09338e-33 0
62.5 0 0 1.42883e-47 1.0393e-32 0
65 0 0 2.10146e-46 3.67547e-32 0
67.5 0 0 3.90481e-46 2.84236e-32 0
70 0 0 2.0156e-46 2.39306e-33 0
72.5 0 0 1.70479e-47 9.89605e-33 0
75 0 0 9.87209e-46 3.75002e-32 0
77.5 0 0 3.62637e-45 3.23192e-32 0
80 0 0 6.54785e-45 3.89396e-33 0
82.5 0 0 7.41157e-45 9.38846e-33 0
85 0 0 5.41362e-45 4.45713e-32 0
87.5 0 0 2.26493e-45 4.58411e-32 0
90 0 0 2.94454e-46 9.41446e-33 0
92.5 0 0 6.07244e-47 7.07065e-33 0
95 0 0 3.84732e-46 5.50588e-32 0
97.5 0 0 2.96072e-46 7.27055e-32 0
100 0 0 2.5777e-47 2.52397e-32 0
102.5 0 0 7.51576e-47 2.86055e-33 0
105 0 0 2.64348e-46 7.03526e-32 0
107.5 0 0 1.92754e-46 1.31973e-31 0
110 0 0 1.0429e-47 7.63129e-32 0
112.5 0 0 9.32249e-47 2.37793e-34 0
115 0 0 3.09565e-46 1.25402e-31 0
117.5 0 0 2.5675e-46 4.75562e-31 0
120 0 0 2.88901e-47 7.81957e-31 0
122.5 0 0 8.22606e-47 7.79295e-31 0
125 0 0 3.90158e-46 4.9916e-31 0
127.5 0 0 4.28578e-46 1.91925e-31 0
130 0 0 1.13534e-46 3.27519e-32 0
132.5 0 0 3.65423e-47 5.36397e-34 0
135 0 0 4.52121e-46 2.13807e-33 0
137.5 0 0 7.27183e-46 2.19112e-34 0
140 0 0 3.67685e-46 1.93623e-33 0
142.5 0 0 3.61853e-49 5.10902e-33 0
145 0 0 4.66511e-46 2.03351e-33 0
147.5 0 0 1.27681e-45 4.88771e-34 0
150 0 0 1.12852e-45 7.81086e-33 0
152.5 0 0 1.60704e-46 1.32859e-32 0
155 0 0 5.15571e-46 7.11646e-33 0
157.5 0 0 3.75219e-45 1.19965e-34 0
160 0 0 8.30533e-45 5.9502e-33 0
162.5 0 0 1.06328e-44 1.685e-32 0
165 0 0 8.92551e-45 1.5695e-32 0
167.5 0 0 4.85446e-45 4.18605e-33 0
170 0 0 1.46046e-45 7.90302e-34 0
172.5 0 0 1.17112e-46 1.22338e-32 0
175 0 0 4.6165e-47 2.28938e-32 0
177.5 0 0 9.67772e-47 1.73324e-32 0
180 0 0 1.36968e-47 3.14764e-33 0
182.5 0 0 2.59775e-47 2.59703e-33 0
185 0 0 1.01569e-46 2.31285e-32 0
187.5 0 0 6.34932e-47 4.33396e-32 0
190 0 0 1.71004e-49 3.53097e-32 0
192.5 0 0 9.25709e-47 6.02597e-33 0
195 0 0 2.26998e-46 1.43706e-32 0
197.5 0 0 1.69002e-46 1.31146e-31 0
200 0 0 1.41637e-47 3.60773e-31 0
202.5 0 0 7.42081e-47 5.98666e-31 0
205 0 0 3.26857e-46 6.90944e-31 0
207.5 0 0 3.86384e-46 5.66339e-31 0
210 0 0 1.38703e-46 3.10984e-31 0
212.5 0 0 7.57117e-48 9.24077e-32 0
215 0 0 3.07585e-46 5.24622e-33 0
217.5 0 0 6.58691e-46 9.83334e-33 0
220 0 0 5.05655e-46 1.96793e-32 0
222.5 0 0 6.59399e-47 7.5349e-33 0
225 0 0 1.52135e-46 1.56816e-34 0
227.5 0 0 9.04697e-46 7.31686e-33 0
230 0 0 1.33408e-45 8.89367e-33 0
232.5 0 0 6.99088e-46 1.13843e-33 0
235 0 0 9.33812e-48 3.64183e-33 0
237.5 0 0 1.289e-45 1.61811e-32 0
240 0 0 5.05085e-45 1.51021e-32 0
242.5 0 0 9.09111e-45 1.71554e-33 0
245 0 0 1.03984e-44 6.72393e-33 0
247.5 0 0 8.128e-45 3.1199e-32 0
250 0 0 4.23813e-45 3.48945e-32 0
252.5 0 0 1.28156e-45 8.97235e-33 0
255 0 0 1.37452e-46 4.19131e-33 0
257.5 0 0 2.49249e-47 4.4786e-32 0
260 0 0 3.88663e-47 7.16961e-32 0
262.5 0 0 7.21378e-49 3.63081e-32 0
265 0 0 3.32096e-47 1.00304e-34 0
267.5 0 0 6.55004e-47 4.79016e-32 0
270 0 0 1.61658e-47 1.30995e-31 0
272.5 0 0 2.28809e-47 1.1816e-31 0
275 0 0 1.68485e-46 2.04934e-32 0
277.5 0 0 2.48017e-46 3.75096e-32 0
280 0 0 1.10544e-46 2.99521e-31 0
282.5 0 0 1.99767e-48 6.50706e-31 0
285 0 0 2.00945e-46 7.96605e-31 0
287.5 0 0 4.80964e-46 6.32693e-31 0
290 0 0 3.9775e-46 3.29044e-31 0
292.5 0 0 6.40262e-47 1.04079e-31 0
295 0 0 8.77025e-47 1.71977e-32 0
297.5 0 0 5.89497e-46 1.6509e-33 0
300 0 0 8.6597e-46 6.78878e-34 0
302.5 0 0 4.49202e-46 4.85831e-33 0
305 0 0 4.43315e-48 8.89122e-33 0
307.5 0 0 4.51348e-46 3.87298e-33 0
310 0 0 1.41578e-45 4.68662e-34 0
312.5 0 0 1.51513e-45 1.31231e-32 0
315 0 0 4.80527e-46 2.77596e-32 0
317.5 0 0 1.23429e-46 2.07933e-32 0
320 0 0 2.34248e-45 2.66565e-33 0
322.5 0 0 6.47637e-45 5.68779e-33 0
325 0 0 9.53415e-45 3.01013e-32 0
327.5 0 0 9.22488e-45 3.96193e-32 0
330 0 0 6.14734e-45 1.88043e-32 0
332.5 0 0 2.7509e-45 2.79908e-34 0
335 0 0 7.57962e-46 1.54851e-32 0
337.5 0 0 1.1974e-46 4.47619e-32 0
340 0 0 2.01933e-47 4.51584e-32 0
342.5 0 0 1.22616e-47 1.53029e-32 0
345 0 0 4.47498e-47 5.21757e-34 0
347.5 0 0 5.8059e-47 2.89802e-32 0
350 0 0 1.07381e-47 6.85673e-32 0
352.5 0 0 3.40958e-47 6.62084e-32 0
355 0 0 2.03431e-46 2.16601e-32 0
357.5 0 0 3.12042e-46 3.20825e-33 0
360 0 0 1.73197e-46 8.21986e-32 0
362.5 0 0 3.50408e-48 2.5526e-31 0
365 0 0 1.46896e-46 4.3438e-31 0
367.5 0 0 4.80892e-46 5.14327e-31 0
370 0 0 5.18535e-46 4.54054e-31 0
372.5 0 0 1.78261e-46 3.01185e-31 0
375 0 0 9.8311e-48 1.44931e-31 0
377.5 0 0 3.84354e-46 4.65126e-32 0
380 0 0 8.35983e-46 9.048e-33 0
382.5 0 0 6.85612e-46 2.02819e-33 0
385 0 0 1.32477e-46 9.73642e-34 0
387.5 0 0 1.01099e-46 2.12709e-34 0
390 0 0 8.74263e-46 6.2772e-34 0
392.5 0 0 1.4925e-45 1.18745e-33 0
395 0 0 1.023e-45 2.33432e-33 0
397.5 0 0 1.05416e-46 5.51061e-33 0
400 0 0 5.20857e-46 7.14475e-33 0
402.5 0 0 3.05846e-45 3.31867e-33 0
405 0 0 6.3058e-45 9.32411e-34 0
407.5 0 0 7.93025e-45 1.01363e-32 0
410 0 0 6.94575e-45 2.3224e-32 0
412.5 0 0 4.39985e-45 2.02709e-32 0
415 0 0 2.02435e-45 3.92852e-33 0
417.5 0 0 6.8777e-46 4.74638e-33 0
420 0 0 1.9791e-46 3.33114e-32 0
422.5 0 0 7.05227e-47 5.23338e-32 0
425 0 0 4.82654e-47 2.98591e-32 0
427.5 0 0 4.1996e-47 8.26215e-34 0
430 0 0 1.22524e-47 2.52656e-32 0
432.5 0 0 1.50266e-47 8.76097e-32 0
435 0 0 1.32517e-46 1.00493e-31 0
437.5 0 0 2.74406e-46 3.71841e-32 0
440 0 0 2.39828e-46 3.70142e-33 0
442.5 0 0 5.55661e-47 1.18857e-31 0
445 0 0 2.71436e-47 3.46832e-31 0
447.5 0 0 2.89879e-46 5.13901e-31 0
450 0 0 5.20229e-46 4.95264e-31 0
452.5 0 0 3.68982e-46 3.33505e-31 0
455 0 0 4.69258e-47 1.61006e-31 0
457.5 0 0 9.6577e-47 5.82793e-32 0
460 0 0 5.60691e-46 1.88267e-32 0
462.5 0 0 8.12487e-46 9.02414e-33 0
465 0 0 4.5506e-46 9.54599e-33 0
467.5 0 0 1.80816e-47 9.31795e-33 0
470 0 0 2.85379e-46 3.02785e-33 0
472.5 0 0 1.0833e-45 7.3117e-34 0
475 0 0 1.35467e-45 1.38124e-32 0
477.5 0 0 6.46526e-46 2.97373e-32 0
480 0 0 1.54155e-47 2.52161e-32 0
482.5 0 0 9.31806e-46 5.58786e-33 0
485 0 0 3.4282e-45 2.82047e-33 0
487.5 0 0 5.83431e-45 2.61477e-32 0
490 0 0 6.44728e-45 4.31591e-32 0
492.5 0 0 5.11577e-45 2.77465e-32 0
495 0 0 3.04553e-45 2.87267e-33 0
497.5 0 0 1.42549e-45 8.25344e-33 0
500 0 0 5.85067e-46 3.92766e-32 0
502.5 0 0 2.58827e-46 5.1402e-32 0
505 0 0 1.50163e-46 2.6167e-32 0
507.5 0 0 1.01218e-46 7.53275e-34 0
510 0 0 3.95177e-47 1.58645e-32 0
512.5 0 0 2.95615e-48 5.61814e-32 0
515 0 0 9.78528e-47 6.86136e-32 0
517.5 0 0 2.86127e-46 3.4731e-32 0
520 0 0 3.39533e-46 1.35898e-33 0
522.5 0 0 1.58996e-46 3.06738e-32 0
525 0 0 1.46698e-48 1.31664e-31 0
527.5 0 0 1.55743e-46 2.49658e-31 0
530 0 0 4.70352e-46 3.16885e-31 0
532.5 0 0 5.05496e-46 3.05409e-31 0
535 0 0 1.90807e-46 2.36454e-31 0
537.5 0 0 2.50437e-48 1.52074e-31 0
540 0 0 2.91144e-46 8.36042e-32 0
542.5 0 0 7.07838e-46 4.02142e-32 0
545 0 0 6.54385e-46 1.64257e-32 0
547.5 0 0 1.87409e-46 4.44988e-33 0
550 0 0 2.63487e-47 1.2203e-34 0
552.5 0 0 5.39464e-46 1.5207e-33 0
555 0 0 1.12606e-45 6.05253e-33 0
557.5 0 0 9.73997e-46 1.00234e-32 0
560 0 0 2.52358e-46 1.01456e-32 0
562.5 0 0 9.54096e-47 5.82067e-33 0
565 0 0 1.28933e-45 1.2251e-33 0
567.5 0 0 3.28006e-45 3.17945e-33 0
570 0 0 4.69702e-45 1.26937e-32 0
572.5 0 0 4.69495e-45 1.98084e-32 0
575 0 0 3.5708e-45 1.42247e-32 0
577.5 0 0 2.19952e-45 2.48917e-33 0
580 0 0 1.1883e-45 4.06422e-33 0
582.5 0 0 6.26462e-46 2.32403e-32 0
585 0 0 3.51334e-46 3.65108e-32 0
587.5 0 0 2.01098e-46 2.33693e-32 0
590 0 0 8.42467e-47 2.03948e-33 0
592.5 0 0 5.38083e-48 1.0487e-32 0
595 0 0 4.53953e-47 4.88259e-32 0
597.5 0 0 2.13128e-46 6.85921e-32 0
600 0 0 3.39155e-46 3.86756e-32 0
602.5 0 0 2.50764e-46 1.63901e-33 0
605 0 0 4.82382e-47 3.26704e-32 0
607.5 0 0 3.0711e-47 1.44858e-31 0
610 0 0 2.76733e-46 2.6393e-31 0
612.5 0 0 4.7585e-46 3.05417e-31 0
615 0 0 3.40111e-46 2.55573e-31 0
617.5 0 0 5.34086e-47 1.65844e-31 0
620 0 0 5.78517e-47 8.96632e-32 0
622.5 0 0 4.09552e-46 4.50966e-32 0
625 0 0 6.41923e-46 2.53087e-32 0
627.5 0 0 4.12943e-46 1.78914e-32 0
630 0 0 4.39942e-47 1.16984e-32 0
632.5 0 0 1.20505e-46 3.09829e-33 0
635 0 0 6.46687e-46 6.64766e-34 0
637.5 0 0 9.59491e-46 1.22648e-32 0
640 0 0 6.11767e-46 2.70224e-32 0
642.5 0 0 6.79424e-47 2.50391e-32 0
645 0 0 2.41569e-46 7.79432e-33 0
647.5 0 0 1.41671e-45 9.38381e-34 0
650 0 0 2.88149e-45 1.75352e-32 0
652.5 0 0 3.6618e-45 3.554e-32 0
655 0 0 3.41872e-45 2.84733e-32 0
657.5 0 0 2.55523e-45 6.27965e-33 0
660 0 0 1.65409e-45 2.6736e-33 0
662.5 0 0 1.01208e-45 2.49413e-32 0
665 0 0 6.27881e-46 4.15787e-32 0
667.5 0 0 3.91844e-46 2.8127e-32 0
670 0 0 2.07568e-46 3.93356e-33 0
672.5 0 0 5.33145e-47 5.16841e-33 0
675 0 0 3.67636e-48 3.29365e-32 0
677.5 0 0 1.23949e-46 5.07718e-32 0
680 0 0 3.09757e-46 3.44682e-32 0
682.5 0 0 3.38511e-46 5.66505e-33 0
685 0 0 1.55975e-46 6.74099e-33 0
687.5 0 0 2.46713e-48 5.27183e-32 0
690 0 0 1.15159e-46 1.18066e-31 0
692.5 0 0 3.72027e-46 1.65438e-31 0
695 0 0 4.22916e-46 1.77061e-31 0
697.5 0 0 1.86168e-46 1.59494e-31 0
700 0 0 1.09918e-48 1.2872e-31 0
702.5 0 0 1.62995e-46 9.63993e-32 0
705 0 0 4.77973e-46 6.64779e-32 0
707.5 0 0 5.08083e-46 3.91488e-32 0
710 0 0 2.00628e-46 1.6181e-32 0
712.5 0 0 8.98381e-49 2.33717e-33 0
715 0 0 2.44705e-46 8.97242e-34 0
717.5 0 0 6.61551e-46 8.18379e-33 0
720 0 0 7.05542e-46 1.47489e-32 0
722.5 0 0 3.00322e-46 1.3498e-32 0
725 0 0 7.50882e-48 6.12624e-33 0
727.5 0 0 3.88133e-46 7.76471e-34 0
730 0 0 1.35944e-45 3.39417e-33 0
732.5 0 0 2.29525e-45 1.13328e-32 0
735 0 0 2.66047e-45 1.56053e-32 0
737.5 0 0 2.41839e-45 1.06767e-32 0
740 0 0 1.88259e-45 2.25416e-33 0
742.5 0 0 1.35342e-45 2.24625e-33 0
745 0 0 9.47056e-46 1.33903e-32 0
747.5 0 0 6.44397e-46 2.27583e-32 0
750 0 0 3.87951e-46 1.71586e-32 0
752.5 0 0 1.57015e-46 3.34176e-33 0
755 0 0 1.20717e-47 2.68205e-33 0
757.5 0 0 4.07367e-47 2.18046e-32 0
760 0 0 2.11946e-46 3.89411e-32 0
762.5 0 0 3.33882e-46 3.05357e-32 0
765 0 0 2.49848e-46 6.43087e-33 0
767.5 0 0 5.73204e-47 4.36464e-33 0
770 0 0 1.42204e-47 4.65227e-32 0
772.5 0 0 1.9574e-46 1.12166e-31 0
775 0 0 3.66355e-46 1.58941e-31 0
777.5 0 0 2.88482e-46 1.63404e-31 0
780 0 0 6.55364e-47 1.34374e-31 0
782.5 0 0 1.84174e-47 9.47016e-32 0
785 0 0 2.35493e-46 6.11556e-32 0
787.5 0 0 4.28724e-46 3.93095e-32 0
790 0 0 3.26467e-46 2.63226e-32 0
792.5 0 0 6.73856e-47 1.55377e-32 0
795 0 0 2.89173e-47 4.59917e-33 0
797.5 0 0 3.06048e-46 1.76403e-34 0
800 0 0 5.58623e-46 8.48365e-33 0
802.5 0 0 4.53238e-46 2.15105e-32 0
805 0 0 1.19852e-46 2.26676e-32 0
807.5 0 0 2.78607e-47 9.57379e-33 0
810 0 0 4.4988e-46 4.28864e-34 0
812.5 0 0 1.17481e-45 9.41861e-33 0
815 0 0 1.75726e-45 2.48118e-32 0
817.5 0 0 1.93721e-45 2.45049e-32 0
820 0 0 1.77171e-45 8.6725e-33 0
822.5 0 0 1.45948e-45 5.97295e-34 0
825 0 0 1.14498e-45 1.26719e-32 0
827.5 0 0 8.67343e-46 2.76868e-32 0
830 0 0 6.03155e-46 2.38052e-32 0
832.5 0 0 3.31142e-46 6.5518e-33 0
835 0 0 9.48454e-47 8.54489e-34 0
837.5 0 0 2.38673e-49 1.53292e-32 0
840 0 0 9.78811e-47 3.04545e-32 0
842.5 0 0 2.68014e-46 2.59919e-32 0
845 0 0 3.04365e-46 8.01775e-33 0
847.5 0 0 1.55089e-46 4.96263e-34 0
850 0 0 8.53177e-48 1.65878e-32 0
852.5 0 0 6.0754e-47 4.69995e-32 0
855 0 0 2.45978e-46 7.39791e-32 0
857.5 0 0 3.12036e-46 8.84403e-32 0
860 0 0 1.65021e-46 9.24057e-32 0
862.5 0 0 8.82447e-48 9.10489e-32 0
865 0 0 6.76124e-47 8.6054e-32 0
867.5 0 0 2.68493e-46 7.48548e-32 0
870 0 0 3.3541e-46 5.47631e-32 0
872.5 0 0 1.73443e-46 2.88781e-32 0
875 0 0 8.04191e-48 7.44565e-33 0
877.5 0 0 8.01745e-47 2.26538e-34 0
880 0 0 3.1465e-46 6.35645e-33 0
882.5 0 0 4.13599e-46 1.43648e-32 0
885 0 0 2.47254e-46 1.40321e-32 0
887.5 0 0 2.93638e-47 6.43192e-33 0
890 0 0 7.0773e-47 6.02844e-34 0
892.5 0 0 4.41106e-46 2.19324e-33 0
895 0 0 9.28957e-46 7.93831e-33 0
897.5 0 0 1.27965e-45 1.06608e-32 0
900 0 0 1.39798e-45 7.37576e-33 0
902.5 0 0 1.3408e-45 2.00287e-33 0
905 0 0 1.19851e-45 9.74818e-34 0
907.5 0 0 1.01783e-45 6.11003e-33 0
910 0 0 7.97997e-46 1.17839e-32 0
912.5 0 0 5.27581e-46 1.07824e-32 0
915 0 0 2.39524e-46 3.78926e-33 0
917.5 0 0 3.6146e-47 2.89433e-34 0
920 0 0 1.76102e-47 7.01243e-33 0
922.5 0 0 1.54505e-46 1.76049e-32 0
925 0 0 2.72446e-46 1.89805e-32 0
927.5 0 0 2.24795e-46 8.55173e-33 0
930 0 0 6.88769e-47 1.14925e-34 0
932.5 0 0 1.6627e-48 9.55135e-33 0
935 0 0 1.06559e-46 3.75883e-32 0
937.5 0 0 2.38876e-46 6.9584e-32 0
940 0 0 2.17126e-46 8.97373e-32 0
942.5 0 0 7.05979e-47 9.21165e-32 0
945 0 0 1.33957e-48 8.03542e-32 0
947.5 0 0 1.06211e-46 6.21517e-32 0
950 0 0 2.41832e-46 4.46028e-32 0
952.5 0 0 2.21556e-46 3.06266e-32 0
955 0 0 7.29575e-47 1.84361e-32 0
957.5 0 0 1.30484e-48 6.81321e-33 0
960 0 0 1.11644e-46 2.49758e-34 0
962.5 0 0 2.68051e-46 4.13585e-33 0
965 0 0 2.72542e-46 1.43309e-32 0
967.5 0 0 1.1935e-46 1.82216e-32 0
970 0 0 3.12153e-48 1.03312e-32 0
972.5 0 0 9.65055e-47 1.18853e-33 0
975 0 0 3.82547e-46 3.74608e-33 0
977.5 0 0 7.07978e-46 1.46491e-32 0
980 0 0 9.41381e-46 1.83043e-32 0
982.5 0 0 1.0499e-45 9.37849e-33 0
985 0 0 1.06277e-45 8.43809e-34 0
987.5 0 0 1.00937e-45 5.06261e-33 0
990 0 0 8.91589e-46 1.56852e-32 0
992.5 0 0 6.93123e-46 1.7143e-32 0
995 0 0 4.20837e-46 7.37494e-33 0
997.5 0 0 1.50765e-46 3.53707e-34 0
1000 0 0 7.53342e-48 5.69171e-33 0
1002.5 0 0 5.1623e-47 1.55643e-32 0
1005 0 0 1.88216e-46 1.64941e-32 0
1007.5 0 0 2.41163e-46 7.53128e-33 0
1010 0 0 1.44467e-46 2.61505e-34 0
1012.5 0 0 1.9619e-47 3.79379e-33 0
1015 0 0 2.08615e-47 1.59709e-32 0
1017.5 0 0 1.35213e-46 2.90039e-32 0
1020 0 0 2.02085e-46 3.86202e-32 0
1022.5 0 0 1.30225e-46 4.61134e-32 0
1025 0 0 1.88221e-47 5.42676e-32 0
1027.5 0 0 1.84101e-47 6.2723e-32 0
1030 0 0 1.25037e-46 6.62112e-32 0
1032.5 0 0 1.89819e-46 5.79108e-32 0
1035 0 0 1.24757e-46 3.71696e-32 0
1037.5 0 0 1.94166e-47 1.38263e-32 0
1040 0 0 1.57879e-47 1.26511e-33 0
1042.5 0 0 1.19774e-46 3.39204e-33 0
1045 0 0 1.99222e-46 1.09176e-32 0
1047.5 0 0 1.56609e-46 1.23666e-32 0
1050 0 0 4.59818e-47 6.39667e-33 0
1052.5 0 0 3.21768e-48 7.1338e-34 0
1055 0 0 1.0109e-46 9.71195e-34 0
1057.5 0 0 3.00368e-46 4.77149e-33 0
1060 0 0 5.16148e-46 6.52023e-33 0
1062.5 0 0 6.92614e-46 4.47897e-33 0
1065 0 0 8.15209e-46 1.42074e-33 0
1067.5 0 0 8.82134e-46 5.11896e-34 0
1070 0 0 8.80066e-46 2.31984e-33 0
1072.5 0 0 7.82203e-46 4.84242e-33 0
1075 0 0 5.74602e-46 5.34023e-33 0
1077.5 0 0 3.01044e-46 2.98224e-33 0
1080 0 0 7.44086e-47 3.81459e-34 0
1082.5 0 0 3.94815e-48 1.27301e-33 0
1085 0 0 8.56017e-47 5.70424e-33 0
1087.5 0 0 1.87219e-46 8.94954e-33 0
1090 0 0 1.78915e-46 6.89087e-33 0
1092.5 0 0 7.3336e-47 1.70757e-33 0
1095 0 0 1.18571e-48 4.78266e-34 0
1097.5 0 0 4.34699e-47 8.31572e-33 0
1100 0 0 1.31427e-46 2.40131e-32 0
1102.5 0 0 1.42671e-46 4.16541e-32 0
1105 0 0 6.35505e-47 5.46201e-32 0
1107.5 0 0 1.34117e-48 5.8542e-32 0
1110 0 0 3.56264e-47 5.30916e-32 0
1112.5 0 0 1.13807e-46 4.20072e-32 0
1115 0 0 1.27845e-46 2.99322e-32 0
1117.5 0 0 6.02601e-47 1.87315e-32 0
1120 0 0 2.09778e-48 8.40393e-33 0
1122.5 0 0 2.83574e-47 1.2198e-33 0
1125 0 0 1.03408e-46 1.19764e-33 0
1127.5 0 0 1.33418e-46 7.56378e-33 0
1130 0 0 8.42504e-47 1.24593e-32 0
1132.5 0 0 1.55053e-47 9.45179e-33 0
1135 0 0 8.15688e-48 2.45241e-33 0
1137.5 0 0 8.91823e-47 1.018e-33 0
1140 0 0 2.29508e-46 7.00563e-33 0
1142.5 0 0 3.87548e-46 1.17099e-32 0
1145 0 0 5.36782e-46 8.3568e-33 0
1147.5 0 0 6.61938e-46 1.89338e-33 0
1150 0 0 7.4434e-46 1.57893e-33 0
1152.5 0 0 7.53021e-46 7.4546e-33 0
1155 0 0 6.53714e-46 1.06707e-32 0
1157.5 0 0 4.45261e-46 6.61217e-33 0
1160 0 0 1.97657e-46 1.15966e-33 0
1162.5 0 0 3.06016e-47 1.67794e-33 0
1165 0 0 1.76993e-47 6.798e-33 0
1167.5 0 0 1.07069e-46 9.19607e-33 0
1170 0 0 1.65955e-46 5.83121e-33 0
1172.5 0 0 1.20377e-46 1.086e-33 0
1175 0 0 2.99005e-47 4.22591e-34 0
1177.5 0 0 3.28084e-48 4.54317e-33 0
1180 0 0 5.99594e-47 1.04036e-32 0
1182.5 0 0 1.13189e-46 1.5542e-32 0
1185 0 0 8.99108e-47 2.04036e-32 0
1187.5 0 0 2.38074e-47 2.74592e-32 0
1190 0 0 2.04217e-48 3.79356e-32 0
1192.5 0 0 4.65551e-47 4.81513e-32 0
1195 0 0 9.1045e-47 5.00751e-32 0
1197.5 0 0 7.52324e-47 3.8624e-32 0
1200 0 0 2.2194e-47 1.90621e-32 0
1202.5 0 0 6.98247e-49 4.09269e-33 0
1205 0 0 3.41626e-47 1.5381e-33 0
1207.5 0 0 7.72921e-47 6.80392e-33 0
1210 0 0 7.84987e-47 9.57745e-33 0
1212.5 0 0 3.9085e-47 6.00038e-33 0
1215 0 0 3.63478e-48 1.09192e-33 0
1217.5 0 0 1.12323e-47 2.52595e-34 0
1220 0 0 6.98774e-47 2.58963e-33 0
1222.5 0 0 1.67706e-46 3.83036e-33 0
1225 0 0 2.90898e-46 2.5194e-33 0
1227.5 0 0 4.2688e-46 7.40747e-34 0
1230 0 0 5.56499e-46 3.2197e-34 0
1232.5 0 0 6.45588e-46 9.44047e-34 0
1235 0 0 6.47588e-46 1.60443e-33 0
1237.5 0 0 5.30656e-46 1.87399e-33 0
1240 0 0 3.20553e-46 1.56097e-33 0
1242.5 0 0 1.12e-46 6.90533e-34 0
1245 0 0 9.29761e-48 1.31258e-34 0
1247.5 0 0 3.53754e-47 9.69683e-34 0
1250 0 0 1.08101e-46 2.80794e-33 0
1252.5 0 0 1.24597e-46 3.71216e-33 0
1255 0 0 6.68606e-47 2.48003e-33 0
1257.5 0 0 7.46091e-48 4.13545e-34 0
1260 0 0 1.17455e-47 5.21334e-34 0
1262.5 0 0 5.96608e-47 5.34703e-33 0
1265 0 0 8.06238e-47 1.52627e-32 0
1267.5 0 0 4.75847e-47 2.76375e-32 0
1270 0 0 6.00143e-48 3.7433e-32 0
1272.5 0 0 7.50349e-48 4.01163e-32 0
1275 0 0 4.31228e-47 3.51452e-32 0
1277.5 0 0 6.15907e-47 2.60444e-32 0
1280 0 0 3.93204e-47 1.66521e-32 0
1282.5 0 0 6.69064e-48 8.48248e-33 0
1285 0 0 3.55642e-48 2.33946e-33 0
1287.5 0 0 2.97839e-47 2.10031e-34 0
1290 0 0 5.15313e-47 2.90962e-33 0
1292.5 0 0 4.48758e-47 6.93442e-33 0
1295 0 0 1.90483e-47 7.15007e-33 0
1297.5 0 0 8.58952e-49 3.2503e-33 0
1300 0 0 1.02873e-47 5.02268e-34 0
1302.5 0 0 5.38039e-47 2.54729e-33 0
1305 0 0 1.30443e-46 6.22732e-33 0
1307.5 0 0 2.35407e-46 6.1902e-33 0
1310 0 0 3.5763e-46 2.61839e-33 0
1312.5 0 0 4.74336e-46 7.02865e-34 0
1315 0 0 5.46874e-46 2.91454e-33 0
1317.5 0 0 5.30118e-46 5.68088e-33 0
1320 0 0 4.05647e-46 4.94385e-33 0
1322.5 0 0 2.17108e-46 1.87222e-33 0
1325 0 0 5.92545e-47 6.64424e-34 0
1327.5 0 0 7.17616e-48 2.5154e-33 0
1330 0 0 4.84409e-47 4.51065e-33 0
1332.5 0 0 9.78666e-47 3.98848e-33 0
1335 0 0 8.77916e-47 1.66351e-33 0
1337.5 0 0 3.37359e-47 1.36414e-34 0
1340 0 0 1.2082e-48 9.30715e-34 0
1342.5 0 0 1.9991e-47 3.52935e-33 0
1345 0 0 5.34293e-47 6.40889e-33 0
1347.5 0 0 5.34095e-47 8.82828e-33 0
1350 0 0 2.18474e-47 1.22125e-32 0
1352.5 0 0 6.34043e-49 1.90984e-32 0
1355 0 0 1.26714e-47 2.90945e-32 0
1357.5 0 0 3.58111e-47 3.63351e-32 0
1360 0 0 3.7608e-47 3.37529e-32 0
1362.5 0 0 1.72155e-47 2.12399e-32 0
1365 0 0 9.71379e-49 7.48208e-33 0
1367.5 0 0 6.01956e-48 1.52457e-33 0
1370 0 0 2.24842e-47 3.61581e-33 0
1372.5 0 0 3.0414e-47 6.56708e-33 0
1375 0 0 2.27784e-47 5.23128e-33 0
1377.5 0 0 8.36968e-48 1.57825e-33 0
1380 0 0 3.87929e-49 6.67259e-35 0
1382.5 0 0 8.76249e-48 1.27383e-33 0
1385 0 0 4.04835e-47 2.28966e-33 0
1387.5 0 0 1.00953e-46 1.52515e-33 0
1390 0 0 1.91817e-46 3.18745e-34 0
1392.5 0 0 3.04599e-46 1.33198e-34 0
1395 0 0 4.11962e-46 5.53483e-34 0
1397.5 0 0 4.67403e-46 6.12208e-34 0
1400 0 0 4.28434e-46 3.97578e-34 0
1402.5 0 0 2.96487e-46 4.33323e-34 0
1405 0 0 1.34112e-46 5.4539e-34 0
1407.5 0 0 2.64607e-47 3.12296e-34 0
1410 0 0 1.18734e-47 2.81099e-35 0
1412.5 0 0 5.16577e-47 3.4594e-34 0
1415 0 0 7.50931e-47 1.21261e-33 0
1417.5 0 0 5.1949e-47 1.78071e-33 0
1420 0 0 1.29541e-47 1.35564e-33 0
1422.5 0 0 1.62641e-48 2.9189e-34 0
1425 0 0 2.11554e-47 2.7109e-34 0
1427.5 0 0 3.81963e-47 3.61437e-33 0
1430 0 0 2.9517e-47 1.12747e-32 0
1432.5 0 0 8.12951e-48 2.08181e-32 0
1435 0 0 6.31666e-49 2.72447e-32 0
1437.5 0 0 1.20807e-47 2.70162e-32 0
1440 0 0 2.37408e-47 2.11369e-32 0
1442.5 0 0 2.02346e-47 1.35772e-32 0
1445 0 0 7.18575e-48 7.26459e-33 0
1447.5 0 0 2.37992e-49 2.80086e-33 0
1450 0 0 5.16418e-48 3.98031e-34 0
1452.5 0 0 1.42049e-47 7.0203e-34 0
1455 0 0 1.76673e-47 2.95043e-33 0
1457.5 0 0 1.32202e-47 4.36188e-33 0
1460 0 0 5.19271e-48 3.12123e-33 0
1462.5 0 0 5.15539e-49 9.27084e-34 0
1465 0 0 7.21577e-48 7.55962e-34 0
1467.5 0 0 3.38069e-47 2.66167e-33 0
1470 0 0 8.7011e-47 3.79059e-33 0
1472.5 0 0 1.67752e-46 2.589e-33 0
1475 0 0 2.64919e-46 9.05536e-34 0
1477.5 0 0 3.49298e-46 1.06754e-33 0
1480 0 0 3.78984e-46 2.5656e-33 0
1482.5 0 0 3.25483e-46 3.10799e-33 0
1485 0 0 2.05156e-46 1.99429e-33 0
1487.5 0 0 8.00564e-47 7.95724e-34 0
1490 0 0 1.35522e-47 9.2157e-34 0
1492.5 0 0 1.77997e-47 1.91382e-33 0
1495 0 0 4.86276e-47 2.39443e-33 0
1497.5 0 0 5.52869e-47 1.75733e-33 0
1500 0 0 3.00964e-47 6.07987e-34 0
1502.5 0 0 4.6385e-48 1.12514e-34 0
1505 0 0 4.40536e-48 1.02595e-33 0
1507.5 0 0 2.02596e-47 2.88904e-33 0
1510 0 0 2.66225e-47 4.41509e-33 0
1512.5 0 0 1.55792e-47 5.45786e-33 0
1515 0 0 2.47949e-48 8.15969e-33 0
1517.5 0 0 2.08152e-48 1.4467e-32 0
1520 0 0 1.07312e-47 2.21179e-32 0
1522.5 0 0 1.49884e-47 2.50936e-32 0
1525 0 0 9.88255e-48 1.98121e-32 0
1527.5 0 0 2.41496e-48 9.9043e-33 0
1530 0 0 3.81632e-49 2.8363e-33 0
1532.5 0 0 3.9476e-48 1.9909e-33 0
1535 0 0 8.21155e-48 4.01045e-33 0
1537.5 0 0 9.43116e-48 4.14562e-33 0
1540 0 0 7.15621e-48 1.93757e-33 0
1542.5 0 0 3.2481e-48 2.68395e-34 0
1545 0 0 1.38684e-48 5.78693e-34 0
1547.5 0 0 7.25716e-48 1.38051e-33 0
1550 0 0 2.84334e-47 1.11289e-33 0
1552.5 0 0 7.30993e-47 2.62559e-34 0
1555 0 0 1.44616e-46 2.44554e-35 0
1557.5 0 0 2.30927e-46 3.70993e-34 0
1560 0 0 2.98716e-46 4.67638e-34 0
1562.5 0 0 3.07652e-46 1.58232e-34 0
1565 0 0 2.42637e-46 9.54722e-36 0
1567.5 0 0 1.34861e-46 2.35845e-34 0
1570 0 0 4.34431e-47 4.25098e-34 0
1572.5 0 0 8.37278e-48 2.78477e-34 0
1575 0 0 2.04168e-47 4.58925e-35 0
1577.5 0 0 3.86023e-47 1.66889e-34 0
1580 0 0 3.43449e-47 7.49577e-34 0
1582.5 0 0 1.40984e-47 1.35092e-33 0
1585 0 0 1.24671e-48 1.23653e-33 0
1587.5 0 0 5.22697e-48 3.3614e-34 0
1590 0 0 1.44237e-47 1.95155e-34 0
1592.5 0 0 1.48583e-47 3.16355e-33 0
1595 0 0 6.81819e-48 9.64566e-33 0
1597.5 0 0 6.56322e-49 1.64775e-32 0
1600 0 0 2.02583e-48 1.92388e-32 0
1602.5 0 0 6.60674e-48 1.64609e-32 0
1605 0 0 7.79996e-48 1.07518e-32 0
1607.5 0 0 4.67662e-48 5.65142e-33 0
1610 0 0 1.11807e-48 2.48299e-33 0
1612.5 0 0 2.50493e-49 7.42939e-34 0
1615 0 0 1.96282e-48 1.61898e-34 0
1617.5 0 0 4.46023e-48 8.66031e-34 0
1620 0 0 6.03892e-48 2.06258e-33 0
1622.5 0 0 5.60941e-48 2.28681e-33 0
1625 0 0 3.37856e-48 1.29515e-33 0
1627.5 0 0 2.03205e-48 5.00201e-34 0
1630 0 0 7.22805e-48 9.65729e-34 0
1632.5 0 0 2.6773e-47 1.91891e-33 0
1635 0 0 6.77532e-47 1.98705e-33 0
1637.5 0 0 1.3002e-46 1.17861e-33 0
1640 0 0 1.98225e-46 6.87185e-34 0
1642.5 0 0 2.42111e-46 1.08227e-33 0
1645 0 0 2.33384e-46 1.66069e-33 0
1647.5 0 0 1.70355e-46 1.61124e-33 0
1650 0 0 8.59334e-47 1.04434e-33 0
1652.5 0 0 2.48862e-47 6.37817e-34 0
1655 0 0 8.29343e-48 7.6856e-34 0
1657.5 0 0 2.02484e-47 1.21866e-33 0
1660 0 0 2.9644e-47 1.43258e-33 0
1662.5 0 0 2.1923e-47 1.00986e-33 0
1665 0 0 7.1742e-48 2.60585e-34 0
1667.5 0 0 1.10798e-48 1.62306e-34 0
1670 0 0 5.65962e-48 1.23655e-33 0
1672.5 0 0 1.06174e-47 2.60992e-33 0
1675 0 0 8.73782e-48 3.10287e-33 0
1677.5 0 0 3.12566e-48 3.39813e-33 0
1680 0 0 4.36062e-49 5.83165e-33 0
1682.5 0 0 2.07101e-48 1.10325e-32 0
1685 0 0 4.29915e-48 1.57373e-32 0
1687.5 0 0 4.13885e-48 1.56419e-32 0
1690 0 0 2.17625e-48 1.04222e-32 0
1692.5 0 0 4.79165e-49 4.40949e-33 0
1695 0 0 1.40092e-49 1.7722e-33 0
1697.5 0 0 1.05485e-48 2.32268e-33 0
1700 0 0 2.55991e-48 2.95056e-33 0
1702.5 0 0 3.75225e-48 1.99775e-33 0
1705 0 0 3.97112e-48 6.34749e-34 0
1707.5 0 0 3.42015e-48 3.39859e-34 0
1710 0 0 3.53816e-48 8.04404e-34 0
1712.5 0 0 7.9426e-48 8.85076e-34 0
1715 0 0 2.37353e-47 4.09845e-34 0
1717.5 0 0 5.90191e-47 9.34794e-35 0
1720 0 0 1.13606e-46 2.41152e-34 0
1722.5 0 0 1.69969e-46 4.31266e-34 0
1725 0 0 1.98229e-46 3.26908e-34 0
1727.5 0 0 1.77856e-46 1.20942e-34 0
1730 0 0 1.17753e-46 1.21472e-34 0
1732.5 0 0 5.22761e-47 3.24725e-34 0
1735 0 0 1.38002e-47 4.89135e-34 0
1737.5 0 0 8.20434e-48 4.18851e-34 0
1740 0 0 1.678e-47 1.93448e-34 0
1742.5 0 0 1.92006e-47 2.15696e-34 0
1745 0 0 1.1472e-47 7.86324e-34 0
1747.5 0 0 2.84334e-48 1.45084e-33 0
1750 0 0 9.18893e-49 1.25994e-33 0
1752.5 0 0 3.90982e-48 2.61471e-34 0
1755 0 0 5.73459e-48 3.14391e-34 0
1757.5 0 0 4.02773e-48 3.34351e-33 0
1760 0 0 1.26197e-48 8.5832e-33 0
1762.5 0 0 2.34491e-49 1.25376e-32 0
1765 0 0 9.84242e-49 1.2345e-32 0
1767.5 0 0 1.89057e-48 8.63085e-33 0
1770 0 0 1.94347e-48 4.42567e-33 0
1772.5 0 0 1.27973e-48 1.84518e-33 0
1775 0 0 4.56062e-49 7.44764e-34 0
1777.5 0 0 7.26557e-51 2.44092e-34 0
1780 0 0 3.87065e-49 1.98995e-34 0
1782.5 0 0 1.6921e-48 7.25412e-34 0
1785 0 0 3.34802e-48 1.29966e-33 0
1787.5 0 0 4.33428e-48 1.24338e-33 0
1790 0 0 4.05489e-48 7.26654e-34 0
1792.5 0 0 3.7205e-48 5.25053e-34 0
1795 0 0 7.76699e-48 8.85527e-34 0
1797.5 0 0 2.33869e-47 1.25424e-33 0
1800 0 0 5.5719e-47 1.15445e-33 0
1802.5 0 0 1.00128e-46 7.97211e-34 0
1805 0 0 1.39094e-46 6.58757e-34 0
1807.5 0 0 1.50875e-46 8.4063e-34 0
1810 0 0 1.26168e-46 1.06009e-33 0
1812.5 0 0 7.78643e-47 1.04183e-33 0
1815 0 0 3.2459e-47 7.68239e-34 0
1817.5 0 0 9.4307e-48 4.95359e-34 0
1820 0 0 8.05389e-48 5.51937e-34 0
1822.5 0 0 1.34152e-47 9.20949e-34 0
1825 0 0 1.31739e-47 1.08027e-33 0
1827.5 0 0 7.02685e-48 6.32195e-34 0
1830 0 0 1.75387e-48 7.35782e-35 0
1832.5 0 0 1.18948e-48 3.55856e-34 0
1835 0 0 3.08316e-48 1.47474e-33 0
1837.5 0 0 3.70951e-48 2.22415e-33 0
1840 0 0 2.3512e-48 1.97329e-33 0
1842.5 0 0 7.68925e-49 2.05846e-33 0
1845 0 0 2.76286e-49 4.2763e-33 0
1847.5 0 0 6.45386e-49 8.05672e-33 0
1850 0 0 1.0902e-48 1.03705e-32 0
1852.5 0 0 1.16184e-48 9.04179e-33 0
1855 0 0 8.08151e-49 5.31536e-33 0
1857.5 0 0 2.82659e-49 2.3286e-33 0
1860 0 0 5.23868e-50 1.58855e-33 0
1862.5 0 0 4.31564e-49 1.9396e-33 0
1865 0 0 1.34661e-48 1.75413e-33 0
1867.5 0 0 2.57617e-48 9.39373e-34 0
1870 0 0 3.82566e-48 4.061e-34 0
1872.5 0 0 4.49013e-48 4.84498e-34 0
1875 0 0 4.63969e-48 6.62707e-34 0
1877.5 0 0 7.63103e-48 5.35033e-34 0
1880 0 0 2.0576e-47 2.84048e-34 0
1882.5 0 0 4.85474e-47 2.23087e-34 0
1885 0 0 8.58653e-47 3.43804e-34 0
1887.5 0 0 1.14868e-46 4.33929e-34 0
1890 0 0 1.17571e-46 3.78194e-34 0
1892.5 0 0 9.11226e-47 2.52925e-34 0
1895 0 0 5.13123e-47 2.43755e-34 0
1897.5 0 0 1.96018e-47 4.45023e-34 0
1900 0 0 6.43285e-48 6.5868e-34 0
1902.5 0 0 6.66531e-48 5.64765e-34 0
1905 0 0 9.01308e-48 2.6039e-34 0
1907.5 0 0 7.39707e-48 3.38996e-34 0
1910 0 0 3.38593e-48 1.03775e-33 0
1912.5 0 0 7.86585e-49 1.5761e-33 0
1915 0 0 6.74359e-49 1.06091e-33 0
1917.5 0 0 1.46542e-48 9.75543e-35 0
1920 0 0 1.63431e-48 6.31351e-34 0
1922.5 0 0 1.07409e-48 3.59623e-33 0
1925 0 0 4.1775e-49 7.26225e-33 0
1927.5 0 0 8.6401e-50 8.74032e-33 0
1930 0 0 1.21854e-49 7.01776e-33 0
1932.5 0 0 3.97568e-49 3.80952e-33 0
1935 0 0 7.04325e-49 1.41051e-33 0
1937.5 0 0 7.96258e-49 4.90355e-34 0
1940 0 0 5.63054e-49 2.8718e-34 0
1942.5 0 0 2.12702e-49 1.7654e-34 0
1945 0 0 2.69415e-49 2.48232e-34 0
1947.5 0 0 1.24725e-48 6.0256e-34 0
1950 0 0 3.02119e-48 9.04247e-34 0
1952.5 0 0 4.46622e-48 8.50715e-34 0
1955 0 0 4.38778e-48 6.17596e-34 0
1957.5 0 0 3.78969e-48 5.65145e-34 0
1960 0 0 7.26412e-48 7.43991e-34 0
1962.5 0 0 2.05763e-47 9.08283e-34 0
1965 0 0 4.47628e-47 8.74716e-34 0
1967.5 0 0 7.19267e-47 7.00013e-34 0
1970 0 0 8.83459e-47 5.77631e-34 0
1972.5 0 0 8.41677e-47 6.45853e-34 0
1975 0 0 6.15455e-47 8.27698e-34 0
1977.5 0 0 3.32955e-47 8.56286e-34 0
1980 0 0 1.29106e-47 6.02704e-34 0
1982.5 0 0 5.18086e-48 3.5327e-34 0
1985 0 0 5.46528e-48 4.91652e-34 0
1987.5 0 0 6.5386e-48 8.65425e-34 0
1990 0 0 5.10407e-48 8.62505e-34 0
1992.5 0 0 2.42912e-48 3.4019e-34 0
1995 0 0 7.67038e-49 4.57846e-35 0
1997.5 0 0 6.24239e-49 6.26583e-34 0
2000 0 0 1.05097e-48 1.53391e-33 0
2002.5 0 0 1.17685e-48 1.65759e-33 0
2005 0 0 8.60693e-49 1.05833e-33 0
2007.5 0 0 3.79662e-49 1.22001e-33 0
2010 0 0 5.71343e-50 3.10846e-33 0
2012.5 0 0 8.12645e-50 5.58659e-33 0
2015 0 0 3.67245e-49 6.50467e-33 0
2017.5 0 0 6.12812e-49 5.15608e-33 0
2020 0 0 6.19232e-49 2.93936e-33 0
2022.5 0 0 4.69381e-49 1.57054e-33 0
2025 0 0 3.50512e-49 1.33329e-33 0
2027.5 0 0 4.56343e-49 1.36173e-33 0
2030 0 0 1.12656e-48 1.0482e-33 0
2032.5 0 0 2.57233e-48 5.94748e-34 0
2035 0 0 4.10576e-48 3.9869e-34 0
2037.5 0 0 4.41333e-48 4.64994e-34 0
2040 0 0 3.86913e-48 5.30825e-34 0
2042.5 0 0 6.50601e-48 4.53706e-34 0
2045 0 0 1.77206e-47 3.19093e-34 0
2047.5 0 0 3.80834e-47 2.85237e-34 0
2050 0 0 5.96205e-47 3.96779e-34 0
2052.5 0 0 7.02018e-47 5.13321e-34 0
2055 0 0 6.32261e-47 4.61056e-34 0
2057.5 0 0 4.32426e-47 3.05216e-34 0
2060 0 0 2.18333e-47 3.32079e-34 0
2062.5 0 0 8.21143e-48 6.15512e-34 0
2065 0 0 3.65729e-48 7.89301e-34 0
2067.5 0 0 3.70381e-48 5.53162e-34 0
2070 0 0 3.84789e-48 2.66413e-34 0
2072.5 0 0 2.72581e-48 5.55275e-34 0
2075 0 0 1.23489e-48 1.27568e-33 0
2077.5 0 0 3.50058e-49 1.45928e-33 0
2080 0 0 1.86148e-49 6.87399e-34 0
2082.5 0 0 3.60182e-49 5.4339e-35 0
2085 0 0 5.19838e-49 1.05442e-33 0
2087.5 0 0 5.07145e-49 3.56913e-33 0
2090 0 0 3.2721e-49 5.64688e-33 0
2092.5 0 0 1.01535e-49 5.5486e-33 0
2095 0 0 7.12226e-51 3.55042e-33 0
2097.5 0 0 1.79076e-49 1.38692e-33 0
2100 0 0 5.76652e-49 3.03346e-34 0
2102.5 0 0 9.0151e-49 1.57874e-34 0
2105 0 0 7.95728e-49 2.27703e-34 0
2107.5 0 0 3.41035e-49 2.26963e-34 0
2110 0 0 2.88932e-49 3.18052e-34 0
2112.5 0 0 1.3779e-48 5.60868e-34 0
2115 0 0 3.19839e-48 7.56166e-34 0
2117.5 0 0 4.16749e-48 7.47413e-34 0
2120 0 0 3.39289e-48 6.18324e-34 0
2122.5 0 0 2.77274e-48 5.61183e-34 0
2125 0 0 6.51445e-48 6.56462e-34 0
2127.5 0 0 1.74616e-47 7.96095e-34 0
2130 0 0 3.33292e-47 7.97567e-34 0
2132.5 0 0 4.69134e-47 6.27029e-34 0
2135 0 0 5.08912e-47 4.90268e-34 0
2137.5 0 0 4.32681e-47 5.87164e-34 0
2140 0 0 2.86712e-47 7.8542e-34 0
2142.5 0 0 1.45388e-47 7.4637e-34 0
2145 0 0 5.86216e-48 4.46139e-34 0
2147.5 0 0 2.88578e-48 3.01673e-34 0
2150 0 0 2.80289e-48 5.63906e-34 0
2152.5 0 0 2.8984e-48 8.43878e-34 0
2155 0 0 2.21638e-48 6.31466e-34 0
2157.5 0 0 1.16471e-48 1.49486e-34 0
2160 0 0 3.95014e-49 1.63648e-34 0
2162.5 0 0 1.72936e-49 8.45938e-34 0
2165 0 0 3.48722e-49 1.37623e-33 0
2167.5 0 0 5.67149e-49 1.05689e-33 0
2170 0 0 5.42919e-49 4.36845e-34 0
2172.5 0 0 2.83682e-49 7.39209e-34 0
2175 0 0 4.95967e-50 2.24258e-33 0
2177.5 0 0 5.73257e-50 3.79287e-33 0
2180 0 0 2.80042e-49 4.0992e-33 0
2182.5 0 0 5.43878e-49 3.11206e-33 0
2185 0 0 6.9097e-49 1.8501e-33 0
2187.5 0 0 6.18903e-49 1.16094e-33 0
2190 0 0 3.83999e-49 1.02642e-33 0
2192.5 0 0 3.99534e-49 9.70129e-34 0
2195 0 0 1.21103e-48 7.42156e-34 0
2197.5 0 0 2.67447e-48 4.72689e-34 0
2200 0 0 3.60925e-48 3.6751e-34 0
2202.5 0 0 3.10784e-48 4.3707e-34 0
2205 0 0 2.54917e-48 5.08753e-34 0
2207.5 0 0 5.52213e-48 4.43804e-34 0
2210 0 0 1.4528e-47 3.16064e-34 0
2212.5 0 0 2.74044e-47 3.21395e-34 0
2215 0 0 3.77155e-47 4.84933e-34 0
2217.5 0 0 3.95259e-47 5.78592e-34 0
2220 0 0 3.21258e-47 4.50742e-34 0
2222.5 0 0 2.01963e-47 3.12032e-34 0
2225 0 0 9.69847e-48 4.56231e-34 0
2227.5 0 0 3.74573e-48 7.55086e-34 0
2230 0 0 1.79897e-48 7.68832e-34 0
2232.5 0 0 1.66486e-48 4.45563e-34 0
2235 0 0 1.64766e-48 3.32147e-34 0
2237.5 0 0 1.23131e-48 7.94518e-34 0
2240 0 0 6.28422e-49 1.32604e-33 0
2242.5 0 0 1.71563e-49 1.1353e-33 0
2245 0 0 1.60015e-50 3.71925e-34 0
2247.5 0 0 1.15764e-49 2.02633e-34 0
2250 0 0 3.1622e-49 1.39514e-33 0
2252.5 0 0 4.47299e-49 3.20029e-33 0
2255 0 0 3.89436e-49 4.05662e-33 0
2257.5 0 0 1.67471e-49 3.27163e-33 0
2260 0 0 1.6756e-50 1.63267e-33 0
2262.5 0 0 2.17342e-49 3.89712e-34 0
2265 0 0 7.12507e-49 2.67499e-35 0
2267.5 0 0 1.00325e-48 1.58693e-34 0
2270 0 0 6.96017e-49 2.85515e-34 0
2272.5 0 0 1.75691e-49 3.08436e-34 0
2275 0 0 3.83964e-49 3.84765e-34 0
2277.5 0 0 1.65162e-48 5.71302e-34 0
2280 0 0 2.97897e-48 7.3423e-34 0
2282.5 0 0 3.00274e-48 7.32109e-34 0
2285 0 0 1.89265e-48 6.03537e-34 0
2287.5 0 0 1.95186e-48 5.39516e-34 0
2290 0 0 5.8031e-48 6.48387e-34 0
2292.5 0 0 1.36807e-47 7.88938e-34 0
2295 0 0 2.25369e-47 7.40489e-34 0
2297.5 0 0 2.79825e-47 5.36431e-34 0
2300 0 0 2.73845e-47 4.6065e-34 0
2302.5 0 0 2.14911e-47 6.30274e-34 0
2305 0 0 1.35013e-47 7.72731e-34 0
2307.5 0 0 6.72025e-48 6.14029e-34 0
2310 0 0 2.77251e-48 3.39571e-34 0
2312.5 0 0 1.39197e-48 3.61325e-34 0
2315 0 0 1.34931e-48 6.63637e-34 0
2317.5 0 0 1.48818e-48 7.56294e-34 0
2320 0 0 1.25281e-48 4.12842e-34 0
2322.5 0 0 6.95234e-49 1.0011e-34 0
2325 0 0 1.87846e-49 3.5266e-34 0
2327.5 0 0 3.80752e-50 9.3886e-34 0
2330 0 0 2.23527e-49 1.09143e-33 0
2332.5 0 0 4.46892e-49 5.75663e-34 0
2335 0 0 4.48931e-49 1.10691e-34 0
2337.5 0 0 2.46433e-49 5.12185e-34 0
2340 0 0 6.15987e-50 1.66862e-33 0
2342.5 0 0 7.90449e-50 2.6483e-33 0
2345 0 0 3.02465e-49 2.7236e-33 0
2347.5 0 0 5.72669e-49 2.03653e-33 0
2350 0 0 6.64171e-49 1.26576e-33 0
2352.5 0 0 4.68134e-49 8.79012e-34 0
2355 0 0 2.16143e-49 8.18483e-34 0
2357.5 0 0 4.19572e-49 7.73616e-34 0
2360 0 0 1.30979e-48 5.90702e-34 0
2362.5 0 0 2.30746e-48 3.91007e-34 0
2365 0 0 2.44248e-48 3.54446e-34 0
2367.5 0 0 1.68482e-48 4.6074e-34 0
2370 0 0 1.69425e-48 5.10126e-34 0
2372.5 0 0 4.64974e-48 4.05778e-34 0
2375 0 0 1.0926e-47 3.05925e-34 0
2377.5 0 0 1.80372e-47 3.90533e-34 0
2380 0 0 2.22259e-47 5.61407e-34 0
2382.5 0 0 2.13106e-47 5.63347e-34 0
2385 0 0 1.61529e-47 3.94437e-34 0
2387.5 0 0 9.62991e-48 3.55421e-34 0
2390 0 0 4.42702e-48 5.85388e-34 0
2392.5 0 0 1.61889e-48 7.85608e-34 0
2395 0 0 7.54615e-49 6.43658e-34 0
2397.5 0 0 7.83112e-49 3.71471e-34 0
2400 0 0 8.73088e-49 4.67334e-34 0
2402.5 0 0 7.14735e-49 9.4363e-34 0
2405 0 0 3.91988e-49 1.18423e-33 0
2407.5 0 0 1.0756e-49 7.83326e-34 0
2410 0 0 7.02976e-53 2.3869e-34 0
2412.5 0 0 1.00432e-49 4.41117e-34 0
2415 0 0 3.23612e-49 1.53593e-33 0
2417.5 0 0 4.71661e-49 2.6355e-33 0
2420 0 0 3.69777e-49 2.76346e-33 0
2422.5 0 0 1.03035e-49 1.85858e-33 0
2425 0 0 2.43249e-50 7.09194e-34 0
2427.5 0 0 3.52264e-49 7.07737e-35 0
2430 0 0 7.95347e-49 4.64546e-35 0
2432.5 0 0 8.12531e-49 2.54421e-34 0
2435 0 0 3.4498e-49 3.64056e-34 0
2437.5 0 0 5.87e-50 3.70176e-34 0
2440 0 0 5.9625e-49 4.39148e-34 0
2442.5 0 0 1.66181e-48 6.16498e-34 0
2445 0 0 2.19301e-48 7.50164e-34 0
2447.5 0 0 1.63036e-48 7.01531e-34 0
2450 0 0 8.57625e-49 5.6028e-34 0
2452.5 0 0 1.61526e-48 5.45296e-34 0
2455 0 0 4.86393e-48 6.91741e-34 0
2457.5 0 0 9.72687e-48 7.78259e-34 0
2460 0 0 1.40098e-47 6.49018e-34 0
2462.5 0 0 1.57323e-47 4.7193e-34 0
2465 0 0 1.43294e-47 5.0531e-34 0
2467.5 0 0 1.07264e-47 6.89367e-34 0
2470 0 0 6.5434e-48 7.09658e-34 0
2472.5 0 0 3.16768e-48 4.84548e-34 0
2475 0 0 1.24411e-48 3.26585e-34 0
2477.5 0 0 6.50338e-49 4.77226e-34 0
2480 0 0 7.85551e-49 7.03134e-34 0
2482.5 0 0 9.75122e-49 6.14542e-34 0
2485 0 0 8.34422e-49 2.75494e-34 0
2487.5 0 0 4.22228e-49 1.7281e-34 0
2490 0 0 7.30549e-50 5.24414e-34 0
2492.5 0 0 3.59553e-50 9.11106e-34 0
2495 0 0 2.4127e-49 8.0071e-34 0
2497.5 0 0 4.08911e-49 2.80012e-34 0
2500 0 0 3.54173e-49 8.80369e-36 0
2502.5 0 0 1.53688e-49 4.48752e-34 0
2505 0 0 2.82883e-50 1.33161e-33 0
2507.5 0 0 1.12579e-49 1.96197e-33 0
2510 0 0 3.40405e-49 1.92626e-33 0
2512.5 0 0 5.07341e-49 1.41428e-33 0
2515 0 0 4.46875e-49 9.1544e-34 0
2517.5 0 0 2.16839e-49 7.16438e-34 0
2520 0 0 1.30893e-49 7.15922e-34 0
2522.5 0 0 4.86457e-49 6.61431e-34 0
2525 0 0 1.16082e-48 4.84274e-34 0
2527.5 0 0 1.57893e-48 3.48243e-34 0
2530 0 0 1.31673e-48 3.86411e-34 0
2532.5 0 0 8.13022e-49 4.95578e-34 0
2535 0 0 1.2844e-48 4.83762e-34 0
2537.5 0 0 3.66432e-48 3.61884e-34 0
2540 0 0 7.52925e-48 3.33039e-34 0
2542.5 0 0 1.11425e-47 4.70912e-34 0
2545 0 0 1.266e-47 5.818e-34 0
2547.5 0 0 1.14126e-47 4.9828e-34 0
2550 0 0 8.21157e-48 3.65242e-34 0
2552.5 0 0 4.62258e-48 4.37266e-34 0
2555 0 0 1.94208e-48 6.62165e-34 0
2557.5 0 0 6.20586e-49 7.19276e-34 0
2560 0 0 3.3807e-49 5.1429e-34 0
2562.5 0 0 4.75143e-49 3.78951e-34 0
2565 0 0 5.66955e-49 6.04584e-34 0
2567.5 0 0 4.68758e-49 9.60534e-34 0
2570 0 0 2.53335e-49 9.53626e-34 0
2572.5 0 0 5.75825e-50 5.33861e-34 0
2575 0 0 5.1213e-51 2.60931e-34 0
2577.5 0 0 1.4174e-49 6.4522e-34 0
2580 0 0 3.52867e-49 1.49037e-33 0
2582.5 0 0 4.11201e-49 2.0615e-33 0
2585 0 0 2.25399e-49 1.85395e-33 0
2587.5 0 0 1.57042e-50 1.06373e-33 0
2590 0 0 9.67999e-50 3.12375e-34 0
2592.5 0 0 4.49466e-49 3.14488e-35 0
2595 0 0 6.66099e-49 1.59734e-34 0
2597.5 0 0 4.52278e-49 3.57539e-34 0
2600 0 0 7.82101e-50 4.13641e-34 0
2602.5 0 0 1.16911e-49 4.05811e-34 0
2605 0 0 7.13438e-49 4.9775e-34 0
2607.5 0 0 1.31164e-48 6.69381e-34 0
2610 0 0 1.26826e-48 7.38695e-34 0
2612.5 0 0 6.78917e-49 6.36823e-34 0
2615 0 0 4.3956e-49 5.30546e-34 0
2617.5 0 0 1.4382e-48 5.88629e-34 0
2620 0 0 3.71399e-48 7.24614e-34 0
2622.5 0 0 6.37769e-48 7.18621e-34 0
2625 0 0 8.25723e-48 5.57263e-34 0
2627.5 0 0 8.62663e-48 4.69323e-34 0
2630 0 0 7.49414e-48 5.78074e-34 0
2632.5 0 0 5.42805e-48 6.97867e-34 0
2635 0 0 3.19722e-48 6.10239e-34 0
2637.5 0 0 1.45522e-48 4.12505e-34 0
2640 0 0 5.37621e-49 3.88594e-34 0
2642.5 0 0 3.79085e-49 5.72203e-34 0
2645 0 0 5.92343e-49 6.68291e-34 0
2647.5 0 0 7.22518e-49 4.83622e-34 0
2650 0 0 5.52123e-49 2.42392e-34 0
2652.5 0 0 2.17485e-49 2.99415e-34 0
2655 0 0 1.54535e-50 6.30525e-34 0
2657.5 0 0 8.07809e-50 8.18033e-34 0
2660 0 0 2.65726e-49 5.77767e-34 0
2662.5 0 0 3.31134e-49 1.46377e-34 0
2665 0 0 2.09989e-49 3.79934e-35 0
2667.5 0 0 4.97493e-50 4.73596e-34 0
2670 0 0 2.44752e-50 1.14492e-33 0
2672.5 0 0 1.54227e-49 1.53813e-33 0
2675 0 0 3.05438e-49 1.42694e-33 0
2677.5 0 0 3.30541e-49 1.02841e-33 0
2680 0 0 2.06598e-49 7.18016e-34 0
2682.5 0 0 7.5034e-50 6.46421e-34 0
2685 0 0 1.38838e-49 6.61069e-34 0
2687.5 0 0 4.56996e-49 5.73102e-34 0
2690 0 0 8.1668e-49 4.13079e-34 0
2692.5 0 0 8.89023e-49 3.54946e-34 0
2695 0 0 6.15264e-49 4.39447e-34 0
2697.5 0 0 4.34427e-49 5.06802e-34 0
2700 0 0 1.01758e-48 4.40124e-34 0
2702.5 0 0 2.6602e-48 3.47631e-34 0
2705 0 0 4.89181e-48 3.92499e-34 0
2707.5 0 0 6.6973e-48 5.2609e-34 0
2710 0 0 7.18336e-48 5.51789e-34 0
2712.5 0 0 6.1513e-48 4.37963e-34 0
2715 0 0 4.16795e-48 3.85606e-34 0
2717.5 0 0 2.14531e-48 5.1843e-34 0
2720 0 0 7.78353e-49 6.68543e-34 0
2722.5 0 0 2.28514e-49 6.16288e-34 0
2725 0 0 2.14797e-49 4.42276e-34 0
2727.5 0 0 3.47338e-49 4.41068e-34 0
2730 0 0 3.90278e-49 6.86353e-34 0
2732.5 0 0 2.99443e-49 8.80367e-34 0
2735 0 0 1.37954e-49 7.40905e-34 0
2737.5 0 0 1.41702e-50 4.15083e-34 0
2740 0 0 2.95721e-50 3.49656e-34 0
2742.5 0 0 1.81073e-49 7.6033e-34 0
2745 0 0 3.14021e-49 1.34826e-33 0
2747.5 0 0 2.65022e-49 1.59087e-33 0
2750 0 0 8.07044e-50 1.26326e-33 0
2752.5 0 0 4.71576e-51 6.33382e-34 0
2755 0 0 1.7614e-49 1.70583e-34 0
2757.5 0 0 4.1304e-49 1.05714e-34 0
2760 0 0 4.14567e-49 2.85664e-34 0
2762.5 0 0 1.65726e-49 4.24164e-34 0
2765 0 0 3.55872e-51 4.3029e-34 0
2767.5 0 0 2.11042e-49 4.40163e-34 0
2770 0 0 6.34988e-49 5.59783e-34 0
2772.5 0 0 8.31146e-49 6.92158e-34 0
2775 0 0 5.90767e-49 6.8602e-34 0
2777.5 0 0 2.33947e-49 5.74668e-34 0
2780 0 0 3.40315e-49 5.37745e-34 0
2782.5 0 0 1.21484e-48 6.33945e-34 0
2785 0 0 2.62334e-48 7.10141e-34 0
2787.5 0 0 3.98116e-48 6.35422e-34 0
2790 0 0 4.74925e-48 5.07671e-34 0
2792.5 0 0 4.6985e-48 5.09124e-34 0
2795 0 0 3.92836e-48 6.2392e-34 0
2797.5 0 0 2.74618e-48 6.54779e-34 0
2800 0 0 1.53617e-48 5.25104e-34 0
2802.5 0 0 6.45331e-49 4.07265e-34 0
2805 0 0 2.59849e-49 4.69185e-34 0
2807.5 0 0 3.07072e-49 6.11625e-34 0
2810 0 0 4.93029e-49 5.9838e-34 0
2812.5 0 0 5.18574e-49 4.05257e-34 0
2815 0 0 3.18157e-49 2.81855e-34 0
2817.5 0 0 7.99449e-50 4.19256e-34 0
2820 0 0 1.53442e-50 6.71152e-34 0
2822.5 0 0 1.28067e-49 7.11061e-34 0
2825 0 0 2.37956e-49 4.35988e-34 0
2827.5 0 0 2.05862e-49 1.1878e-34 0
2830 0 0 7.92219e-50 1.27728e-34 0
2832.5 0 0 4.96814e-51 5.34507e-34 0
2835 0 0 5.14252e-50 1.03488e-33 0
2837.5 0 0 1.52355e-49 1.25168e-33 0
2840 0 0 2.00374e-49 1.09204e-33 0
2842.5 0 0 1.55232e-49 7.91956e-34 0
2845 0 0 6.92463e-50 6.2562e-34 0
2847.5 0 0 4.10515e-50 6.23137e-34 0
2850 0 0 1.39843e-49 6.13426e-34 0
2852.5 0 0 3.32593e-49 4.99555e-34 0
2855 0 0 4.7867e-49 3.85345e-34 0
2857.5 0 0 4.4631e-49 3.97034e-34 0
2860 0 0 2.87157e-49 4.8225e-34 0
2862.5 0 0 2.85977e-49 4.90619e-34 0
2865 0 0 7.7414e-49 4.0694e-34 0
2867.5 0 0 1.826e-48 3.71893e-34 0
2870 0 0 3.10445e-48 4.55749e-34 0
2872.5 0 0 4.01658e-48 5.40918e-34 0
2875 0 0 4.09248e-48 5.0393e-34 0
2877.5 0 0 3.29836e-48 4.15055e-34 0
2880 0 0 2.05339e-48 4.36217e-34 0
2882.5 0 0 9.29451e-49 5.65792e-34 0
2885 0 0 2.84102e-49 6.27076e-34 0
2887.5 0 0 1.10457e-49 5.32799e-34 0
2890 0 0 1.75499e-49 4.32141e-34 0
2892.5 0 0 2.55241e-49 5.07802e-34 0
2895 0 0 2.51347e-49 7.02677e-34 0
2897.5 0 0 1.65694e-49 7.69716e-34 0
2900 0 0 5.42611e-50 5.97052e-34 0
2902.5 0 0 1.08941e-51 3.85053e-34 0
2905 0 0 5.95943e-50 4.36973e-34 0
2907.5 0 0 1.76022e-49 8.02837e-34 0
2910 0 0 2.17356e-49 1.18845e-33 0
2912.5 0 0 1.25588e-49 1.23664e-33 0
2915 0 0 1.33043e-50 8.82051e-34 0
2917.5 0 0 3.87831e-50 4.09134e-34 0
2920 0 0 1.92828e-49 1.61229e-34 0
2922.5 0 0 2.88524e-49 2.17821e-34 0
2925 0 0 1.97693e-49 3.80639e-34 0
2927.5 0 0 3.37376e-50 4.49947e-34 0
2930 0 0 2.68365e-50 4.39442e-34 0
2932.5 0 0 2.34288e-49 4.83308e-34 0
2935 0 0 4.51846e-49 6.03195e-34 0
2937.5 0 0 4.44811e-49 6.73986e-34 0
2940 0 0 2.30064e-49 6.21434e-34 0
2942.5 0 0 9.08452e-50 5.42781e-34 0
2945 0 0 3.19072e-49 5.63925e-34 0
2947.5 0 0 9.57072e-49 6.50124e-34 0
2950 0 0 1.76883e-48 6.60961e-34 0
2952.5 0 0 2.42268e-48 5.67941e-34 0
2955 0 0 2.69294e-48 5.01274e-34 0
2957.5 0 0 2.53543e-48 5.51354e-34 0
2960 0 0 2.0411e-48 6.27706e-34 0
2962.5 0 0 1.36942e-48 5.94305e-34 0
2965 0 0 7.19639e-49 4.79356e-34 0
2967.5 0 0 2.89403e-49 4.40073e-34 0
2970 0 0 1.74874e-49 5.28617e-34 0
2972.5 0 0 2.82934e-49 6.05033e-34 0
2975 0 0 3.88104e-49 5.32325e-34 0
2977.5 0 0 3.28255e-49 3.80703e-34 0
2980 0 0 1.47832e-49 3.49949e-34 0
2982.5 0 0 2.18333e-50 5.04544e-34 0
2985 0 0 4.52536e-50 6.67749e-34 0
2987.5 0 0 1.3785e-49 6.18264e-34 0
2990 0 0 1.62619e-49 3.60063e-34 0
2992.5 0 0 9.10745e-50 1.49262e-34 0
2995 0 0 1.32191e-50 2.369e-34 0
2997.5 0 0 9.77222e-51 6.00254e-34 0
3000 0 0 6.42344e-50 9.54174e-34 0
3002.5 0 0 1.05412e-49 1.03716e-33 0
3005 0 0 9.53854e-50 8.62773e-34 0
3007.5 0 0 5.40412e-50 6.60921e-34 0
3010 0 0 2.41124e-50 5.95431e-34 0
3012.5 0 0 3.81875e-50 6.0816e-34 0
3015 0 0 1.05695e-49 5.61212e-34 0
3017.5 0 0 1.99202e-49 4.51658e-34 0
3020 0 0 2.55263e-49 3.98315e-34 0
3022.5 0 0 2.25163e-49 4.46737e-34 0
3025 0 0 1.5611e-49 4.98341e-34 0
3027.5 0 0 2.10543e-49 4.64982e-34 0
3030 0 0 5.62381e-49 4.02607e-34 0
3032.5 0 0 1.22534e-48 4.17791e-34 0
3035 0 0 1.96702e-48 4.97231e-34 0
3037.5 0 0 2.41616e-48 5.27009e-34 0
3040 0 0 2.3177e-48 4.70533e-34 0
3042.5 0 0 1.72404e-48 4.28199e-34 0
3045 0 0 9.58484e-49 4.84695e-34 0
3047.5 0 0 3.70205e-49 5.75369e-34 0
3050 0 0 1.05739e-49 5.76325e-34 0
3052.5 0 0 8.34232e-50 4.89862e-34 0
3055 0 0 1.39868e-49 4.53569e-34 0
3057.5 0 0 1.67941e-49 5.50757e-34 0
3060 0 0 1.40658e-49 6.80887e-34 0
3062.5 0 0 7.49954e-50 6.7424e-34 0
3065 0 0 1.38408e-50 5.15435e-34 0
3067.5 0 0 8.85995e-51 3.94215e-34 0
3070 0 0 6.9872e-50 5.03723e-34 0
3072.5 0 0 1.32883e-49 8.06555e-34 0
3075 0 0 1.20888e-49 1.03932e-33 0
3077.5 0 0 4.49975e-50 9.70145e-34 0
3080 0 0 4.24759e-51 6.38664e-34 0
3082.5 0 0 6.21068e-50 3.1445e-34 0
3085 0 0 1.54764e-49 2.18396e-34 0
3087.5 0 0 1.64752e-49 3.20908e-34 0
3090 0 0 7.53201e-50 4.33998e-34 0
3092.5 0 0 2.03513e-51 4.56117e-34 0
3095 0 0 5.43105e-50 4.56806e-34 0
3097.5 0 0 1.96029e-49 5.23943e-34 0
3100 0 0 2.79089e-49 6.16809e-34 0
3102.5 0 0 2.13044e-49 6.33039e-34 0
3105 0 0 7.87296e-50 5.71559e-34 0
3107.5 0 0 6.45087e-50 5.37753e-34 0
3110 0 0 2.94813e-49 5.84862e-34 0
3112.5 0 0 7.19698e-49 6.35986e-34 0
3115 0 0 1.1592e-48 6.05148e-34 0
3117.5 0 0 1.4401e-48 5.30569e-34 0
3120 0 0 1.49307e-48 5.16536e-34 0
3122.5 0 0 1.34133e-48 5.73984e-34 0
3125 0 0 1.04257e-48 6.03043e-34 0
3127.5 0 0 6.70386e-49 5.43911e-34 0
3130 0 0 3.33626e-49 4.69275e-34 0
3132.5 0 0 1.50249e-49 4.80019e-34 0
3135 0 0 1.54389e-49 5.55771e-34 0
3137.5 0 0 2.44848e-49 5.76603e-34 0
3140 0 0 2.69741e-49 4.89254e-34 0
3142.5 0 0 1.77066e-49 3.91275e-34 0
3145 0 0 5.57836e-50 4.15207e-34 0
3147.5 0 0 1.74188e-50 5.5357e-34 0
3150 0 0 6.51613e-50 6.44057e-34 0
3152.5 0 0 1.08152e-49 5.48158e-34 0
3155 0 0 8.41915e-50 3.27452e-34 0
3157.5 0 0 2.56706e-50 2.07296e-34 0
3160 0 0 4.07915e-53 3.45043e-34 0
3162.5 0 0 2.21989e-50 6.51449e-34 0
3165 0 0 5.11202e-50 8.759e-34 0
3167.5 0 0 5.23858e-50 8.68259e-34 0
3170 0 0 3.29192e-50 7.15383e-34 0
3172.5 0 0 1.71799e-50 6.01891e-34 0
3175 0 0 1.62427e-50 5.8776e-34 0
3177.5 0 0 3.0541e-50 5.8267e-34 0
3180 0 0 6.28013e-50 5.14947e-34 0
3182.5 0 0 1.08198e-49 4.37278e-34 0
3185 0 0 1.39616e-49 4.32204e-34 0
3187.5 0 0 1.29157e-49 4.80728e-34 0
3190 0 0 1.01996e-49 4.94317e-34 0
3192.5 0 0 1.56419e-49 4.50844e-34 0
3195 0 0 3.9746e-49 4.22784e-34 0
3197.5 0 0 8.1874e-49 4.60349e-34 0
3200 0 0 1.24877e-48 5.13141e-34 0
3202.5 0 0 1.44611e-48 5.08017e-34 0
3205 0 0 1.28558e-48 4.61406e-34 0
3207.5 0 0 8.636e-49 4.55617e-34 0
3210 0 0 4.18277e-49 5.14915e-34 0
3212.5 0 0 1.39269e-49 5.65255e-34 0
3215 0 0 5.31523e-50 5.38988e-34 0
3217.5 0 0 6.92485e-50 4.7681e-34 0
3220 0 0 9.5114e-50 4.80106e-34 0
3222.5 0 0 9.4037e-50 5.71233e-34 0
3225 0 0 6.70403e-50 6.47946e-34 0
3227.5 0 0 2.79576e-50 6.03483e-34 0
3230 0 0 2.81538e-51 4.72718e-34 0
3232.5 0 0 1.66656e-50 4.18592e-34 0
3235 0 0 5.95054e-50 5.52944e-34 0
3237.5 0 0 8.37518e-50 7.88474e-34 0
3240 0 0 5.82338e-50 9.04285e-34 0
3242.5 0 0 1.42449e-50 7.72344e-34 0
3245 0 0 1.19184e-50 4.96265e-34 0
3247.5 0 0 6.12389e-50 3.00303e-34 0
3250 0 0 1.03409e-49 2.95561e-34 0
3252.5 0 0 8.369e-50 3.94843e-34 0
3255 0 0 2.47996e-50 4.57624e-34 0
3257.5 0 0 4.25045e-51 4.60592e-34 0
3260 0 0 6.06874e-50 4.81142e-34 0
3262.5 0 0 1.42317e-49 5.51356e-34 0
3265 0 0 1.61197e-49 6.06361e-34 0
3267.5 0 0 9.5407e-50 5.89949e-34 0
3270 0 0 2.64851e-50 5.44033e-34 0
3272.5 0 0 6.84813e-50 5.45111e-34 0
3275 0 0 2.59148e-49 5.8988e-34 0
3277.5 0 0 5.2229e-49 6.04977e-34 0
3280 0 0 7.35103e-49 5.61618e-34 0
3282.5 0 0 8.25615e-49 5.18836e-34 0
3285 0 0 7.99819e-49 5.33215e-34 0
3287.5 0 0 6.91925e-49 5.74186e-34 0
3290 0 0 5.24117e-49 5.70195e-34 0
3292.5 0 0 3.25507e-49 5.14929e-34 0
3295 0 0 1.62291e-49 4.78518e-34 0
3297.5 0 0 1.02178e-49 5.08371e-34 0
3300 0 0 1.39502e-49 5.58794e-34 0
3302.5 0 0 1.86819e-49 5.47758e-34 0
3305 0 0 1.64097e-49 4.69324e-34 0
3307.5 0 0 8.32434e-50 4.14906e-34 0
3310 0 0 2.27776e-50 4.65467e-34 0
3312.5 0 0 2.73793e-50 5.78164e-34 0
3315 0 0 6.1508e-50 6.13881e-34 0
3317.5 0 0 6.61047e-50 4.95937e-34 0
3320 0 0 3.31996e-50 3.2173e-34 0
3322.5 0 0 3.46603e-51 2.78513e-34 0
3325 0 0 5.33724e-51 4.39371e-34 0
3327.5 0 0 2.35712e-50 6.75245e-34 0
3330 0 0 2.92101e-50 7.94034e-34 0
3332.5 0 0 1.84344e-50 7.42574e-34 0
3335 0 0 8.75099e-51 6.32422e-34 0
3337.5 0 0 9.82233e-51 5.7953e-34 0
3340 0 0 1.47181e-50 5.77381e-34 0
3342.5 0 0 1.8955e-50 5.51513e-34 0
3345 0 0 3.22145e-50 4.87786e-34 0
3347.5 0 0 6.08659e-50 4.47023e-34 0
3350 0 0 8.76667e-50 4.64386e-34 0
3352.5 0 0 8.72008e-50 4.9574e-34 0
3355 0 0 7.21697e-50 4.86754e-34 0
3357.5 0 0 1.11799e-49 4.52836e-34 0
3360 0 0 2.7643e-49 4.50408e-34 0
3362.5 0 0 5.47001e-49 4.88521e-34 0
3365 0 0 7.90718e-49 5.15291e-34 0
3367.5 0 0 8.52954e-49 4.96545e-34 0
3370 0 0 6.91298e-49 4.67522e-34 0
3372.5 0 0 4.1167e-49 4.813e-34 0
3375 0 0 1.72342e-49 5.29546e-34 0
3377.5 0 0 5.58747e-50 5.50708e-34 0
3380 0 0 3.68967e-50 5.16746e-34 0
3382.5 0 0 4.88249e-50 4.78532e-34 0
3385 0 0 5.2861e-50 5.0281e-34 0
3387.5 0 0 4.47447e-50 5.78047e-34 0
3390 0 0 2.84569e-50 6.14655e-34 0
3392.5 0 0 9.65329e-51 5.53204e-34 0
3395 0 0 2.31737e-51 4.54408e-34 0
3397.5 0 0 1.75053e-50 4.49211e-34 0
3400 0 0 4.23651e-50 5.86963e-34 0
3402.5 0 0 4.83352e-50 7.55893e-34 0
3405 0 0 2.73325e-50 7.8626e-34 0
3407.5 0 0 6.77226e-51 6.33105e-34 0
3410 0 0 1.66849e-50 4.26707e-34 0
3412.5 0 0 4.88628e-50 3.28464e-34 0
3415 0 0 6.41514e-50 3.65846e-34 0
3417.5 0 0 4.16693e-50 4.39096e-34 0
3420 0 0 8.4125e-51 4.6698e-34 0
3422.5 0 0 1.00418e-50 4.70889e-34 0
3425 0 0 5.48577e-50 5.05604e-34 0
3427.5 0 0 9.83974e-50 5.61869e-34 0
3430 0 0 9.09972e-50 5.83539e-34 0
3432.5 0 0 3.98151e-50 5.57811e-34 0
3435 0 0 1.30059e-50 5.34795e-34 0
3437.5 0 0 7.44585e-50 5.51539e-34 0
3440 0 0 2.16001e-49 5.798e-34 0
3442.5 0 0 3.62701e-49 5.72991e-34 0
3445 0 0 4.44069e-49 5.36864e-34 0
3447.5 0 0 4.49933e-49 5.19598e-34 0
3450 0 0 4.11605e-49 5.40351e-34 0
3452.5 0 0 3.49768e-49 5.61839e-34 0
3455 0 0 2.62435e-49 5.44305e-34 0
3457.5 0 0 1.61532e-49 5.03318e-34 0
3460 0 0 9.05875e-50 4.90707e-34 0
3462.5 0 0 8.26799e-50 5.22901e-34 0
3465 0 0 1.14514e-49 5.52434e-34 0
3467.5 0 0 1.2647e-49 5.26294e-34 0
3470 0 0 9.02745e-50 4.62193e-34 0
3472.5 0 0 3.80377e-50 4.39949e-34 0
3475 0 0 1.67602e-50 5.02999e-34 0
3477.5 0 0 3.09176e-50 5.87012e-34 0
3480 0 0 4.49052e-50 5.79615e-34 0
3482.5 0 0 3.37193e-50 4.58011e-34 0
3485 0 0 1.04118e-50 3.371e-34 0
3487.5 0 0 1.21871e-51 3.52725e-34 0
3490 0 0 9.81313e-51 5.08661e-34 0
3492.5 0 0 1.77344e-50 6.71334e-34 0
3495 0 0 1.29649e-50 7.18249e-34 0
3497.5 0 0 3.97596e-51 6.58524e-34 0
3500 0 0 3.74022e-51 5.89742e-34 0
3502.5 0 0 1.0391e-50 5.67771e-34 0
3505 0 0 1.24223e-50 5.61056e-34 0
3507.5 0 0 9.44161e-51 5.26164e-34 0
3510 0 0 1.6247e-50 4.79005e-34 0
3512.5 0 0 4.06932e-50 4.6482e-34 0
3515 0 0 6.49194e-50 4.86208e-34 0
3517.5 0 0 6.40161e-50 5.00292e-34 0
3520 0 0 4.88246e-50 4.83551e-34 0
3522.5 0 0 7.54784e-50 4.63821e-34 0
3525 0 0 1.91058e-49 4.74742e-34 0
3527.5 0 0 3.66073e-49 5.04256e-34 0
3530 0 0 4.96883e-49 5.1299e-34 0
3532.5 0 0 4.92687e-49 4.92869e-34 0
3535 0 0 3.59048e-49 4.79443e-34 0
3537.5 0 0 1.87897e-49 5.0055e-34 0
3540 0 0 7.03667e-50 5.34479e-34 0
3542.5 0 0 2.79113e-50 5.37499e-34 0
3545 0 0 2.5432e-50 5.05577e-34 0
3547.5 0 0 2.70432e-50 4.86513e-34 0
3550 0 0 2.38012e-50 5.19768e-34 0
3552.5 0 0 1.90923e-50 5.76742e-34 0
3555 0 0 1.23042e-50 5.84718e-34 0
3557.5 0 0 4.10029e-51 5.1904e-34 0
3560 0 0 3.19354e-51 4.51879e-34 0
3562.5 0 0 1.48817e-50 4.80857e-34 0
3565 0 0 2.86846e-50 6.07244e-34 0
3567.5 0 0 2.84983e-50 7.14165e-34 0
3570 0 0 1.45505e-50 6.87527e-34 0
3572.5 0 0 6.03589e-51 5.431e-34 0
3575 0 0 1.69992e-50 4.06282e-34 0
3577.5 0 0 3.64947e-50 3.71929e-34 0
3580 0 0 4.02249e-50 4.17498e-34 0
3582.5 0 0 2.17364e-50 4.62212e-34 0
3585 0 0 3.89387e-51 4.74285e-34 0
3587.5 0 0 1.36319e-50 4.86251e-34 0
3590 0 0 4.67903e-50 5.22713e-34 0
3592.5 0 0 6.76521e-50 5.58624e-34 0
3595 0 0 4.99379e-50 5.60988e-34 0
3597.5 0 0 1.42369e-50 5.40114e-34 0
3600 0 0 1.32376e-50 5.33343e-34 0
3602.5 0 0 7.51335e-50 5.50742e-34 0
3605 0 0 1.6954e-49 5.63848e-34 0
3607.5 0 0 2.37708e-49 5.49932e-34 0
3610 0 0 2.51326e-49 5.2529e-34 0
3612.5 0 0 2.30242e-49 5.21394e-34 0
3615 0 0 2.04126e-49 5.3963e-34 0
3617.5 0 0 1.76001e-49 5.48463e-34 0
3620 0 0 1.34032e-49 5.27646e-34 0
3622.5 0 0 8.60196e-50 4.99257e-34 0
3625 0 0 5.99927e-50 5.0042e-34 0
3627.5 0 0 6.76301e-50 5.30207e-34 0
3630 0 0 8.48366e-50 5.43648e-34 0
3632.5 0 0 7.89341e-50 5.09807e-34 0
3635 0 0 4.80829e-50 4.61939e-34 0
3637.5 0 0 2.04084e-50 4.65097e-34 0
3640 0 0 1.66531e-50 5.29719e-34 0
3642.5 0 0 2.69499e-50 5.82142e-34 0
3645 0 0 2.85583e-50 5.44663e-34 0
3647.5 0 0 1.58781e-50 4.36748e-34 0
3650 0 0 3.44677e-51 3.67707e-34 0
3652.5 0 0 3.54923e-51 4.18285e-34 0
3655 0 0 1.0613e-50 5.49951e-34 0
3657.5 0 0 1.15719e-50 6.5051e-34 0
3660 0 0 4.62014e-51 6.56797e-34 0
3662.5 0 0 2.98811e-52 6.05882e-34 0
3665 0 0 5.15628e-51 5.67124e-34 0
3667.5 0 0 1.16087e-50 5.57332e-34 0
3670 0 0 9.46367e-51 5.43925e-34 0
3672.5 0 0 3.51141e-51 5.10144e-34 0
3675 0 0 1.02959e-50 4.81074e-34 0
3677.5 0 0 3.36594e-50 4.81744e-34 0
3680 0 0 5.24359e-50 4.9857e-34 0
3682.5 0 0 4.57734e-50 5.00771e-34 0
3685 0 0 2.8869e-50 4.85157e-34 0
3687.5 0 0 4.91378e-50 4.7756e-34 0
3690 0 0 1.33726e-49 4.92441e-34 0
3692.5 0 0 2.4602e-49 5.11503e-34 0
3695 0 0 3.09376e-49 5.10563e-34 0
3697.5 0 0 2.78572e-49 4.94636e-34 0
3700 0 0 1.8096e-49 4.91578e-34 0
3702.5 0 0 8.38606e-50 5.12753e-34 0
3705 0 0 3.0659e-50 5.34408e-34 0
3707.5 0 0 1.62742e-50 5.2774e-34 0
3710 0 0 1.43016e-50 5.01117e-34 0
3712.5 0 0 1.1223e-50 4.95773e-34 0
3715 0 0 8.92514e-51 5.31671e-34 0
3717.5 0 0 8.72816e-51 5.71221e-34 0
3720 0 0 6.72347e-51 5.58658e-34 0
3722.5 0 0 2.87805e-51 4.96843e-34 0
3725 0 0 3.82646e-51 4.60085e-34 0
3727.5 0 0 1.23527e-50 5.10501e-34 0
3730 0 0 2.0477e-50 6.14049e-34 0
3732.5 0 0 1.86405e-50 6.67189e-34 0
3735 0 0 9.56046e-51 6.10673e-34 0
3737.5 0 0 6.40596e-51 4.93832e-34 0
3740 0 0 1.59536e-50 4.14176e-34 0
3742.5 0 0 2.79748e-50 4.12751e-34 0
3745 0 0 2.6675e-50 4.50436e-34 0
3747.5 0 0 1.20296e-50 4.75726e-34 0
3750 0 0 3.23967e-51 4.83963e-34 0
3752.5 0 0 1.59828e-50 5.00479e-34 0
3755 0 0 3.95467e-50 5.30341e-34 0
3757.5 0 0 4.59941e-50 5.50175e-34 0
3760 0 0 2.52651e-50 5.45149e-34 0
3762.5 0 0 3.62355e-51 5.31303e-34 0
3765 0 0 1.72885e-50 5.32095e-34 0
3767.5 0 0 6.97307e-50 5.45741e-34 0
3770 0 0 1.24794e-49 5.49868e-34 0
3772.5 0 0 1.45467e-49 5.35079e-34 0
3775 0 0 1.3139e-49 5.19205e-34 0
3777.5 0 0 1.09941e-49 5.22155e-34 0
3780 0 0 9.90159e-50 5.36696e-34 0
3782.5 0 0 9.04984e-50 5.37207e-34 0
3785 0 0 7.23034e-50 5.1638e-34 0
3787.5 0 0 5.11576e-50 4.98884e-34 0
3790 0 0 4.41587e-50 5.08945e-34 0
3792.5 0 0 5.27683e-50 5.33158e-34 0
3795 0 0 5.89946e-50 5.32996e-34 0
3797.5 0 0 4.80881e-50 4.97769e-34 0
3800 0 0 2.70104e-50 4.67947e-34 0
3802.5 0 0 1.408e-50 4.88478e-34 0
3805 0 0 1.56497e-50 5.44674e-34 0
3807.5 0 0 2.07985e-50 5.67761e-34 0
3810 0 0 1.7559e-50 5.15455e-34 0
3812.5 0 0 7.80835e-51 4.31485e-34 0
3815 0 0 2.42914e-51 4.04266e-34 0
3817.5 0 0 5.61648e-51 4.68654e-34 0
3820 0 0 9.86453e-51 5.68575e-34 0
3822.5 0 0 7.3819e-51 6.23082e-34 0
3825 0 0 1.31565e-51 6.10823e-34 0
3827.5 0 0 1.04506e-51 5.74148e-34 0
3830 0 0 7.84329e-51 5.53814e-34 0
3832.5 0 0 1.17181e-50 5.4642e-34 0
3835 0 0 6.1952e-51 5.29287e-34 0
3837.5 0 0 6.75747e-52 5.02627e-34 0
3840 0 0 9.90797e-51 4.87996e-34 0
3842.5 0 0 3.11547e-50 4.94099e-34 0
3845 0 0 4.20326e-50 5.04248e-34 0
3847.5 0 0 2.94194e-50 5.01101e-34 0
3850 0 0 1.3851e-50 4.90161e-34 0
3852.5 0 0 3.28504e-50 4.8965e-34 0
3855 0 0 9.61308e-50 5.03325e-34 0
3857.5 0 0 1.66045e-49 5.14633e-34 0
3860 0 0 1.90907e-49 5.09828e-34 0
3862.5 0 0 1.55077e-49 4.98294e-34 0
3865 0 0 8.99844e-50 5.00973e-34 0
3867.5 0 0 3.79513e-50 5.2022e-34 0
3870 0 0 1.49361e-50 5.32699e-34 0
3872.5 0 0 9.21817e-51 5.2027e-34 0
3875 0 0 6.06289e-51 4.99712e-34 0
3877.5 0 0 3.09952e-51 5.05349e-34 0
3880 0 0 3.48762e-51 5.40073e-34 0
3882.5 0 0 5.65365e-51 5.6208e-34 0
3885 0 0 5.20936e-51 5.35711e-34 0
3887.5 0 0 3.01098e-51 4.85416e-34 0
3890 0 0 4.55852e-51 4.75918e-34 0
3892.5 0 0 1.10797e-50 5.33788e-34 0
3895 0 0 1.61398e-50 6.0768e-34 0
3897.5 0 0 1.37036e-50 6.21453e-34 0
3900 0 0 7.37189e-51 5.57928e-34 0
3902.5 0 0 6.89008e-51 4.73577e-34 0
3905 0 0 1.51512e-50 4.32556e-34 0
3907.5 0 0 2.24418e-50 4.44116e-34 0
3910 0 0 1.83243e-50 4.7148e-34 0
3912.5 0 0 6.90943e-51 4.85989e-34 0
3915 0 0 4.32606e-51 4.93537e-34 0
3917.5 0 0 1.76863e-50 5.10325e-34 0
3920 0 0 3.27722e-50 5.32489e-34 0
3922.5 0 0 2.98752e-50 5.42032e-34 0
3925 0 0 1.07292e-50 5.34575e-34 0
3927.5 0 0 1.02758e-51 5.26219e-34 0
3930 0 0 2.10831e-50 5.3061e-34 0
3932.5 0 0 5.99201e-50 5.40286e-34 0
3935 0 0 8.61189e-50 5.38717e-34 0
3937.5 0 0 8.25814e-50 5.25122e-34 0
3940 0 0 6.23843e-50 5.16387e-34 0
3942.5 0 0 4.90161e-50 5.22978e-34 0
3945 0 0 4.87218e-50 5.32869e-34 0
3947.5 0 0 4.94788e-50 5.27549e-34 0
3950 0 0 4.24879e-50 5.09462e-34 0
3952.5 0 0 3.39453e-50 5.01578e-34 0
3955 0 0 3.37734e-50 5.15769e-34 0
3957.5 0 0 3.97986e-50 5.32132e-34 0
3960 0 0 4.03724e-50 5.22375e-34 0
3962.5 0 0 3.01069e-50 4.91241e-34 0
3965 0 0 1.68604e-50 4.78028e-34 0
3967.5 0 0 1.12846e-50 5.07303e-34 0
3970 0 0 1.38349e-50 5.49583e-34 0
3972.5 0 0 1.56875e-50 5.4968e-34 0
3975 0 0 1.11418e-50 4.94971e-34 0
3977.5 0 0 4.5316e-51 4.37902e-34 0
3980 0 0 3.19834e-51 4.39807e-34 0
3982.5 0 0 7.02854e-51 5.02809e-34 0
3985 0 0 8.77618e-51 5.71342e-34 0
3987.5 0 0 4.73325e-51 5.95998e-34 0
3990 0 0 6.35356e-52 5.79155e-34 0
3992.5 0 0 3.38499e-51 5.55263e-34 0
3995 0 0 9.90008e-51 5.43789e-34 0
3997.5 0 0 1.03905e-50 5.3579e-34 0
4000 0 0 3.29628e-51 5.1946e-34 0
4002.5 0 0 5.00887e-52 5.01107e-34 0
4005 0 0 1.19638e-50 4.94919e-34 0
4007.5 0 0 2.89073e-50 5.01593e-34 0
4010 0 0 3.1626e-50 5.07248e-34 0
4012.5 0 0 1.61622e-50 5.02669e-34 0
4015 0 0 5.12311e-51 4.95434e-34 0
4017.5 0 0 2.44257e-50 4.98354e-34 0
4020 0 0 7.13185e-50 5.10255e-34 0
4022.5 0 0 1.12486e-49 5.16377e-34 0
4025 0 0 1.17296e-49 5.09352e-34 0
4027.5 0 0 8.59991e-50 5.01543e-34 0
4030 0 0 4.5059e-50 5.08588e-34 0
4032.5 0 0 1.81495e-50 5.25101e-34 0
4035 0 0 8.12782e-51 5.29143e-34 0
4037.5 0 0 4.84556e-51 5.13747e-34 0
4040 0 0 1.77026e-51 5.01333e-34 0
4042.5 0 0 4.41443e-52 5.15245e-34 0
4045 0 0 2.64446e-51 5.43766e-34 0
4047.5 0 0 5.31886e-51 5.49412e-34 0
4050 0 0 5.01026e-51 5.18057e-34 0
4052.5 0 0 3.54814e-51 4.84186e-34 0
4055 0 0 5.45468e-51 4.93822e-34 0
4057.5 0 0 1.07467e-50 5.47194e-34 0
4060 0 0 1.37767e-50 5.92972e-34 0
4062.5 0 0 1.08163e-50 5.83531e-34 0
4065 0 0 6.30845e-51 5.25766e-34 0
4067.5 0 0 7.72654e-51 4.69427e-34 0
4070 0 0 1.47856e-50 4.52034e-34 0
4072.5 0 0 1.83729e-50 4.67072e-34 0
4075 0 0 1.25734e-50 4.8546e-34 0
4077.5 0 0 4.50612e-51 4.93814e-34 0
4080 0 0 6.40563e-51 5.01469e-34 0
4082.5 0 0 1.84638e-50 5.16864e-34 0
4085 0 0 2.60383e-50 5.32001e-34 0
4087.5 0 0 1.7946e-50 5.34783e-34 0
4090 0 0 3.19492e-51 5.27466e-34 0
4092.5 0 0 2.5076e-51 5.23657e-34 0
4095 0 0 2.30776e-50 5.29214e-34 0
4097.5 0 0 4.82463e-50 5.34769e-34 0
4100 0 0 5.59693e-50 5.29995e-34 0
4102.5 0 0 4.30028e-50 5.19172e-34 0
4105 0 0 2.60497e-50 5.15812e-34 0
4107.5 0 0 2.07446e-50 5.23252e-34 0
4110 0 0 2.57877e-50 5.2854e-34 0
4112.5 0 0 2.97525e-50 5.20166e-34 0
4115 0 0 2.74681e-50 5.06255e-34 0
4117.5 0 0 2.44682e-50 5.05619e-34 0
4120 0 0 2.63074e-50 5.20378e-34 0
4122.5 0 0 2.99599e-50 5.28741e-34 0
4125 0 0 2.81545e-50 5.13371e-34 0
4127.5 0 0 1.97802e-50 4.89456e-34 0
4130 0 0 1.16749e-50 4.8984e-34 0
4132.5 0 0 9.81861e-51 5.20764e-34 0
4135 0 0 1.21578e-50 5.47e-34 0
4137.5 0 0 1.20309e-50 5.31764e-34 0
4140 0 0 7.48144e-51 4.8388e-34 0
4142.5 0 0 3.4738e-51 4.51662e-34 0
4145 0 0 4.47967e-51 4.69579e-34 0
4147.5 0 0 7.78218e-51 5.22247e-34 0
4150 0 0 7.37504e-51 5.65516e-34 0
4152.5 0 0 3.10442e-51 5.73825e-34 0
4155 0 0 1.45914e-51 5.58219e-34 0
4157.5 0 0 5.89807e-51 5.42688e-34 0
4160 0 0 1.05528e-50 5.35392e-34 0
4162.5 0 0 8.07519e-51 5.27728e-34 0
4165 0 0 1.48679e-51 5.14016e-34 0
4167.5 0 0 2.21984e-51 5.01711e-34 0
4170 0 0 1.41272e-50 5.00255e-34 0
4172.5 0 0 2.53809e-50 5.06735e-34 0
4175 0 0 2.1906e-50 5.0936e-34 0
4177.5 0 0 7.19543e-51 5.0395e-34 0
4180 0 0 1.88206e-51 4.99688e-34 0
4182.5 0 0 2.07532e-50 5.05234e-34 0
4185 0 0 5.42766e-50 5.14954e-34 0
4187.5 0 0 7.68646e-50 5.16236e-34 0
4190 0 0 7.24184e-50 5.08455e-34 0
4192.5 0 0 4.80685e-50 5.05334e-34 0
4195 0 0 2.31246e-50 5.15133e-34 0
4197.5 0 0 9.5209e-51 5.26702e-34 0
4200 0 0 5.00567e-51 5.23807e-34 0
4202.5 0 0 2.64637e-51 5.09706e-34 0
4205 0 0 3.58664e-52 5.05921e-34 0
4207.5 0 0 5.75351e-52 5.22996e-34 0
4210 0 0 3.54514e-51 5.42145e-34 0
4212.5 0 0 5.78813e-51 5.36432e-34 0
4215 0 0 5.13025e-51 5.07505e-34 0
4217.5 0 0 4.19876e-51 4.89219e-34 0
4220 0 0 6.49378e-51 5.08864e-34 0
4222.5 0 0 1.07877e-50 5.52062e-34 0
4225 0 0 1.20493e-50 5.75716e-34 0
4227.5 0 0 8.74924e-51 5.54843e-34 0
4230 0 0 6.01223e-51 5.07924e-34 0
4232.5 0 0 8.79595e-51 4.73448e-34 0
4235 0 0 1.42739e-50 4.69465e-34 0
4237.5 0 0 1.47551e-50 4.83075e-34 0
4240 0 0 8.58407e-51 4.94524e-34 0
4242.5 0 0 4.06333e-51 5.00058e-34 0
4245 0 0 8.6933e-51 5.07952e-34 0
4247.5 0 0 1.7916e-50 5.20609e-34 0
4250 0 0 1.94862e-50 5.29799e-34 0
4252.5 0 0 9.80589e-51 5.29005e-34 0
4255 0 0 5.6244e-52 5.23232e-34 0
4257.5 0 0 5.49887e-51 5.22312e-34 0
4260 0 0 2.30447e-50 5.27442e-34 0
4262.5 0 0 3.69462e-50 5.29865e-34 0
4265 0 0 3.44756e-50 5.23838e-34 0
4267.5 0 0 2.01016e-50 5.15864e-34 0
4270 0 0 8.84018e-51 5.16129e-34 0
4272.5 0 0 9.02869e-51 5.23171e-34 0
4275 0 0 1.58205e-50 5.24495e-34 0
4277.5 0 0 2.00379e-50 5.14718e-34 0
4280 0 0 1.94612e-50 5.05537e-34 0
4282.5 0 0 1.88402e-50 5.10302e-34 0
4285 0 0 2.11121e-50 5.23013e-34 0
4287.5 0 0 2.30271e-50 5.23697e-34 0
4290 0 0 2.02376e-50 5.06563e-34 0
4292.5 0 0 1.37408e-50 4.91947e-34 0
4295 0 0 9.08355e-51 5.01651e-34 0
4297.5 0 0 9.16263e-51 5.28082e-34 0
4300 0 0 1.07826e-50 5.39474e-34 0
4302.5 0 0 9.35331e-51 5.17565e-34 0
4305 0 0 5.42627e-51 4.81383e-34 0
4307.5 0 0 3.65481e-51 4.67583e-34 0
4310 0 0 5.79373e-51 4.91081e-34 0
4312.5 0 0 7.85168e-51 5.31422e-34 0
4315 0 0 5.9507e-51 5.57091e-34 0
4317.5 0 0 2.53675e-51 5.56783e-34 0
4320 0 0 3.12027e-51 5.43662e-34 0
4322.5 0 0 7.76529e-51 5.33981e-34 0
4325 0 0 9.93355e-51 5.29398e-34 0
4327.5 0 0 5.81658e-51 5.22088e-34 0
4330 0 0 1.20274e-51 5.10618e-34 0
4332.5 0 0 4.69633e-51 5.03148e-34 0
4335 0 0 1.51162e-50 5.05037e-34 0
4337.5 0 0 2.08574e-50 5.10321e-34 0
4340 0 0 1.40829e-50 5.09992e-34 0
4342.5 0 0 2.45818e-51 5.04876e-34 0
4345 0 0 2.06815e-51 5.04006e-34 0
4347.5 0 0 1.91643e-50 5.10701e-34 0
4350 0 0 4.21133e-50 5.16913e-34 0
4352.5 0 0 5.29547e-50 5.14732e-34 0
4355 0 0 4.50876e-50 5.08595e-34 0
4357.5 0 0 2.73496e-50 5.0967e-34 0
4360 0 0 1.26364e-50 5.19281e-34 0
4362.5 0 0 6.01424e-51 5.25346e-34 0
4365 0 0 3.81887e-51 5.18915e-34 0
4367.5 0 0 1.88149e-51 5.08653e-34 0
4370 0 0 5.3484e-52 5.1112e-34 0
4372.5 0 0 1.83184e-51 5.27264e-34 0
4375 0 0 4.8128e-51 5.37486e-34 0
4377.5 0 0 6.20203e-51 5.2565e-34 0
4380 0 0 5.2488e-51 5.02627e-34 0
4382.5 0 0 4.94812e-51 4.96707e-34 0
4385 0 0 7.54441e-51 5.19806e-34 0
4387.5 0 0 1.06789e-50 5.51036e-34 0
4390 0 0 1.04768e-50 5.58742e-34 0
4392.5 0 0 7.37209e-51 5.34586e-34 0
4395 0 0 6.36116e-51 5.00001e-34 0
4397.5 0 0 9.74809e-51 4.80935e-34 0
4400 0 0 1.32656e-50 4.8312e-34 0
4402.5 0 0 1.15194e-50 4.93725e-34 0
4405 0 0 6.25702e-51 5.00901e-34 0
4407.5 0 0 4.9042e-51 5.05177e-34 0
4410 0 0 1.04391e-50 5.12447e-34 0
4412.5 0 0 1.61629e-50 5.22173e-34 0
4415 0 0 1.38524e-50 5.27332e-34 0
4417.5 0 0 5.10882e-51 5.24781e-34 0
4420 0 0 9.17543e-52 5.20448e-34 0
4422.5 0 0 8.38146e-51 5.21436e-34 0
4425 0 0 2.14503e-50 5.2591e-34 0
4427.5 0 0 2.72223e-50 5.25795e-34 0
4430 0 0 2.02927e-50 5.19222e-34 0
4432.5 0 0 8.13083e-51 5.14272e-34 0
4435 0 0 2.00504e-51 5.17334e-34 0
4437.5 0 0 5.18368e-51 5.22729e-34 0
4440 0 0 1.17044e-50 5.20287e-34 0
4442.5 0 0 1.50235e-50 5.1104e-34 0
4445 0 0 1.49453e-50 5.07248e-34 0
4447.5 0 0 1.541e-50 5.14811e-34 0
4450 0 0 1.75064e-50 5.22984e-34 0
4452.5 0 0 1.81945e-50 5.18009e-34 0
4455 0 0 1.50498e-50 5.03282e-34 0
4457.5 0 0 1.02231e-50 4.97488e-34 0
4460 0 0 7.93505e-51 5.1087e-34 0
4462.5 0 0 8.89652e-51 5.29815e-34 0
4465 0 0 9.57433e-51 5.30922e-34 0
4467.5 0 0 7.42948e-51 5.08757e-34 0
4470 0 0 4.56428e-51 4.84007e-34 0
4472.5 0 0 4.50268e-51 4.81883e-34 0
4475 0 0 6.77723e-51 5.05619e-34 0
4477.5 0 0 7.38641e-51 5.34763e-34 0
4480 0 0 4.85992e-51 5.4812e-34 0
4482.5 0 0 2.88504e-51 5.43563e-34 0
4485 0 0 4.93957e-51 5.33923e-34 0
4487.5 0 0 8.67877e-51 5.28551e-34 0
4490 0 0 8.58582e-51 5.2491e-34 0
4492.5 0 0 4.25818e-51 5.17619e-34 0
4495 0 0 2.08782e-51 5.08916e-34 0
4497.5 0 0 7.03819e-51 5.05654e-34 0
4500 0 0 1.49031e-50 5.08871e-34 0
4502.5 0 0 1.63275e-50 5.11946e-34 0
4505 0 0 8.74163e-51 5.09953e-34 0
4507.5 0 0 8.597e-52 5.06481e-34 0
4510 0 0 3.72187e-51 5.08028e-34 0
4512.5 0 0 1.80908e-50 5.14006e-34 0
4515 0 0 3.29706e-50 5.16999e-34 0
4517.5 0 0 3.69032e-50 5.1349e-34 0
4520 0 0 2.85913e-50 5.09733e-34 0
4522.5 0 0 1.62124e-50 5.13242e-34 0
4525 0 0 7.92795e-51 5.21132e-34 0
4527.5 0 0 4.86389e-51 5.22843e-34 0
4530 0 0 3.54124e-51 5.15332e-34 0
4532.5 0 0 1.92927e-51 5.09353e-34 0
4535 0 0 1.4745e-51 5.15693e-34 0
4537.5 0 0 3.38427e-51 5.28758e-34 0
4540 0 0 5.84259e-51 5.31472e-34 0
4542.5 0 0 6.34134e-51 5.17524e-34 0
4545 0 0 5.3682e-51 5.01965e-34 0
4547.5 0 0 5.79614e-51 5.04684e-34 0
4550 0 0 8.35194e-51 5.26289e-34 0
4552.5 0 0 1.02112e-50 5.46063e-34 0
4555 0 0 9.01826e-51 5.44165e-34 0
4557.5 0 0 6.66162e-51 5.21855e-34 0
4560 0 0 7.08879e-51 4.97984e-34 0
4562.5 0 0 1.02645e-50 4.88573e-34 0
4565 0 0 1.1768e-50 4.93265e-34 0
4567.5 0 0 9.00149e-51 5.01122e-34 0
4570 0 0 5.38484e-51 5.05374e-34 0
4572.5 0 0 6.27508e-51 5.08755e-34 0
4575 0 0 1.12257e-50 5.15449e-34 0
4577.5 0 0 1.3761e-50 5.22818e-34 0
4580 0 0 9.61518e-51 5.24789e-34 0
4582.5 0 0 3.11724e-51 5.21251e-34 0
4585 0 0 2.64764e-51 5.18823e-34 0
4587.5 0 0 1.03628e-50 5.21363e-34 0
4590 0 0 1.89625e-50 5.24321e-34 0
4592.5 0 0 1.95775e-50 5.21842e-34 0
4595 0 0 1.15414e-50 5.16115e-34 0
4597.5 0 0 2.62116e-51 5.14562e-34 0
4600 0 0 3.49877e-52 5.18624e-34 0
4602.5 0 0 4.69538e-51 5.21066e-34 0
4605 0 0 9.98004e-51 5.16479e-34 0
4607.5 0 0 1.21654e-50 5.09889e-34 0
4610 0 0 1.23202e-50 5.10287e-34 0
4612.5 0 0 1.33323e-50 5.17476e-34 0
4615 0 0 1.49885e-50 5.20952e-34 0
4617.5 0 0 1.46499e-50 5.13756e-34 0
4620 0 0 1.15491e-50 5.03254e-34 0
4622.5 0 0 8.28939e-51 5.03385e-34 0
4625 0 0 7.62417e-51 5.16636e-34 0
4627.5 0 0 8.66491e-51 5.28582e-34 0
4630 0 0 8.3654e-51 5.23624e-34 0
4632.5 0 0 6.1302e-51 5.03999e-34 0
4635 0 0 4.54377e-51 4.88889e-34 0
4637.5 0 0 5.52645e-51 4.93915e-34 0
4640 0 0 7.2122e-51 5.14944e-34 0
4642.5 0 0 6.64811e-51 5.34185e-34 0
4645 0 0 4.33491e-51 5.39551e-34 0
4647.5 0 0 3.80139e-51 5.34182e-34 0
4650 0 0 6.37579e-51 5.27942e-34 0
4652.5 0 0 8.65842e-51 5.24727e-34 0
4655 0 0 7.16984e-51 5.21094e-34 0
4657.5 0 0 3.65951e-51 5.14652e-34 0
4660 0 0 3.54728e-51 5.08877e-34 0
4662.5 0 0 8.65489e-51 5.08189e-34 0
4665 0 0 1.37529e-50 5.11269e-34 0
4667.5 0 0 1.25006e-50 5.12602e-34 0
4670 0 0 5.61326e-51 5.10174e-34 0
4672.5 0 0 1.10851e-51 5.08296e-34 0
4675 0 0 5.67797e-51 5.11087e-34 0
4677.5 0 0 1.70137e-50 5.15817e-34 0
4680 0 0 2.60377e-50 5.16403e-34 0
4682.5 0 0 2.60607e-50 5.12626e-34 0
4685 0 0 1.86157e-50 5.11208e-34 0
4687.5 0 0 1.04619e-50 5.16021e-34 0
4690 0 0 6.11967e-51 5.21455e-34 0
4692.5 0 0 4.70046e-51 5.19813e-34 0
4695 0 0 3.56069e-51 5.13038e-34 0
4697.5 0 0 2.36108e-51 5.11348e-34 0
4700 0 0 2.70948e-51 5.19196e-34 0
4702.5 0 0 4.77863e-51 5.27746e-34 0
4705 0 0 6.45852e-51 5.25247e-34 0
4707.5 0 0 6.26649e-51 5.12646e-34 0
4710 0 0 5.63263e-51 5.04142e-34 0
4712.5 0 0 6.62515e-51 5.11184e-34 0
4715 0 0 8.77148e-51 5.28714e-34 0
4717.5 0 0 9.44767e-51 5.39772e-34 0
4720 0 0 7.86359e-51 5.33114e-34 0
4722.5 0 0 6.52651e-51 5.14309e-34 0
4725 0 0 7.81093e-51 4.98744e-34 0
4727.5 0 0 1.01707e-50 4.95572e-34 0
4730 0 0 1.01774e-50 5.00851e-34 0
4732.5 0 0 7.32941e-51 5.05844e-34 0
4735 0 0 5.47816e-51 5.08126e-34 0
4737.5 0 0 7.50177e-51 5.11571e-34 0
4740 0 0 1.11374e-50 5.17745e-34 0
4742.5 0 0 1.12855e-50 5.22423e-34 0
4745 0 0 6.86228e-51 5.21904e-34 0
4747.5 0 0 2.84409e-51 5.18862e-34 0
4750 0 0 4.6404e-51 5.18549e-34 0
4752.5 0 0 1.13423e-50 5.21204e-34 0
4755 0 0 1.61977e-50 5.22015e-34 0
4757.5 0 0 1.39403e-50 5.18641e-34 0
4760 0 0 6.54373e-51 5.14978e-34 0
4762.5 0 0 8.10754e-52 5.15577e-34 0
4765 0 0 1.02844e-51 5.1881e-34 0
4767.5 0 0 5.36779e-51 5.18878e-34 0
4770 0 0 9.18221e-51 5.14221e-34 0
4772.5 0 0 1.04222e-50 5.10441e-34 0
4775 0 0 1.08129e-50 5.12867e-34 0
4777.5 0 0 1.20153e-50 5.18422e-34 0
4780 0 0 1.30531e-50 5.18662e-34 0
4782.5 0 0 1.19881e-50 5.11268e-34 0
4785 0 0 9.29906e-51 5.04737e-34 0
4787.5 0 0 7.41892e-51 5.08488e-34 0
4790 0 0 7.63106e-51 5.19966e-34 0
4792.5 0 0 8.27795e-51 5.25929e-34 0
4795 0 0 7.3448e-51 5.17734e-34 0
4797.5 0 0 5.49842e-51 5.02256e-34 0
4800 0 0 5.03765e-51 4.94941e-34 0
4802.5 0 0 6.34902e-51 5.03276e-34 0
4805 0 0 7.17136e-51 5.19853e-34 0
4807.5 0 0 6.00669e-51 5.31529e-34 0
4810 0 0 4.39433e-51 5.32668e-34 0
4812.5 0 0 4.93488e-51 5.27915e-34 0
4815 0 0 7.23871e-51 5.23943e-34 0
4817.5 0 0 8.16121e-51 5.21794e-34 0
4820 0 0 6.09142e-51 5.18358e-34 0
4822.5 0 0 3.81109e-51 5.13027e-34 0
4825 0 0 5.07301e-51 5.09472e-34 0
4827.5 0 0 9.49852e-51 5.10326e-34 0
4830 0 0 1.22173e-50 5.12906e-34 0
4832.5 0 0 9.59305e-51 5.1282e-34 0
4835 0 0 4.11995e-51 5.10398e-34 0
4837.5 0 0 2.22991e-51 5.10111e-34 0
4840 0 0 7.31183e-51 5.13549e-34 0
4842.5 0 0 1.5738e-50 5.16534e-34 0
4845 0 0 2.06456e-50 5.15259e-34 0
4847.5 0 0 1.86892e-50 5.1231e-34 0
4850 0 0 1.27511e-50 5.1315e-34 0
4852.5 0 0 7.74284e-51 5.17818e-34 0
4855 0 0 5.59942e-51 5.20301e-34 0
4857.5 0 0 4.79546e-51 5.17019e-34 0
4860 0 0 3.7444e-51 5.12493e-34 0
4862.5 0 0 3.07794e-51 5.13807e-34 0
4865 0 0 3.97987e-51 5.20807e-34 0
4867.5 0 0 5.81132e-51 5.25175e-34 0
4870 0 0 6.67366e-51 5.20384e-34 0
4872.5 0 0 6.19556e-51 5.10567e-34 0
4875 0 0 6.00862e-51 5.0705e-34 0
4877.5 0 0 7.27649e-51 5.15583e-34 0
4880 0 0 8.74406e-51 5.28878e-34 0
4882.5 0 0 8.58341e-51 5.33679e-34 0
4885 0 0 7.16064e-51 5.24812e-34 0
4887.5 0 0 6.7779e-51 5.10157e-34 0
4890 0 0 8.2968e-51 5.01286e-34 0
4892.5 0 0 9.67106e-51 5.01634e-34 0
4895 0 0 8.71683e-51 5.05805e-34 0
4897.5 0 0 6.45274e-51 5.08511e-34 0
4900 0 0 5.98041e-51 5.10339e-34 0
4902.5 0 0 8.29572e-51 5.14054e-34 0
4905 0 0 1.04649e-50 5.18824e-34 0
4907.5 0 0 9.22905e-51 5.21016e-34 0
4910 0 0 5.41099e-51 5.19615e-34 0
4912.5 0 0 3.47395e-51 5.1782e-34 0
4915 0 0 6.32492e-51 5.18516e-34 0
4917.5 0 0 1.14808e-50 5.20329e-34 0
4920 0 0 1.35492e-50 5.1983e-34 0
4922.5 0 0 1.00295e-50 5.16779e-34 0
4925 0 0 4.09079e-51 5.14795e-34 0
4927.5 0 0 9.44789e-52 5.16219e-34 0
4930 0 0 2.51905e-51 5.18386e-34 0
4932.5 0 0 6.22254e-51 5.17133e-34 0
4935 0 0 8.69854e-51 5.13084e-34 0
4937.5 0 0 9.41611e-51 5.11486e-34 0
4940 0 0 9.96248e-51 5.14836e-34 0
4942.5 0 0 1.10655e-50 5.18515e-34 0
4945 0 0 1.14354e-50 5.16471e-34 0
4947.5 0 0 1.00194e-50 5.09976e-34 0
4950 0 0 7.99028e-51 5.07122e-34 0
4952.5 0 0 7.20969e-51 5.12681e-34 0
4955 0 0 7.67383e-51 5.21176e-34 0
4957.5 0 0 7.79371e-51 5.22518e-34 0
4960 0 0 6.63799e-51 5.13741e-34 0
4962.5 0 0 5.45577e-51 5.02913e-34 0
4965 0 0 5.68913e-51 5.00762e-34 0
4967.5 0 0 6.81106e-51 5.09665e-34 0
4970 0 0 6.87762e-51 5.21939e-34 0
4972.5 0 0 5.61773e-51 5.28446e-34 0
4975 0 0 4.83674e-51 5.27335e-34 0
4977.5 0 0 5.91661e-51 5.23569e-34 0
4980 0 0 7.60024e-51 5.21359e-34 0
4982.5 0 0 7.51696e-51 5.19782e-34 0
4985 0 0 5.54012e-51 5.16322e-34 0
4987.5 0 0 4.39336e-51 5.12086e-34 0
4990 0 0 6.3013e-51 5.10571e-34 0
4992.5 0 0 9.69439e-51 5.12273e-34 0
4995 0 0 1.06747e-50 5.13711e-34 0
4997.5 0 0 7.63806e-51 5.12561e-34 0
