0 0 0 0 0 0
2.5 0 0 3.21609e-47 3.57429e-33 0
5 0 0 3.36092e-46 2.7924e-34 0
7.5 0 0 4.98886e-46 1.0912e-33 0
10 0 0 4.03855e-47 8.24939e-32 0
12.5 0 0 2.61125e-45 2.78554e-33 0
15 0 0 2.98121e-46 4.47609e-33 0
17.5 0 0 9.04426e-46 3.63535e-32 0
20 0 0 1.02071e-44 1.86179e-33 0
22.5 0 0 5.28956e-46 9.96425e-33 0
25 0 0 2.73063e-45 3.72331e-33 0
27.5 0 0 2.91842e-44 6.93509e-33 0
30 0 0 1.79352e-45 1.05707e-33 0
32.5 0 0 1.28327e-45 8.80823e-33 0
35 0 0 3.84222e-46 1.52807e-32 0
37.5 0 0 2.0646e-45 1.60962e-31 0
40 0 0 2.2473e-45 1.17128e-32 0
42.5 0 0 6.37236e-46 1.57647e-33 0
45 0 0 8.62256e-48 4.68896e-32 0
47.5 0 0 3.42384e-44 2.19903e-33 0
50 0 0 9.29046e-46 3.4455e-32 0
52.5 0 0 5.42156e-45 4.86621e-34 0
55 0 0 1.7096e-44 2.1365e-32 0
57.5 0 0 5.07197e-46 8.54062e-32 0
60 0 0 1.15488e-44 3.11465e-33 0
62.5 0 0 3.05415e-45 5.20418e-32 0
65 0 0 7.04863e-45 9.81035e-32 0
67.5 0 0 8.78733e-46 7.8129e-33 0
70 0 0 8.06663e-46 1.19963e-32 0
72.5 0 0 6.29163e-45 3.42054e-32 0
75 0 0 3.76978e-44 1.70611e-32 0
77.5 0 0 8.67554e-45 3.52336e-32 0
80 0 0 1.64808e-46 3.58747e-32 0
82.5 0 0 1.35535e-44 5.17294e-33 0
85 0 0 3.56747e-45 1.36047e-31 0
87.5 0 0 1.34074e-44 5.78861e-32 0
90 0 0 1.26498e-44 1.30851e-32 0
92.5 0 0 2.07364e-45 1.26209e-31 0
95 0 0 1.02189e-44 1.24233e-33 0
97.5 0 0 1.93635e-45 3.41902e-32 0
100 0 0 1.39002e-44 5.43343e-32 0
102.5 0 0 2.21735e-44 6.56857e-32 0
105 0 0 6.55943e-45 5.08105e-33 0
107.5 0 0 5.88068e-45 8.20326e-33 0
110 0 0 2.63383e-44 7.36057e-32 0
112.5 0 0 1.48787e-44 4.49494e-32 0
115 0 0 2.23793e-45 5.49556e-32 0
117.5 0 0 1.32635e-44 2.67607e-33 0
120 0 0 2.10921e-45 1.42666e-31 0
122.5 0 0 1.04188e-44 1.17127e-32 0
125 0 0 1.70623e-44 5.86152e-32 0
127.5 0 0 4.34764e-45 1.73507e-31 0
130 0 0 2.10803e-44 1.09541e-32 0
132.5 0 0 1.96153e-46 3.31823e-32 0
135 0 0 9.92747e-45 4.73237e-32 0
137.5 0 0 5.33889e-44 3.31377e-32 0
140 0 0 9.0991e-45 7.94115e-32 0
142.5 0 0 8.68273e-46 1.32662e-32 0
145 0 0 2.1416e-45 5.61617e-33 0
147.5 0 0 1.01143e-44 1.74072e-31 0
150 0 0 5.2011e-45 6.53601e-32 0
152.5 0 0 1.9782e-44 3.26039e-33 0
155 0 0 8.95674e-46 1.34361e-31 0
157.5 0 0 3.62435e-44 3.08738e-32 0
160 0 0 9.20514e-45 7.95928e-34 0
162.5 0 0 1.33784e-45 9.86163e-32 0
165 0 0 6.10345e-44 3.21306e-33 0
167.5 0 0 2.41123e-46 1.05333e-31 0
170 0 0 4.6176e-46 6.85151e-33 0
172.5 0 0 1.05584e-44 1.50289e-32 0
175 0 0 3.57725e-45 3.59826e-31 0
177.5 0 0 1.3326e-44 3.33249e-32 0
180 0 0 3.77461e-45 1.89205e-32 0
182.5 0 0 3.60189e-45 2.45452e-32 0
185 0 0 6.87959e-44 2.5918e-32 0
187.5 0 0 7.59284e-45 6.81221e-32 0
190 0 0 3.25884e-45 3.11653e-32 0
192.5 0 0 3.46886e-44 6.7521e-33 0
195 0 0 4.10988e-45 1.24054e-31 0
197.5 0 0 5.34033e-45 1.54395e-32 0
200 0 0 1.93606e-44 4.16698e-34 0
202.5 0 0 1.30995e-45 3.84011e-31 0
205 0 0 1.6804e-44 9.84119e-33 0
207.5 0 0 2.90736e-45 1.64991e-32 0
210 0 0 2.23013e-46 1.0848e-31 0
212.5 0 0 8.91697e-44 6.06487e-33 0
215 0 0 1.63673e-47 5.95145e-32 0
217.5 0 0 3.78035e-45 1.74725e-32 0
220 0 0 2.45102e-44 1.26867e-33 0
222.5 0 0 1.0367e-45 2.70338e-31 0
225 0 0 2.49733e-44 1.56378e-32 0
227.5 0 0 5.52438e-45 5.53169e-32 0
230 0 0 5.69332e-45 1.70849e-31 0
232.5 0 0 2.5006e-44 2.69421e-32 0
235 0 0 3.66468e-45 1.06268e-31 0
237.5 0 0 1.14909e-44 4.83937e-32 0
240 0 0 7.05756e-44 2.42731e-32 0
242.5 0 0 4.69517e-45 2.32156e-32 0
245 0 0 4.06585e-45 4.02786e-33 0
247.5 0 0 3.08655e-44 8.63436e-33 0
250 0 0 5.69155e-45 3.5799e-31 0
252.5 0 0 2.16187e-44 2.35252e-32 0
255 0 0 5.01693e-46 2.81175e-32 0
257.5 0 0 6.51111e-46 2.57853e-31 0
260 0 0 4.04231e-44 1.90646e-32 0
262.5 0 0 3.58353e-45 1.1043e-31 0
265 0 0 1.55658e-44 3.56585e-33 0
267.5 0 0 6.26083e-44 1.19745e-32 0
270 0 0 1.52113e-45 4.1621e-32 0
272.5 0 0 2.38581e-44 9.32358e-33 0
275 0 0 1.88581e-44 1.03469e-31 0
277.5 0 0 1.64231e-44 2.19969e-31 0
280 0 0 2.67316e-45 5.06965e-32 0
282.5 0 0 1.99046e-45 3.9971e-32 0
285 0 0 1.26464e-44 2.31485e-31 0
287.5 0 0 3.80724e-44 6.69069e-32 0
290 0 0 1.53368e-44 6.00268e-32 0
292.5 0 0 1.43987e-45 1.92887e-33 0
295 0 0 7.48088e-44 2.05786e-34 0
297.5 0 0 6.58541e-45 8.45205e-32 0
300 0 0 2.63812e-44 7.35418e-32 0
302.5 0 0 8.56377e-45 8.21085e-32 0
305 0 0 4.76697e-45 3.65433e-31 0
307.5 0 0 1.09466e-45 2.14795e-33 0
310 0 0 8.06368e-45 6.86623e-32 0
312.5 0 0 2.37461e-44 1.05693e-31 0
315 0 0 5.07282e-44 5.58169e-32 0
317.5 0 0 9.34239e-45 1.95423e-32 0
320 0 0 5.19287e-45 5.74778e-34 0
322.5 0 0 6.34583e-44 6.40952e-32 0
325 0 0 2.46554e-44 5.53897e-32 0
327.5 0 0 8.42022e-45 1.39606e-31 0
330 0 0 3.66453e-45 9.29036e-34 0
332.5 0 0 2.7873e-45 4.19004e-31 0
335 0 0 9.31842e-46 6.36001e-32 0
337.5 0 0 3.13604e-44 3.93767e-32 0
340 0 0 7.72299e-45 8.56859e-32 0
342.5 0 0 8.03499e-44 2.24467e-32 0
345 0 0 1.52459e-45 3.38554e-33 0
347.5 0 0 8.89269e-45 7.13982e-32 0
350 0 0 4.3791e-44 8.48655e-32 0
352.5 0 0 1.49171e-44 2.38605e-31 0
355 0 0 8.68674e-45 2.64108e-32 0
357.5 0 0 6.10024e-45 3.20137e-32 0
360 0 0 1.33613e-44 2.40944e-31 0
362.5 0 0 1.89062e-44 6.46549e-32 0
365 0 0 3.03992e-44 3.84619e-32 0
367.5 0 0 3.13602e-45 7.43434e-32 0
370 0 0 7.2825e-44 1.17582e-32 0
372.5 0 0 1.67354e-44 1.88172e-32 0
375 0 0 1.43193e-45 2.12847e-31 0
377.5 0 0 3.05466e-44 2.93175e-33 0
380 0 0 2.36392e-45 3.33959e-31 0
382.5 0 0 9.42275e-45 5.29327e-32 0
385 0 0 3.59203e-44 9.76708e-34 0
387.5 0 0 3.8328e-45 1.90432e-31 0
390 0 0 5.31013e-44 3.7006e-32 0
392.5 0 0 1.04119e-44 4.25793e-32 0
395 0 0 6.68916e-45 8.51674e-32 0
397.5 0 0 4.62975e-44 4.42647e-32 0
400 0 0 1.3628e-44 1.59581e-31 0
402.5 0 0 1.34205e-44 9.92713e-32 0
405 0 0 2.84608e-44 4.99992e-32 0
407.5 0 0 9.12871e-45 1.55524e-31 0
410 0 0 1.59572e-44 6.1629e-32 0
412.5 0 0 4.44732e-44 2.07282e-32 0
415 0 0 3.23262e-45 2.09885e-31 0
417.5 0 0 4.50011e-44 8.22993e-33 0
420 0 0 1.65869e-44 5.59927e-32 0
422.5 0 0 2.24271e-45 2.62212e-31 0
425 0 0 3.40455e-44 6.23961e-33 0
427.5 0 0 4.18016e-46 2.21092e-31 0
430 0 0 1.7272e-44 6.61576e-32 0
432.5 0 0 6.1633e-44 2.31142e-32 0
435 0 0 4.21919e-45 8.43564e-32 0
437.5 0 0 4.06247e-44 1.64071e-32 0
440 0 0 1.75222e-44 6.77796e-32 0
442.5 0 0 1.08511e-44 2.21547e-31 0
445 0 0 1.34343e-44 3.62944e-32 0
447.5 0 0 1.83548e-44 1.13083e-31 0
450 0 0 1.74637e-44 1.87274e-31 0
452.5 0 0 4.07414e-44 5.70098e-32 0
455 0 0 6.37104e-45 7.75395e-32 0
457.5 0 0 6.86238e-45 1.08972e-31 0
460 0 0 7.61773e-44 2.44621e-32 0
462.5 0 0 7.15286e-45 1.17913e-31 0
465 0 0 3.6282e-44 3.32574e-33 0
467.5 0 0 1.40274e-44 5.75018e-32 0
470 0 0 3.18899e-45 4.18346e-31 0
472.5 0 0 3.29458e-45 3.33629e-32 0
475 0 0 6.4956e-45 1.48508e-31 0
477.5 0 0 2.41331e-44 3.51921e-32 0
480 0 0 8.7249e-44 2.94798e-32 0
482.5 0 0 4.41823e-45 3.235e-32 0
485 0 0 1.56817e-44 5.94544e-32 0
487.5 0 0 3.4504e-44 8.87092e-32 0
490 0 0 1.82245e-44 1.94619e-31 0
492.5 0 0 1.56614e-44 2.35645e-32 0
495 0 0 2.25415e-44 1.20222e-32 0
497.5 0 0 1.21117e-44 3.97987e-31 0
500 0 0 1.13619e-44 9.2285e-32 0
502.5 0 0 8.80898e-45 7.95664e-32 0
505 0 0 4.78447e-45 7.06004e-32 0
507.5 0 0 1.18189e-43 1.80656e-33 0
510 0 0 8.96618e-45 1.87377e-32 0
512.5 0 0 1.72392e-44 5.80636e-32 0
515 0 0 5.52599e-45 9.33566e-32 0
517.5 0 0 5.56613e-45 4.31734e-31 0
520 0 0 1.72532e-44 6.19863e-33 0
522.5 0 0 2.05242e-44 3.61062e-32 0
525 0 0 2.27522e-44 1.07541e-31 0
527.5 0 0 5.47529e-44 6.8085e-32 0
530 0 0 3.75475e-45 1.36783e-31 0
532.5 0 0 2.83675e-45 6.7727e-32 0
535 0 0 7.27544e-44 4.02686e-32 0
537.5 0 0 2.58213e-44 5.87379e-32 0
540 0 0 1.60583e-44 8.50218e-32 0
542.5 0 0 8.34815e-45 1.52794e-32 0
545 0 0 3.47353e-45 4.93923e-31 0
547.5 0 0 1.68084e-44 8.37784e-32 0
550 0 0 2.66785e-44 8.5719e-33 0
552.5 0 0 9.24458e-45 3.17101e-32 0
555 0 0 9.6757e-44 2.69307e-32 0
557.5 0 0 5.07932e-45 1.44042e-31 0
560 0 0 3.92118e-45 9.68586e-32 0
562.5 0 0 1.91268e-44 5.90821e-32 0
565 0 0 1.58068e-44 2.37633e-31 0
567.5 0 0 3.96613e-44 2.69375e-32 0
570 0 0 1.76859e-44 5.43199e-32 0
572.5 0 0 1.38334e-44 1.98511e-31 0
575 0 0 2.58855e-44 9.58288e-32 0
577.5 0 0 2.12412e-44 9.87213e-32 0
580 0 0 1.25772e-44 5.15172e-32 0
582.5 0 0 6.91413e-44 4.86518e-32 0
585 0 0 2.63964e-44 1.00612e-31 0
587.5 0 0 1.6864e-45 1.65095e-31 0
590 0 0 7.29946e-45 1.48791e-32 0
592.5 0 0 9.27564e-45 3.17768e-31 0
595 0 0 4.27358e-44 9.68317e-32 0
597.5 0 0 3.7055e-44 3.68856e-32 0
600 0 0 3.02055e-45 6.09745e-32 0
602.5 0 0 4.86352e-44 3.71767e-32 0
605 0 0 1.91752e-44 1.67555e-31 0
607.5 0 0 2.04251e-44 1.12501e-31 0
610 0 0 2.20458e-44 4.88659e-32 0
612.5 0 0 1.93603e-44 1.34368e-31 0
615 0 0 2.53053e-44 1.10739e-31 0
617.5 0 0 2.0427e-44 8.18013e-32 0
620 0 0 2.27362e-44 1.29132e-31 0
622.5 0 0 2.35999e-44 1.6341e-31 0
625 0 0 3.6425e-44 4.30994e-32 0
627.5 0 0 5.64638e-45 7.96898e-32 0
630 0 0 3.79842e-44 6.92377e-32 0
632.5 0 0 4.60572e-44 1.13604e-31 0
635 0 0 9.88503e-45 2.0979e-31 0
637.5 0 0 1.05569e-44 7.31207e-33 0
640 0 0 3.60583e-45 1.63845e-31 0
642.5 0 0 3.23991e-44 1.54498e-31 0
645 0 0 5.21302e-44 8.98922e-32 0
647.5 0 0 1.41687e-44 6.71321e-32 0
650 0 0 2.14346e-44 4.55778e-32 0
652.5 0 0 2.62591e-44 9.2923e-32 0
655 0 0 1.84121e-44 1.62553e-31 0
657.5 0 0 2.11458e-44 8.66128e-32 0
660 0 0 4.38897e-44 5.40729e-32 0
662.5 0 0 1.62823e-44 1.60601e-31 0
665 0 0 2.12709e-44 4.32202e-32 0
667.5 0 0 1.51427e-44 9.8341e-32 0
670 0 0 8.85468e-45 2.95849e-31 0
672.5 0 0 5.6823e-44 4.2456e-32 0
675 0 0 6.19098e-45 8.27288e-32 0
677.5 0 0 2.05241e-44 7.26233e-33 0
680 0 0 5.39433e-44 6.60109e-32 0
682.5 0 0 7.90878e-45 2.8335e-31 0
685 0 0 2.71346e-44 5.46679e-32 0
687.5 0 0 1.00695e-44 4.93543e-32 0
690 0 0 2.11339e-44 1.15088e-31 0
692.5 0 0 5.45331e-44 4.31508e-32 0
695 0 0 1.58086e-44 1.8387e-31 0
697.5 0 0 6.41213e-46 1.77771e-31 0
700 0 0 2.7231e-44 5.77131e-32 0
702.5 0 0 1.19816e-44 1.14247e-31 0
705 0 0 3.58207e-44 2.44041e-32 0
707.5 0 0 6.75025e-44 1.16091e-32 0
710 0 0 6.42009e-45 2.45992e-31 0
712.5 0 0 2.3865e-44 6.33165e-32 0
715 0 0 1.50621e-46 6.41683e-32 0
717.5 0 0 8.94596e-45 2.65083e-31 0
720 0 0 6.99381e-44 1.7537e-33 0
722.5 0 0 1.06528e-44 2.16118e-31 0
725 0 0 9.35519e-46 3.98632e-32 0
727.5 0 0 3.22716e-44 5.87447e-32 0
730 0 0 3.50758e-45 2.15286e-31 0
732.5 0 0 7.00762e-44 2.2113e-32 0
735 0 0 3.44251e-44 1.40313e-32 0
737.5 0 0 1.1431e-44 9.41086e-32 0
740 0 0 2.71399e-44 5.04862e-32 0
742.5 0 0 8.44949e-46 2.50435e-31 0
745 0 0 1.58119e-44 2.31222e-31 0
747.5 0 0 3.75009e-44 2.85808e-32 0
750 0 0 1.62968e-44 1.1408e-31 0
752.5 0 0 1.84883e-44 8.79861e-33 0
755 0 0 5.06486e-44 7.51558e-32 0
757.5 0 0 7.0711e-45 2.27271e-31 0
760 0 0 6.07838e-44 6.33307e-32 0
762.5 0 0 9.51935e-45 7.65035e-33 0
765 0 0 7.88243e-45 1.48988e-31 0
767.5 0 0 3.8253e-44 3.48743e-32 0
770 0 0 8.25392e-45 3.51573e-31 0
772.5 0 0 1.80423e-44 9.49067e-32 0
775 0 0 2.27834e-44 1.77026e-32 0
777.5 0 0 1.08014e-44 8.16984e-32 0
780 0 0 6.23688e-44 2.11215e-32 0
782.5 0 0 3.30356e-44 1.49366e-31 0
785 0 0 1.70163e-44 1.0264e-31 0
787.5 0 0 2.41768e-44 7.59225e-32 0
790 0 0 5.45936e-45 1.01848e-31 0
792.5 0 0 3.0358e-44 1.61802e-31 0
795 0 0 2.4849e-44 1.22536e-31 0
797.5 0 0 2.50662e-44 2.03892e-31 0
800 0 0 6.80815e-45 4.78774e-32 0
802.5 0 0 3.34054e-44 2.99283e-32 0
805 0 0 2.28051e-44 8.80917e-32 0
807.5 0 0 6.52428e-44 1.19219e-31 0
810 0 0 1.35581e-44 1.26586e-31 0
812.5 0 0 3.1097e-45 1.21224e-31 0
815 0 0 1.0932e-44 4.51492e-32 0
817.5 0 0 2.47959e-44 2.02672e-31 0
820 0 0 4.75147e-44 7.63568e-32 0
822.5 0 0 2.3349e-44 1.04457e-31 0
825 0 0 1.55919e-44 7.08338e-32 0
827.5 0 0 1.93051e-44 7.30929e-32 0
830 0 0 2.33316e-44 1.3311e-31 0
832.5 0 0 4.82085e-44 7.55016e-32 0
835 0 0 2.54082e-44 1.80313e-31 0
837.5 0 0 8.41485e-45 4.93942e-32 0
840 0 0 6.39152e-45 1.35554e-31 0
842.5 0 0 1.13069e-44 1.65406e-31 0
845 0 0 6.11138e-44 1.22752e-31 0
847.5 0 0 2.43403e-44 4.05829e-32 0
850 0 0 3.75389e-44 1.64943e-32 0
852.5 0 0 1.17035e-44 3.89338e-32 0
855 0 0 2.42723e-44 2.22104e-31 0
857.5 0 0 1.26049e-44 1.55331e-31 0
860 0 0 3.18071e-44 1.75781e-31 0
862.5 0 0 5.28144e-45 5.80165e-32 0
865 0 0 2.74852e-44 5.05901e-32 0
867.5 0 0 2.32578e-44 6.57799e-32 0
870 0 0 3.6208e-44 2.11707e-31 0
872.5 0 0 5.16507e-44 3.83383e-32 0
875 0 0 7.85497e-45 4.62254e-32 0
877.5 0 0 2.37562e-44 1.31595e-32 0
880 0 0 3.85804e-44 9.72693e-32 0
882.5 0 0 8.92535e-45 3.69973e-31 0
885 0 0 7.80048e-45 5.14374e-32 0
887.5 0 0 4.97502e-45 1.94108e-31 0
890 0 0 8.95759e-45 5.19857e-32 0
892.5 0 0 7.7392e-44 3.59146e-32 0
895 0 0 1.1786e-44 4.33483e-32 0
897.5 0 0 6.62e-44 1.05914e-31 0
900 0 0 1.33303e-44 2.12079e-32 0
902.5 0 0 6.41888e-45 1.64403e-31 0
905 0 0 9.12853e-45 2.76883e-32 0
907.5 0 0 3.79922e-44 2.89885e-31 0
910 0 0 9.74154e-45 2.2296e-31 0
912.5 0 0 1.05777e-44 1.43502e-32 0
915 0 0 1.76372e-45 6.31783e-32 0
917.5 0 0 4.20634e-44 1.12181e-31 0
920 0 0 8.58311e-44 7.17015e-32 0
922.5 0 0 8.3939e-46 2.62606e-32 0
925 0 0 4.41946e-44 2.63593e-32 0
927.5 0 0 1.01447e-44 5.91653e-32 0
930 0 0 1.3509e-44 3.51547e-31 0
932.5 0 0 7.50861e-45 8.71393e-35 0
935 0 0 1.28835e-44 3.47863e-31 0
937.5 0 0 1.03198e-44 5.61188e-32 0
940 0 0 4.74108e-44 2.65387e-32 0
942.5 0 0 6.2455e-46 1.31742e-32 0
945 0 0 8.53354e-44 7.03151e-32 0
947.5 0 0 3.88643e-44 1.17762e-31 0
950 0 0 6.59662e-46 6.41176e-32 0
952.5 0 0 7.68899e-45 1.14926e-32 0
955 0 0 1.45574e-44 2.1994e-31 0
957.5 0 0 4.43567e-44 2.84675e-31 0
960 0 0 3.58915e-45 2.33332e-32 0
962.5 0 0 3.48163e-45 1.52099e-31 0
965 0 0 1.44787e-44 4.90638e-32 0
967.5 0 0 6.69296e-44 1.41834e-31 0
970 0 0 1.30986e-44 7.57557e-33 0
972.5 0 0 7.0973e-44 2.63696e-32 0
975 0 0 1.28119e-44 7.14534e-32 0
977.5 0 0 6.64161e-45 1.94713e-31 0
980 0 0 5.91905e-47 5.73525e-32 0
982.5 0 0 8.51089e-45 3.23868e-31 0
985 0 0 5.09465e-44 1.00033e-31 0
987.5 0 0 2.29695e-44 5.46655e-33 0
990 0 0 6.65724e-45 3.08091e-32 0
992.5 0 0 4.05777e-44 5.37739e-32 0
995 0 0 3.43223e-44 2.78116e-31 0
997.5 0 0 2.33728e-44 3.093e-32 0
1000 0 0 2.60133e-44 1.54061e-32 0
1002.5 0 0 1.43154e-44 4.18672e-32 0
1005 0 0 4.38065e-44 1.7975e-31 0
1007.5 0 0 1.60635e-45 1.8944e-31 0
1010 0 0 8.4401e-45 1.93061e-31 0
1012.5 0 0 1.84025e-44 6.57095e-32 0
1015 0 0 3.96328e-44 3.29205e-32 0
1017.5 0 0 3.74385e-44 2.00011e-32 0
1020 0 0 4.19604e-44 7.74829e-32 0
1022.5 0 0 1.09492e-44 2.29319e-31 0
1025 0 0 5.28616e-45 1.22961e-31 0
1027.5 0 0 1.17032e-44 6.06379e-32 0
1030 0 0 2.41406e-44 7.85043e-32 0
1032.5 0 0 6.70013e-44 4.98979e-32 0
1035 0 0 1.96446e-44 1.7234e-31 0
1037.5 0 0 3.61365e-45 9.54836e-32 0
1040 0 0 2.97609e-45 9.8252e-32 0
1042.5 0 0 1.74111e-44 1.53826e-31 0
1045 0 0 6.98242e-44 5.80857e-32 0
1047.5 0 0 2.16284e-44 7.78708e-32 0
1050 0 0 1.35568e-44 7.15526e-32 0
1052.5 0 0 4.15907e-45 1.16967e-31 0
1055 0 0 1.48189e-44 2.44046e-31 0
1057.5 0 0 3.94533e-44 5.39326e-32 0
1060 0 0 3.70516e-44 3.25294e-32 0
1062.5 0 0 3.54832e-44 3.47776e-32 0
1065 0 0 2.04354e-44 9.37066e-32 0
1067.5 0 0 2.76215e-45 1.79988e-31 0
1070 0 0 2.83106e-45 1.6747e-31 0
1072.5 0 0 4.68514e-44 1.51266e-31 0
1075 0 0 2.23627e-44 2.96916e-32 0
1077.5 0 0 2.68332e-44 1.07499e-32 0
1080 0 0 1.96178e-44 1.89191e-32 0
1082.5 0 0 3.215e-44 3.13475e-31 0
1085 0 0 2.80732e-44 7.51983e-32 0
1087.5 0 0 9.12723e-45 5.66832e-32 0
1090 0 0 1.55389e-44 5.52636e-33 0
1092.5 0 0 5.89611e-44 1.17446e-31 0
1095 0 0 8.86983e-45 2.26747e-31 0
1097.5 0 0 7.4082e-45 6.69671e-32 0
1100 0 0 1.03358e-44 1.4704e-31 0
1102.5 0 0 2.49303e-44 1.05677e-31 0
1105 0 0 5.21057e-44 2.81134e-32 0
1107.5 0 0 1.03774e-44 2.3545e-32 0
1110 0 0 4.90384e-44 1.60136e-31 0
1112.5 0 0 1.28399e-44 1.17352e-31 0
1115 0 0 6.56783e-45 1.23437e-31 0
1117.5 0 0 3.33881e-45 1.22725e-32 0
1120 0 0 5.37809e-44 1.95378e-31 0
1122.5 0 0 3.20658e-44 1.37249e-31 0
1125 0 0 9.82969e-45 2.79086e-32 0
1127.5 0 0 3.79181e-45 4.31303e-32 0
1130 0 0 2.90686e-44 1.97357e-31 0
1132.5 0 0 5.11229e-44 1.3684e-31 0
1135 0 0 1.9442e-45 3.23881e-32 0
1137.5 0 0 3.00454e-44 5.63785e-32 0
1140 0 0 2.93972e-44 8.35493e-32 0
1142.5 0 0 2.27171e-44 1.98555e-31 0
1145 0 0 1.16191e-44 9.81049e-34 0
1147.5 0 0 2.02471e-44 2.06397e-31 0
1150 0 0 3.20643e-44 9.69416e-32 0
1152.5 0 0 2.47127e-44 5.50308e-32 0
1155 0 0 4.88739e-45 4.91e-32 0
1157.5 0 0 4.28544e-44 1.11274e-31 0
1160 0 0 2.89312e-44 2.24401e-31 0
1162.5 0 0 4.88136e-45 3.20894e-32 0
1165 0 0 1.44153e-44 5.19014e-32 0
1167.5 0 0 3.03909e-44 8.53011e-32 0
1170 0 0 5.9104e-44 1.54984e-31 0
1172.5 0 0 6.93379e-45 2.74638e-32 0
1175 0 0 1.11034e-44 1.15203e-31 0
1177.5 0 0 9.32761e-45 1.4511e-31 0
1180 0 0 3.05796e-44 1.68528e-31 0
1182.5 0 0 1.62887e-44 6.49656e-32 0
1185 0 0 3.47978e-44 3.18449e-32 0
1187.5 0 0 3.36816e-44 1.31128e-31 0
1190 0 0 1.05552e-44 7.08752e-32 0
1192.5 0 0 2.3556e-44 9.96017e-32 0
1195 0 0 7.44701e-45 1.08273e-31 0
1197.5 0 0 6.48476e-44 1.20275e-31 0
1200 0 0 6.29874e-45 1.89886e-32 0
1202.5 0 0 1.89166e-44 1.20469e-31 0
1205 0 0 5.6582e-45 8.8283e-32 0
1207.5 0 0 1.91295e-44 2.96873e-31 0
1210 0 0 2.41444e-44 2.49151e-32 0
1212.5 0 0 2.71948e-44 3.9653e-32 0
1215 0 0 3.66585e-44 1.90331e-32 0
1217.5 0 0 3.82578e-44 5.65179e-32 0
1220 0 0 1.74018e-44 1.88143e-31 0
1222.5 0 0 4.66624e-46 8.49724e-32 0
1225 0 0 2.93697e-44 1.77671e-31 0
1227.5 0 0 9.30649e-45 2.14825e-32 0
1230 0 0 4.29586e-44 1.43954e-31 0
1232.5 0 0 6.25256e-45 1.64597e-32 0
1235 0 0 3.03889e-44 2.45903e-31 0
1237.5 0 0 6.66817e-45 2.36148e-32 0
1240 0 0 4.12915e-44 1.02147e-31 0
1242.5 0 0 1.78453e-44 5.03644e-34 0
1245 0 0 5.52333e-44 6.05047e-32 0
1247.5 0 0 6.68378e-45 1.65663e-31 0
1250 0 0 4.07709e-45 1.37788e-31 0
1252.5 0 0 1.05923e-44 1.488e-31 0
1255 0 0 4.45107e-45 1.04131e-31 0
1257.5 0 0 6.3358e-44 7.65562e-32 0
1260 0 0 1.24797e-44 2.20217e-33 0
1262.5 0 0 4.10705e-44 1.34617e-31 0
1265 0 0 2.41927e-45 1.40547e-32 0
1267.5 0 0 3.54579e-44 2.29082e-31 0
1270 0 0 8.37845e-45 6.48983e-33 0
1272.5 0 0 3.72806e-44 1.47275e-31 0
1275 0 0 5.34179e-45 5.83979e-32 0
1277.5 0 0 2.23617e-44 1.91742e-31 0
1280 0 0 9.42924e-45 7.57264e-32 0
1282.5 0 0 2.12956e-44 1.12565e-31 0
1285 0 0 4.46014e-44 3.72102e-32 0
1287.5 0 0 3.56094e-44 1.11491e-32 0
1290 0 0 2.42743e-44 1.15587e-31 0
1292.5 0 0 1.18284e-44 3.51486e-32 0
1295 0 0 1.59769e-44 2.64559e-31 0
1297.5 0 0 3.34048e-45 7.56753e-32 0
1300 0 0 3.09174e-44 1.3791e-31 0
1302.5 0 0 2.44084e-45 4.74456e-32 0
1305 0 0 4.87113e-44 1.16516e-31 0
1307.5 0 0 1.34671e-44 4.92983e-32 0
1310 0 0 3.73786e-44 8.13015e-32 0
1312.5 0 0 2.58491e-44 2.10336e-32 0
1315 0 0 3.40529e-44 9.58449e-32 0
1317.5 0 0 1.27898e-44 1.18631e-31 0
1320 0 0 4.76029e-45 1.36745e-31 0
1322.5 0 0 9.13272e-45 1.79487e-31 0
1325 0 0 7.49608e-45 1.37782e-31 0
1327.5 0 0 3.81038e-44 5.35149e-32 0
1330 0 0 2.04116e-44 4.18463e-32 0
1332.5 0 0 4.32453e-44 4.99236e-32 0
1335 0 0 3.04738e-44 3.43016e-32 0
1337.5 0 0 1.9181e-44 1.23919e-31 0
1340 0 0 2.91498e-44 4.04514e-32 0
1342.5 0 0 1.17316e-44 1.49885e-31 0
1345 0 0 9.09132e-45 1.45427e-31 0
1347.5 0 0 7.60767e-45 1.38398e-31 0
1350 0 0 5.84775e-45 1.7601e-31 0
1352.5 0 0 2.74041e-44 6.88126e-32 0
1355 0 0 3.77029e-44 2.51404e-32 0
1357.5 0 0 4.05509e-44 5.63821e-33 0
1360 0 0 3.25439e-44 3.25712e-32 0
1362.5 0 0 2.76636e-44 8.87455e-32 0
1365 0 0 2.64688e-45 1.48969e-31 0
1367.5 0 0 2.11058e-44 1.44128e-31 0
1370 0 0 4.51715e-45 9.38284e-32 0
1372.5 0 0 1.34536e-44 1.70793e-31 0
1375 0 0 1.99547e-44 4.01093e-32 0
1377.5 0 0 2.17804e-44 1.98993e-31 0
1380 0 0 2.32096e-44 4.63409e-33 0
1382.5 0 0 4.37491e-44 2.7608e-32 0
1385 0 0 2.37693e-44 2.84997e-32 0
1387.5 0 0 4.61911e-44 5.02482e-32 0
1390 0 0 7.03355e-45 1.38588e-31 0
1392.5 0 0 6.89888e-46 1.5236e-31 0
1395 0 0 1.31705e-44 1.60786e-31 0
1397.5 0 0 3.7768e-45 1.0532e-31 0
1400 0 0 3.59593e-44 1.09864e-31 0
1402.5 0 0 1.74002e-44 4.11584e-33 0
1405 0 0 4.37925e-44 1.49738e-31 0
1407.5 0 0 6.91891e-45 1.32678e-33 0
1410 0 0 4.16831e-44 1.0017e-31 0
1412.5 0 0 4.58825e-45 3.05984e-32 0
1415 0 0 4.81514e-44 1.48822e-31 0
1417.5 0 0 4.23478e-45 6.09544e-32 0
1420 0 0 7.32338e-45 1.71742e-31 0
1422.5 0 0 1.3095e-44 6.07826e-32 0
1425 0 0 1.74882e-44 1.71359e-31 0
1427.5 0 0 3.5415e-44 7.81798e-32 0
1430 0 0 1.91187e-44 1.0246e-32 0
1432.5 0 0 2.88859e-44 1.18636e-31 0
1435 0 0 1.60577e-44 1.12579e-32 0
1437.5 0 0 3.25761e-44 1.8308e-31 0
1440 0 0 4.11875e-45 9.59086e-33 0
1442.5 0 0 3.7572e-44 1.77564e-31 0
1445 0 0 3.34457e-45 5.46341e-33 0
1447.5 0 0 3.27427e-44 1.58285e-31 0
1450 0 0 4.08027e-45 2.42046e-32 0
1452.5 0 0 4.09867e-44 1.57996e-31 0
1455 0 0 8.38947e-45 9.60426e-32 0
1457.5 0 0 2.31024e-44 7.0428e-32 0
1460 0 0 6.44861e-45 9.01003e-32 0
1462.5 0 0 2.30411e-44 8.85996e-32 0
1465 0 0 4.39796e-44 1.17526e-31 0
1467.5 0 0 8.82519e-45 3.12149e-32 0
1470 0 0 3.23821e-44 7.16087e-32 0
1472.5 0 0 3.48274e-45 3.27001e-32 0
1475 0 0 4.05541e-44 2.03568e-31 0
1477.5 0 0 5.01323e-45 3.88162e-32 0
1480 0 0 3.0871e-44 1.32505e-31 0
1482.5 0 0 3.30114e-46 5.34285e-32 0
1485 0 0 2.66329e-44 1.59269e-31 0
1487.5 0 0 6.25055e-45 7.41858e-32 0
1490 0 0 1.78087e-44 1.35759e-31 0
1492.5 0 0 4.56565e-44 1.66043e-32 0
1495 0 0 2.74228e-44 3.28576e-32 0
1497.5 0 0 2.77694e-44 1.44681e-32 0
1500 0 0 1.79075e-44 3.14644e-32 0
1502.5 0 0 1.52506e-44 2.95131e-31 0
1505 0 0 9.79155e-45 7.684e-32 0
1507.5 0 0 5.95008e-45 1.24616e-31 0
1510 0 0 2.20996e-45 2.81968e-32 0
1512.5 0 0 5.41506e-44 1.23053e-31 0
1515 0 0 1.07857e-44 1.21032e-31 0
1517.5 0 0 1.71697e-44 5.92645e-32 0
1520 0 0 2.26495e-44 8.07201e-34 0
1522.5 0 0 3.69887e-44 7.7481e-32 0
1525 0 0 4.20796e-44 2.54924e-32 0
1527.5 0 0 1.59643e-44 2.95782e-32 0
1530 0 0 1.13302e-45 2.4612e-31 0
1532.5 0 0 1.09498e-45 1.45714e-31 0
1535 0 0 1.83748e-45 1.60294e-31 0
1537.5 0 0 1.82303e-45 3.99619e-32 0
1540 0 0 7.20424e-44 3.42358e-32 0
1542.5 0 0 2.36919e-44 9.98692e-32 0
1545 0 0 1.78709e-44 4.4228e-33 0
1547.5 0 0 9.74355e-45 2.54626e-33 0
1550 0 0 1.9574e-44 2.0072e-31 0
1552.5 0 0 5.95475e-44 5.20946e-32 0
1555 0 0 1.90228e-45 3.26981e-32 0
1557.5 0 0 1.12092e-45 1.20051e-31 0
1560 0 0 9.44964e-45 1.32911e-31 0
1562.5 0 0 4.05532e-45 2.87396e-31 0
1565 0 0 7.44767e-45 1.31779e-32 0
1567.5 0 0 4.83568e-44 2.07435e-32 0
1570 0 0 3.33501e-44 1.55145e-32 0
1572.5 0 0 3.99127e-44 6.64278e-33 0
1575 0 0 5.69606e-45 3.06347e-32 0
1577.5 0 0 1.19779e-44 2.15194e-31 0
1580 0 0 3.85558e-44 1.0861e-31 0
1582.5 0 0 2.2347e-45 4.78188e-32 0
1585 0 0 3.63639e-45 5.94817e-32 0
1587.5 0 0 2.67411e-44 8.57127e-32 0
1590 0 0 1.32911e-44 3.23422e-31 0
1592.5 0 0 3.71175e-45 1.72485e-32 0
1595 0 0 2.17617e-44 1.95135e-32 0
1597.5 0 0 2.37637e-44 1.11536e-32 0
1600 0 0 7.46286e-44 1.6067e-32 0
1602.5 0 0 8.11605e-45 5.12394e-32 0
1605 0 0 1.47573e-44 1.16984e-31 0
1607.5 0 0 8.92434e-45 1.09897e-31 0
1610 0 0 1.61516e-45 1.65752e-31 0
1612.5 0 0 1.58886e-44 6.0917e-32 0
1615 0 0 1.87118e-44 1.1149e-31 0
1617.5 0 0 2.34599e-44 1.82286e-31 0
1620 0 0 6.40715e-45 3.55408e-32 0
1622.5 0 0 1.49843e-44 3.92896e-32 0
1625 0 0 2.68371e-44 2.24131e-32 0
1627.5 0 0 6.71271e-44 6.31018e-32 0
1630 0 0 2.2566e-44 9.81656e-33 0
1632.5 0 0 9.85274e-45 5.9522e-32 0
1635 0 0 1.31808e-45 8.61847e-32 0
1637.5 0 0 3.995e-45 2.56736e-31 0
1640 0 0 1.43073e-44 1.4114e-31 0
1642.5 0 0 5.48421e-45 1.09295e-31 0
1645 0 0 1.51937e-44 5.95648e-32 0
1647.5 0 0 3.04358e-44 6.02531e-33 0
1650 0 0 3.04668e-44 7.355e-32 0
1652.5 0 0 3.93282e-44 2.43639e-33 0
1655 0 0 3.05638e-44 7.1676e-32 0
1657.5 0 0 1.86603e-44 2.13508e-32 0
1660 0 0 1.29725e-44 8.23851e-32 0
1662.5 0 0 1.10012e-45 1.47075e-31 0
1665 0 0 1.47659e-44 1.76948e-31 0
1667.5 0 0 1.07115e-45 1.98497e-31 0
1670 0 0 3.48207e-45 6.78081e-32 0
1672.5 0 0 1.68726e-44 3.32467e-32 0
1675 0 0 3.43315e-44 1.47768e-32 0
1677.5 0 0 6.28288e-44 3.66603e-32 0
1680 0 0 2.98335e-44 2.2576e-33 0
1682.5 0 0 1.22044e-44 3.05977e-32 0
1685 0 0 1.83407e-45 7.43596e-32 0
1687.5 0 0 1.34972e-44 2.12623e-31 0
1690 0 0 8.95612e-45 1.75367e-31 0
1692.5 0 0 9.02071e-45 7.24964e-32 0
1695 0 0 5.22826e-45 1.10552e-31 0
1697.5 0 0 1.67703e-44 5.69807e-32 0
1700 0 0 3.38126e-44 7.82476e-32 0
1702.5 0 0 1.42279e-44 3.72159e-32 0
1705 0 0 6.40951e-44 5.93158e-33 0
1707.5 0 0 1.68146e-44 6.36516e-34 0
1710 0 0 1.74862e-44 6.27792e-32 0
1712.5 0 0 2.25533e-45 4.66353e-32 0
1715 0 0 4.3615e-45 3.37473e-31 0
1717.5 0 0 1.26868e-44 1.12872e-31 0
1720 0 0 2.54244e-45 5.59619e-32 0
1722.5 0 0 7.83699e-45 1.66151e-32 0
1725 0 0 5.29153e-44 3.91038e-32 0
1727.5 0 0 2.97754e-44 1.54105e-31 0
1730 0 0 4.72809e-45 7.55922e-33 0
1732.5 0 0 2.83375e-44 2.41255e-32 0
1735 0 0 1.22461e-44 5.4947e-32 0
1737.5 0 0 4.41622e-44 9.89238e-32 0
1740 0 0 3.06993e-45 9.26289e-33 0
1742.5 0 0 7.67611e-45 2.66779e-31 0
1745 0 0 1.51944e-45 6.59057e-32 0
1747.5 0 0 1.16896e-44 1.32595e-31 0
1750 0 0 8.96586e-46 6.72645e-33 0
1752.5 0 0 6.98139e-44 4.75601e-32 0
1755 0 0 1.48277e-44 1.25412e-31 0
1757.5 0 0 9.98214e-45 1.05393e-32 0
1760 0 0 6.85983e-45 8.02372e-33 0
1762.5 0 0 1.3114e-44 1.69879e-31 0
1765 0 0 6.26151e-44 5.89135e-32 0
1767.5 0 0 5.60214e-46 1.27006e-32 0
1770 0 0 9.09697e-45 1.15705e-31 0
1772.5 0 0 5.64341e-45 5.89718e-32 0
1775 0 0 1.03433e-44 2.69577e-31 0
1777.5 0 0 3.45733e-45 1.03307e-32 0
1780 0 0 4.33262e-44 8.74229e-32 0
1782.5 0 0 9.26575e-45 2.47069e-32 0
1785 0 0 3.43748e-44 2.82849e-32 0
1787.5 0 0 6.00555e-45 6.60589e-33 0
1790 0 0 2.99284e-44 1.73602e-31 0
1792.5 0 0 3.95765e-44 2.56231e-32 0
1795 0 0 6.32354e-45 4.16926e-32 0
1797.5 0 0 6.43507e-46 5.9865e-32 0
1800 0 0 1.86877e-44 1.20291e-31 0
1802.5 0 0 2.39788e-45 2.93133e-31 0
1805 0 0 4.55752e-45 3.39598e-32 0
1807.5 0 0 1.88869e-44 5.2594e-32 0
1810 0 0 1.51394e-44 5.10127e-33 0
1812.5 0 0 6.17314e-44 5.305e-33 0
1815 0 0 1.22837e-44 3.2204e-32 0
1817.5 0 0 3.6452e-44 8.86492e-32 0
1820 0 0 1.04643e-44 2.28629e-32 0
1822.5 0 0 3.878e-45 1.29147e-31 0
1825 0 0 4.47795e-45 7.60613e-32 0
1827.5 0 0 1.19521e-44 2.19373e-31 0
1830 0 0 1.37838e-45 1.64639e-31 0
1832.5 0 0 6.90594e-45 4.66566e-32 0
1835 0 0 1.71603e-44 3.00649e-33 0
1837.5 0 0 4.24325e-44 1.20089e-32 0
1840 0 0 5.28892e-44 6.00776e-33 0
1842.5 0 0 2.23424e-44 1.76304e-32 0
1845 0 0 1.51592e-44 5.85289e-32 0
1847.5 0 0 4.26254e-45 8.0633e-32 0
1850 0 0 8.52711e-46 1.82555e-31 0
1852.5 0 0 7.55214e-45 1.30777e-31 0
1855 0 0 4.42603e-45 1.90822e-31 0
1857.5 0 0 1.66723e-45 7.42387e-32 0
1860 0 0 1.99012e-44 1.47916e-32 0
1862.5 0 0 2.84093e-44 1.15811e-32 0
1865 0 0 6.15949e-44 8.85413e-35 0
1867.5 0 0 2.81202e-44 8.15971e-33 0
1870 0 0 1.66999e-44 1.79584e-32 0
1872.5 0 0 7.33572e-46 8.31996e-32 0
1875 0 0 3.81055e-45 2.02559e-31 0
1877.5 0 0 8.08201e-45 1.31572e-31 0
1880 0 0 1.4218e-45 1.54276e-31 0
1882.5 0 0 6.87465e-45 6.82469e-32 0
1885 0 0 1.77803e-44 6.21359e-32 0
1887.5 0 0 2.0598e-44 3.06879e-32 0
1890 0 0 4.53281e-44 7.10774e-33 0
1892.5 0 0 4.04124e-44 1.15658e-32 0
1895 0 0 2.17107e-44 2.89398e-33 0
1897.5 0 0 7.4733e-45 3.78005e-32 0
1900 0 0 2.60874e-46 1.50461e-31 0
1902.5 0 0 8.33753e-45 2.24067e-31 0
1905 0 0 5.03379e-45 9.92271e-32 0
1907.5 0 0 2.65218e-45 9.24392e-32 0
1910 0 0 1.33124e-44 1.15128e-32 0
1912.5 0 0 3.8544e-44 7.67273e-32 0
1915 0 0 1.52295e-44 5.99893e-32 0
1917.5 0 0 4.20364e-44 2.57186e-33 0
1920 0 0 1.29342e-44 1.24684e-32 0
1922.5 0 0 2.34749e-44 5.41802e-32 0
1925 0 0 1.63583e-44 3.17675e-32 0
1927.5 0 0 6.9383e-46 2.06614e-31 0
1930 0 0 1.12281e-44 1.18368e-31 0
1932.5 0 0 4.67152e-46 1.12339e-31 0
1935 0 0 2.85901e-45 6.95555e-32 0
1937.5 0 0 2.97128e-44 1.22202e-32 0
1940 0 0 3.01372e-44 1.0678e-31 0
1942.5 0 0 2.26043e-44 2.63633e-32 0
1945 0 0 2.45909e-44 1.20603e-32 0
1947.5 0 0 5.99444e-45 2.61092e-32 0
1950 0 0 3.02731e-44 8.40909e-32 0
1952.5 0 0 1.80274e-44 6.5142e-32 0
1955 0 0 6.74854e-45 1.63663e-31 0
1957.5 0 0 2.20818e-45 4.92596e-32 0
1960 0 0 6.63372e-45 1.19972e-31 0
1962.5 0 0 5.56627e-45 1.01605e-31 0
1965 0 0 3.62756e-44 4.59351e-32 0
1967.5 0 0 1.15192e-44 8.14848e-32 0
1970 0 0 2.47797e-44 3.03353e-33 0
1972.5 0 0 2.56211e-44 2.87449e-33 0
1975 0 0 1.24916e-44 7.58718e-32 0
1977.5 0 0 3.50397e-44 4.00194e-32 0
1980 0 0 6.07631e-45 1.09847e-31 0
1982.5 0 0 5.97601e-45 1.20784e-31 0
1985 0 0 2.05771e-45 5.51053e-32 0
1987.5 0 0 4.79363e-45 1.4315e-31 0
1990 0 0 2.19907e-44 7.6673e-32 0
1992.5 0 0 2.57199e-44 7.6589e-32 0
1995 0 0 7.81972e-45 2.60761e-32 0
1997.5 0 0 2.15332e-44 4.8802e-33 0
2000 0 0 2.87655e-44 3.99756e-32 0
2002.5 0 0 2.82414e-44 7.67473e-32 0
2005 0 0 2.29633e-44 1.73379e-32 0
2007.5 0 0 1.20707e-45 8.33542e-32 0
2010 0 0 5.68442e-46 1.41896e-31 0
2012.5 0 0 7.92891e-45 1.16141e-31 0
2015 0 0 1.29029e-45 1.37272e-31 0
2017.5 0 0 2.55643e-44 2.92682e-32 0
2020 0 0 2.68892e-44 3.74227e-32 0
2022.5 0 0 1.49413e-44 2.54609e-32 0
2025 0 0 2.32843e-44 3.2673e-33 0
2027.5 0 0 1.71097e-44 1.02489e-31 0
2030 0 0 3.02284e-44 6.30881e-32 0
2032.5 0 0 1.4923e-44 2.6631e-32 0
2035 0 0 7.94192e-46 5.28446e-32 0
2037.5 0 0 1.13256e-44 1.26394e-31 0
2040 0 0 3.86035e-45 1.81811e-31 0
2042.5 0 0 5.15677e-45 1.03549e-31 0
2045 0 0 1.14333e-44 1.16534e-32 0
2047.5 0 0 3.27548e-44 7.49691e-33 0
2050 0 0 3.33742e-44 2.16134e-32 0
2052.5 0 0 2.09207e-44 3.52833e-32 0
2055 0 0 7.6875e-45 7.86269e-32 0
2057.5 0 0 1.21207e-44 9.85259e-32 0
2060 0 0 1.71424e-44 6.00651e-32 0
2062.5 0 0 8.87324e-45 4.91876e-32 0
2065 0 0 1.84928e-44 7.68202e-32 0
2067.5 0 0 6.95143e-45 1.46996e-31 0
2070 0 0 4.07548e-45 1.1689e-31 0
2072.5 0 0 3.93562e-45 2.64092e-32 0
2075 0 0 2.4721e-44 3.81476e-32 0
2077.5 0 0 4.36298e-44 3.61194e-34 0
2080 0 0 2.51838e-44 4.77325e-32 0
2082.5 0 0 4.76545e-45 2.3654e-32 0
2085 0 0 5.40574e-45 1.04303e-31 0
2087.5 0 0 9.84638e-45 1.24311e-31 0
2090 0 0 2.29427e-44 6.53556e-32 0
2092.5 0 0 8.28163e-45 4.50886e-32 0
2095 0 0 1.48662e-44 6.93271e-32 0
2097.5 0 0 7.53397e-45 1.17595e-31 0
2100 0 0 4.73967e-45 9.89996e-32 0
2102.5 0 0 1.59381e-44 3.4884e-32 0
2105 0 0 2.96188e-44 1.80672e-32 0
2107.5 0 0 3.66852e-44 1.17875e-32 0
2110 0 0 1.46422e-44 9.6934e-33 0
2112.5 0 0 8.12263e-45 7.47131e-32 0
2115 0 0 3.74174e-45 1.31074e-31 0
2117.5 0 0 1.76815e-44 1.32761e-31 0
2120 0 0 1.64008e-45 4.32551e-32 0
2122.5 0 0 1.13582e-44 5.41192e-32 0
2125 0 0 1.60346e-44 6.42604e-32 0
2127.5 0 0 1.77841e-44 1.42152e-31 0
2130 0 0 1.10038e-44 5.87732e-33 0
2132.5 0 0 1.89717e-44 2.27233e-32 0
2135 0 0 2.96962e-44 6.72726e-33 0
2137.5 0 0 3.54562e-44 3.63398e-32 0
2140 0 0 3.11191e-45 5.68517e-32 0
2142.5 0 0 4.59421e-45 9.03226e-32 0
2145 0 0 3.23808e-45 1.65243e-31 0
2147.5 0 0 2.82377e-45 1.08768e-31 0
2150 0 0 8.04767e-45 4.65762e-32 0
2152.5 0 0 1.30804e-44 3.36687e-32 0
2155 0 0 3.77438e-44 8.28861e-32 0
2157.5 0 0 1.55085e-44 2.57953e-33 0
2160 0 0 1.98558e-44 7.90358e-33 0
2162.5 0 0 1.35682e-44 1.318e-32 0
2165 0 0 3.51782e-44 1.21421e-31 0
2167.5 0 0 6.40553e-46 4.9746e-32 0
2170 0 0 9.91285e-46 9.42773e-32 0
2172.5 0 0 4.08161e-46 9.96813e-32 0
2175 0 0 1.39109e-44 1.65866e-31 0
2177.5 0 0 7.32707e-45 2.65446e-32 0
2180 0 0 1.25048e-44 2.19583e-32 0
2182.5 0 0 3.41026e-44 2.60232e-32 0
2185 0 0 3.40303e-44 1.59007e-32 0
2187.5 0 0 1.61492e-44 1.44889e-32 0
2190 0 0 7.19729e-45 1.06695e-32 0
2192.5 0 0 1.61222e-44 1.74964e-31 0
2195 0 0 4.07401e-46 9.65615e-32 0
2197.5 0 0 1.66298e-45 1.04043e-31 0
2200 0 0 2.54112e-46 3.81262e-32 0
2202.5 0 0 3.38313e-44 1.19829e-31 0
2205 0 0 9.3948e-45 2.13405e-32 0
2207.5 0 0 1.94636e-44 1.81116e-32 0
2210 0 0 1.33083e-44 2.10628e-32 0
2212.5 0 0 3.71237e-44 7.565e-32 0
2215 0 0 1.34644e-44 1.15539e-32 0
2217.5 0 0 6.11163e-45 4.19911e-32 0
2220 0 0 8.50637e-45 1.09064e-31 0
2222.5 0 0 2.69084e-45 1.52711e-31 0
2225 0 0 4.09384e-45 8.20719e-32 0
2227.5 0 0 4.70741e-45 2.15299e-32 0
2230 0 0 3.55481e-44 5.50993e-32 0
2232.5 0 0 2.43369e-44 5.16587e-33 0
2235 0 0 1.78591e-44 4.40525e-32 0
2237.5 0 0 3.25484e-45 3.27517e-32 0
2240 0 0 1.77001e-44 1.32555e-31 0
2242.5 0 0 1.04246e-44 3.34384e-32 0
2245 0 0 1.36873e-44 5.84861e-32 0
2247.5 0 0 1.10672e-44 4.33922e-32 0
2250 0 0 1.58025e-44 1.19346e-31 0
2252.5 0 0 4.23315e-46 7.6416e-32 0
2255 0 0 1.27683e-44 4.57546e-32 0
2257.5 0 0 1.951e-44 4.60429e-32 0
2260 0 0 3.09771e-44 1.49373e-32 0
2262.5 0 0 1.48701e-44 3.18189e-32 0
2265 0 0 4.57165e-45 6.61218e-32 0
2267.5 0 0 7.11847e-45 1.10081e-31 0
2270 0 0 5.08163e-45 8.80158e-32 0
2272.5 0 0 2.09924e-44 3.44166e-32 0
2275 0 0 1.87083e-44 2.65498e-32 0
2277.5 0 0 2.11299e-44 3.99262e-32 0
2280 0 0 5.62285e-45 5.85815e-32 0
2282.5 0 0 7.90804e-45 1.01804e-31 0
2285 0 0 1.27656e-44 7.61406e-32 0
2287.5 0 0 1.5673e-44 5.40827e-32 0
2290 0 0 1.45388e-44 1.43917e-33 0
2292.5 0 0 1.64893e-44 7.26745e-32 0
2295 0 0 9.76032e-45 7.6655e-32 0
2297.5 0 0 9.78118e-45 8.06261e-32 0
2300 0 0 1.06371e-44 2.9442e-32 0
2302.5 0 0 2.71714e-44 4.8401e-32 0
2305 0 0 1.43782e-44 2.10948e-32 0
2307.5 0 0 1.30875e-44 5.75154e-32 0
2310 0 0 6.56013e-46 1.05893e-31 0
2312.5 0 0 1.37952e-44 1.22108e-31 0
2315 0 0 3.11406e-45 4.16376e-32 0
2317.5 0 0 1.27876e-44 1.20484e-32 0
2320 0 0 2.88644e-44 2.93111e-32 0
2322.5 0 0 1.92625e-44 8.96195e-32 0
2325 0 0 1.26902e-44 2.60671e-32 0
2327.5 0 0 5.84294e-46 3.2279e-32 0
2330 0 0 2.14549e-44 1.00175e-31 0
2332.5 0 0 1.60102e-44 3.92456e-32 0
2335 0 0 6.75808e-45 8.01877e-32 0
2337.5 0 0 8.9869e-46 3.68995e-32 0
2340 0 0 1.95011e-44 1.37382e-31 0
2342.5 0 0 2.4233e-45 2.79278e-32 0
2345 0 0 2.06408e-44 1.72877e-32 0
2347.5 0 0 2.05085e-44 1.17276e-32 0
2350 0 0 3.05236e-44 9.5774e-32 0
2352.5 0 0 3.65905e-45 3.68716e-33 0
2355 0 0 9.4173e-46 4.66028e-32 0
2357.5 0 0 1.30923e-44 1.12007e-31 0
2360 0 0 2.16638e-44 8.51192e-32 0
2362.5 0 0 4.48086e-46 6.11846e-32 0
2365 0 0 1.1343e-45 2.48179e-33 0
2367.5 0 0 2.73935e-44 1.06843e-31 0
2370 0 0 8.55375e-45 5.36187e-32 0
2372.5 0 0 2.65343e-44 1.51114e-33 0
2375 0 0 4.83523e-45 1.07954e-32 0
2377.5 0 0 2.88673e-44 1.12527e-31 0
2380 0 0 1.64181e-45 9.20671e-33 0
2382.5 0 0 1.22915e-46 1.00463e-31 0
2385 0 0 1.4477e-44 5.81907e-32 0
2387.5 0 0 2.28516e-44 1.14899e-31 0
2390 0 0 2.85139e-47 1.24688e-32 0
2392.5 0 0 8.67715e-45 2.36725e-34 0
2395 0 0 2.23343e-44 1.05237e-31 0
2397.5 0 0 1.91257e-44 6.6609e-32 0
2400 0 0 1.50148e-44 2.47979e-33 0
2402.5 0 0 8.50873e-46 4.5369e-33 0
2405 0 0 2.49544e-44 1.19138e-31 0
2407.5 0 0 5.98686e-45 4.32185e-32 0
2410 0 0 1.9164e-45 1.07081e-31 0
2412.5 0 0 1.12695e-44 2.21078e-32 0
2415 0 0 2.52009e-44 9.47714e-32 0
2417.5 0 0 2.05495e-45 4.49904e-34 0
2420 0 0 1.86119e-44 7.56904e-33 0
2422.5 0 0 1.28983e-44 1.21496e-31 0
2425 0 0 1.89887e-44 7.20138e-32 0
2427.5 0 0 3.5144e-45 6.97867e-34 0
2430 0 0 1.19811e-45 2.83861e-32 0
2432.5 0 0 3.33332e-44 9.6097e-32 0
2435 0 0 6.47508e-45 7.3417e-32 0
2437.5 0 0 4.16242e-45 5.02439e-32 0
2440 0 0 6.22844e-45 1.76358e-32 0
2442.5 0 0 2.41778e-44 1.04215e-31 0
2445 0 0 1.08792e-44 2.31297e-33 0
2447.5 0 0 1.3517e-44 3.04954e-32 0
2450 0 0 1.26806e-44 9.19687e-32 0
2452.5 0 0 1.29427e-44 8.11379e-32 0
2455 0 0 8.08423e-46 1.06545e-32 0
2457.5 0 0 6.31437e-45 3.9527e-32 0
2460 0 0 3.51264e-44 9.93707e-32 0
2462.5 0 0 8.5697e-45 4.87249e-32 0
2465 0 0 4.14995e-46 1.56273e-32 0
2467.5 0 0 6.54826e-45 1.76378e-32 0
2470 0 0 2.61065e-44 1.46854e-31 0
2472.5 0 0 1.33105e-44 8.19531e-33 0
2475 0 0 4.06924e-45 2.55306e-32 0
2477.5 0 0 1.03156e-44 5.68951e-32 0
2480 0 0 1.99605e-44 9.12288e-32 0
2482.5 0 0 1.25591e-45 4.01911e-32 0
2485 0 0 1.13888e-44 1.27209e-32 0
2487.5 0 0 2.45406e-44 1.09051e-31 0
2490 0 0 9.70751e-45 3.23956e-32 0
2492.5 0 0 2.55619e-45 1.09515e-32 0
2495 0 0 3.52416e-45 3.55426e-32 0
2497.5 0 0 3.71298e-44 1.37707e-31 0
2500 0 0 4.89874e-45 1.91506e-32 0
2502.5 0 0 1.61065e-45 1.28591e-33 0
2505 0 0 6.87197e-45 4.00619e-32 0
2507.5 0 0 2.63889e-44 1.44078e-31 0
2510 0 0 6.53006e-45 3.05453e-32 0
2512.5 0 0 5.19097e-45 2.51465e-34 0
2515 0 0 1.63564e-44 7.47563e-32 0
2517.5 0 0 1.49302e-44 5.88845e-32 0
2520 0 0 6.66432e-45 3.22216e-32 0
2522.5 0 0 1.84998e-45 3.62441e-32 0
2525 0 0 3.62973e-44 9.61869e-32 0
2527.5 0 0 4.25658e-45 1.5386e-32 0
2530 0 0 4.07894e-45 8.06364e-33 0
2532.5 0 0 7.83148e-45 3.69591e-32 0
2535 0 0 2.02281e-44 1.96372e-31 0
2537.5 0 0 6.93943e-45 5.79849e-33 0
2540 0 0 3.54796e-46 4.7663e-34 0
2542.5 0 0 1.4176e-44 3.99112e-32 0
2545 0 0 3.22687e-44 6.17526e-32 0
2547.5 0 0 2.25111e-45 6.3616e-32 0
2550 0 0 3.5709e-45 9.82112e-33 0
2552.5 0 0 2.08659e-44 7.59185e-32 0
2555 0 0 7.78628e-45 4.56173e-32 0
2557.5 0 0 1.47594e-44 1.00213e-32 0
2560 0 0 4.61108e-45 6.00968e-32 0
2562.5 0 0 1.36044e-44 1.62441e-31 0
2565 0 0 1.02123e-45 1.15776e-32 0
2567.5 0 0 2.16535e-45 1.76798e-32 0
2570 0 0 2.22303e-44 2.52727e-32 0
2572.5 0 0 3.98634e-44 3.95122e-32 0
2575 0 0 6.1188e-46 4.31517e-32 0
2577.5 0 0 7.1335e-46 6.63034e-33 0
2580 0 0 1.018e-44 9.93045e-32 0
2582.5 0 0 4.94466e-45 1.05242e-31 0
2585 0 0 2.09972e-44 7.29783e-35 0
2587.5 0 0 2.78703e-45 5.74047e-32 0
2590 0 0 1.36796e-44 9.09205e-32 0
2592.5 0 0 5.19103e-45 1.19988e-32 0
2595 0 0 5.88573e-46 6.23612e-32 0
2597.5 0 0 3.26389e-44 2.16539e-32 0
2600 0 0 2.69642e-44 2.8855e-32 0
2602.5 0 0 2.2608e-45 4.1959e-33 0
2605 0 0 2.65506e-45 7.84105e-33 0
2607.5 0 0 7.9722e-45 1.70556e-31 0
2610 0 0 2.56501e-45 1.05291e-31 0
2612.5 0 0 1.07929e-44 7.76259e-33 0
2615 0 0 5.52799e-45 1.6134e-32 0
2617.5 0 0 2.71064e-44 5.71475e-32 0
2620 0 0 1.17491e-44 5.36949e-33 0
2622.5 0 0 1.11449e-45 6.79193e-32 0
2625 0 0 2.4472e-44 4.27626e-32 0
2627.5 0 0 1.42241e-44 4.74691e-32 0
2630 0 0 4.96566e-46 5.16274e-33 0
2632.5 0 0 9.49739e-45 9.99523e-34 0
2635 0 0 1.47165e-44 1.98629e-31 0
2637.5 0 0 1.85111e-45 6.01146e-32 0
2640 0 0 1.22881e-45 5.9374e-33 0
2642.5 0 0 2.60604e-45 2.17e-33 0
2645 0 0 4.7329e-44 7.60293e-32 0
2647.5 0 0 7.54378e-45 6.45321e-33 0
2650 0 0 3.45318e-45 2.68063e-32 0
2652.5 0 0 7.43866e-45 4.55126e-32 0
2655 0 0 1.36671e-44 1.19713e-31 0
2657.5 0 0 1.89827e-45 7.84146e-33 0
2660 0 0 6.84721e-45 1.26118e-32 0
2662.5 0 0 2.33433e-44 1.27865e-31 0
2665 0 0 7.49344e-45 3.95714e-32 0
2667.5 0 0 1.28201e-46 1.18976e-33 0
2670 0 0 5.64427e-46 7.20106e-33 0
2672.5 0 0 4.65938e-44 1.3605e-31 0
2675 0 0 2.44371e-45 1.90325e-33 0
2677.5 0 0 6.453e-46 4.52779e-33 0
2680 0 0 8.09263e-46 1.2522e-32 0
2682.5 0 0 2.7248e-44 1.79305e-31 0
2685 0 0 2.59429e-45 5.23152e-34 0
2687.5 0 0 1.2028e-45 1.28286e-32 0
2690 0 0 1.66638e-44 4.98306e-32 0
2692.5 0 0 2.28822e-44 6.81498e-32 0
2695 0 0 5.06576e-46 1.35603e-32 0
2697.5 0 0 3.26507e-45 1.11525e-33 0
2700 0 0 2.62543e-44 1.5544e-31 0
2702.5 0 0 2.96425e-45 2.35545e-32 0
2705 0 0 1.18001e-45 4.71715e-33 0
2707.5 0 0 7.17366e-46 5.09679e-34 0
2710 0 0 4.46081e-44 1.46111e-31 0
2712.5 0 0 4.60561e-47 5.00961e-34 0
2715 0 0 3.27413e-46 2.19373e-34 0
2717.5 0 0 3.67915e-45 2.64258e-32 0
2720 0 0 2.79682e-44 1.45757e-31 0
2722.5 0 0 3.74129e-45 9.1368e-33 0
2725 0 0 1.44125e-45 2.08503e-33 0
2727.5 0 0 1.28408e-44 9.05237e-32 0
2730 0 0 1.26723e-44 6.15891e-32 0
2732.5 0 0 3.71122e-45 2.31229e-32 0
2735 0 0 4.00393e-45 3.90497e-33 0
2737.5 0 0 4.12775e-44 8.24345e-32 0
2740 0 0 3.75411e-45 2.59518e-33 0
2742.5 0 0 1.93562e-45 7.6618e-33 0
2745 0 0 3.22714e-46 4.19665e-32 0
2747.5 0 0 1.71492e-44 1.97329e-31 0
2750 0 0 4.17743e-45 1.70378e-34 0
2752.5 0 0 2.5155e-46 1.22952e-33 0
2755 0 0 1.33168e-44 2.84482e-32 0
2757.5 0 0 3.03902e-44 5.32483e-32 0
2760 0 0 8.99174e-46 4.92002e-32 0
2762.5 0 0 6.3857e-45 6.60097e-35 0
2765 0 0 2.16898e-44 6.47693e-32 0
2767.5 0 0 6.67688e-45 3.44361e-32 0
2770 0 0 9.81305e-45 8.55761e-33 0
2772.5 0 0 5.98719e-46 7.28332e-32 0
2775 0 0 9.74221e-45 1.5472e-31 0
2777.5 0 0 2.14534e-46 9.75013e-33 0
2780 0 0 2.11644e-45 8.52752e-33 0
2782.5 0 0 2.31982e-44 1.50499e-32 0
2785 0 0 3.52502e-44 2.55757e-32 0
2787.5 0 0 5.46904e-46 3.55634e-32 0
2790 0 0 1.70926e-45 6.07218e-33 0
2792.5 0 0 1.05532e-44 9.51776e-32 0
2795 0 0 2.78253e-45 8.08551e-32 0
2797.5 0 0 1.54829e-44 1.48209e-35 0
2800 0 0 2.17276e-45 6.54885e-32 0
2802.5 0 0 1.22906e-44 8.95356e-32 0
2805 0 0 3.01577e-45 6.52142e-33 0
2807.5 0 0 4.61683e-46 4.11527e-32 0
2810 0 0 3.08307e-44 2.21362e-32 0
2812.5 0 0 2.34926e-44 2.42129e-32 0
2815 0 0 1.7577e-45 5.10993e-33 0
2817.5 0 0 9.73941e-46 5.92717e-33 0
2820 0 0 1.00188e-44 1.47673e-31 0
2822.5 0 0 2.1908e-45 7.80282e-32 0
2825 0 0 8.91598e-45 6.56625e-33 0
2827.5 0 0 4.28745e-45 2.12937e-32 0
2830 0 0 2.29759e-44 7.22234e-32 0
2832.5 0 0 6.80528e-45 2.82971e-33 0
2835 0 0 9.96126e-46 4.86899e-32 0
2837.5 0 0 2.24253e-44 3.71893e-32 0
2840 0 0 1.59115e-44 4.3382e-32 0
2842.5 0 0 6.48886e-47 1.77815e-33 0
2845 0 0 6.10818e-45 6.86189e-34 0
2847.5 0 0 1.3941e-44 1.57864e-31 0
2850 0 0 4.03389e-45 5.1673e-32 0
2852.5 0 0 2.2361e-45 4.41083e-33 0
2855 0 0 1.46553e-45 7.41855e-33 0
2857.5 0 0 3.45696e-44 8.5002e-32 0
2860 0 0 4.24637e-45 1.56679e-32 0
2862.5 0 0 3.23052e-45 2.39297e-32 0
2865 0 0 9.6673e-45 3.21329e-32 0
2867.5 0 0 1.77623e-44 8.38247e-32 0
2870 0 0 2.71363e-45 1.69304e-33 0
2872.5 0 0 4.78398e-45 1.38439e-32 0
2875 0 0 1.69434e-44 1.07889e-31 0
2877.5 0 0 5.92801e-45 5.03392e-32 0
2880 0 0 1.2527e-45 1.39032e-33 0
2882.5 0 0 1.67405e-45 1.18307e-32 0
2885 0 0 3.22829e-44 1.04053e-31 0
2887.5 0 0 4.42488e-45 1.48152e-32 0
2890 0 0 7.34578e-46 1.36151e-32 0
2892.5 0 0 6.44674e-45 1.15834e-32 0
2895 0 0 2.37015e-44 1.10879e-31 0
2897.5 0 0 5.50902e-45 2.55534e-33 0
2900 0 0 1.42731e-45 1.57574e-32 0
2902.5 0 0 1.14393e-44 6.98678e-32 0
2905 0 0 1.14481e-44 6.79183e-32 0
2907.5 0 0 1.50712e-45 1.69254e-32 0
2910 0 0 5.95426e-45 3.01475e-33 0
2912.5 0 0 2.27273e-44 9.95046e-32 0
2915 0 0 6.93572e-45 1.10541e-32 0
2917.5 0 0 8.44311e-46 1.47317e-32 0
2920 0 0 4.89384e-45 2.09875e-32 0
2922.5 0 0 2.84432e-44 9.54213e-32 0
2925 0 0 2.25155e-45 1.54954e-32 0
2927.5 0 0 2.07838e-45 1.53362e-33 0
2930 0 0 6.67852e-45 6.27171e-32 0
2932.5 0 0 1.32239e-44 9.80518e-32 0
2935 0 0 5.23089e-45 1.71665e-32 0
2937.5 0 0 3.76638e-45 5.10714e-34 0
2940 0 0 2.05441e-44 6.85601e-32 0
2942.5 0 0 9.01812e-45 1.90378e-32 0
2945 0 0 3.37681e-45 2.62103e-32 0
2947.5 0 0 2.82259e-45 3.14143e-32 0
2950 0 0 2.44083e-44 8.70884e-32 0
2952.5 0 0 5.10012e-46 1.38158e-32 0
2955 0 0 3.68687e-45 2.7978e-33 0
2957.5 0 0 9.78533e-45 5.02474e-32 0
2960 0 0 1.22881e-44 1.08472e-31 0
2962.5 0 0 6.79112e-45 3.01693e-33 0
2965 0 0 1.53451e-46 2.69928e-33 0
2967.5 0 0 2.03368e-44 5.98797e-32 0
2970 0 0 1.38596e-44 2.11311e-32 0
2972.5 0 0 1.38161e-45 4.75772e-32 0
2975 0 0 2.31798e-45 1.30987e-32 0
2977.5 0 0 1.90064e-44 9.78767e-32 0
2980 0 0 7.53734e-46 1.11267e-32 0
2982.5 0 0 9.01428e-45 3.87514e-33 0
2985 0 0 8.62267e-45 3.87178e-32 0
2987.5 0 0 1.72545e-44 9.00233e-32 0
2990 0 0 2.07241e-45 3.71926e-35 0
2992.5 0 0 3.19836e-46 1.17362e-32 0
2995 0 0 1.71565e-44 6.59483e-32 0
2997.5 0 0 1.50224e-44 3.85417e-32 0
3000 0 0 6.47868e-47 3.99067e-32 0
3002.5 0 0 2.61509e-46 7.93655e-34 0
3005 0 0 2.09953e-44 9.53097e-32 0
3007.5 0 0 2.46334e-45 2.18079e-32 0
3010 0 0 1.31754e-44 4.5973e-35 0
3012.5 0 0 2.85756e-45 2.7368e-32 0
3015 0 0 1.99608e-44 9.31754e-32 0
3017.5 0 0 2.5635e-47 7.22552e-34 0
3020 0 0 6.05937e-47 3.58842e-32 0
3022.5 0 0 1.40193e-44 4.40027e-32 0
3025 0 0 1.42957e-44 6.6281e-32 0
3027.5 0 0 4.25886e-46 1.60836e-32 0
3030 0 0 2.15132e-45 3.99492e-34 0
3032.5 0 0 1.96502e-44 7.9935e-32 0
3035 0 0 9.9333e-45 2.41405e-32 0
3037.5 0 0 9.42845e-45 4.81801e-33 0
3040 0 0 4.48776e-46 1.37524e-32 0
3042.5 0 0 1.63146e-44 1.10331e-31 0
3045 0 0 4.22919e-46 1.8263e-32 0
3047.5 0 0 1.97967e-45 4.22846e-32 0
3050 0 0 1.02231e-44 1.80124e-32 0
3052.5 0 0 2.01635e-44 6.08426e-32 0
3055 0 0 5.67902e-46 1.056e-32 0
3057.5 0 0 6.547e-45 8.29884e-33 0
3060 0 0 1.15182e-44 6.40821e-32 0
3062.5 0 0 1.34194e-44 3.72217e-32 0
3065 0 0 6.56427e-45 2.97424e-33 0
3067.5 0 0 9.43468e-46 2.18455e-32 0
3070 0 0 1.2881e-44 8.87252e-32 0
3072.5 0 0 7.75088e-46 4.74824e-32 0
3075 0 0 3.91593e-45 3.2769e-32 0
3077.5 0 0 9.52507e-45 8.05095e-33 0
3080 0 0 2.28163e-44 3.9282e-32 0
3082.5 0 0 5.73342e-45 7.14784e-33 0
3085 0 0 4.89424e-45 2.66148e-32 0
3087.5 0 0 5.61686e-45 6.16237e-32 0
3090 0 0 7.78708e-45 6.67849e-32 0
3092.5 0 0 7.16651e-45 2.73222e-33 0
3095 0 0 6.09208e-45 2.55842e-32 0
3097.5 0 0 1.1611e-44 5.24841e-32 0
3100 0 0 5.66265e-45 4.161e-32 0
3102.5 0 0 1.0956e-45 3.63808e-32 0
3105 0 0 1.18922e-44 1.84592e-32 0
3107.5 0 0 1.58115e-44 2.96271e-32 0
3110 0 0 9.60426e-45 8.82633e-33 0
3112.5 0 0 4.11894e-45 2.5891e-32 0
3115 0 0 4.18585e-45 7.70583e-32 0
3117.5 0 0 2.90337e-45 6.46801e-32 0
3120 0 0 5.91655e-45 1.98187e-32 0
3122.5 0 0 1.1052e-44 7.06526e-33 0
3125 0 0 1.62456e-44 3.42139e-32 0
3127.5 0 0 9.10706e-45 1.72577e-32 0
3130 0 0 4.43996e-46 4.22233e-32 0
3132.5 0 0 8.0461e-45 5.02926e-32 0
3135 0 0 9.54555e-45 3.97235e-32 0
3137.5 0 0 5.66138e-45 2.10048e-32 0
3140 0 0 7.14513e-45 7.39804e-33 0
3142.5 0 0 9.44817e-45 7.66891e-32 0
3145 0 0 2.73672e-45 3.74722e-32 0
3147.5 0 0 6.01338e-45 2.18009e-32 0
3150 0 0 7.60709e-45 6.7123e-33 0
3152.5 0 0 2.32375e-44 3.84712e-32 0
3155 0 0 5.2852e-45 8.4383e-33 0
3157.5 0 0 2.50606e-45 3.90348e-32 0
3160 0 0 1.22992e-45 5.71116e-32 0
3162.5 0 0 7.96257e-45 7.97907e-32 0
3165 0 0 2.70822e-45 1.636e-32 0
3167.5 0 0 8.16126e-45 3.68145e-33 0
3170 0 0 1.6832e-44 4.50887e-32 0
3172.5 0 0 8.53869e-45 2.63801e-32 0
3175 0 0 6.18731e-45 1.01583e-32 0
3177.5 0 0 2.74539e-45 1.45838e-32 0
3180 0 0 2.01481e-44 6.87756e-32 0
3182.5 0 0 1.94848e-45 1.53809e-32 0
3185 0 0 1.11454e-45 3.86403e-32 0
3187.5 0 0 1.21259e-46 3.30463e-32 0
3190 0 0 1.27229e-44 9.92846e-32 0
3192.5 0 0 3.09525e-45 2.69e-33 0
3195 0 0 7.99907e-45 4.94567e-33 0
3197.5 0 0 1.364e-44 1.05844e-32 0
3200 0 0 1.84484e-44 3.53394e-32 0
3202.5 0 0 3.32381e-45 1.36466e-32 0
3205 0 0 2.69103e-45 1.86121e-32 0
3207.5 0 0 9.77153e-45 8.44414e-32 0
3210 0 0 1.89449e-45 4.64734e-32 0
3212.5 0 0 9.3284e-46 3.33049e-32 0
3215 0 0 6.02566e-46 1.84449e-32 0
3217.5 0 0 2.08295e-44 7.20489e-32 0
3220 0 0 5.62589e-45 2.06378e-34 0
3222.5 0 0 8.44499e-45 6.26725e-34 0
3225 0 0 6.44012e-45 1.88127e-33 0
3227.5 0 0 1.89323e-44 6.49459e-32 0
3230 0 0 3.17019e-45 1.70668e-32 0
3232.5 0 0 2.37878e-45 2.30261e-32 0
3235 0 0 2.85739e-45 5.01676e-32 0
3237.5 0 0 5.92992e-45 7.07754e-32 0
3240 0 0 2.6002e-45 3.34266e-32 0
3242.5 0 0 1.88031e-45 2.27466e-32 0
3245 0 0 1.89803e-44 3.22138e-32 0
3247.5 0 0 1.20702e-44 1.62903e-33 0
3250 0 0 8.45465e-45 5.65567e-33 0
3252.5 0 0 5.09361e-45 5.92321e-33 0
3255 0 0 1.03556e-44 9.00374e-32 0
3257.5 0 0 3.17664e-45 2.91585e-32 0
3260 0 0 2.65616e-45 2.65013e-32 0
3262.5 0 0 2.22775e-45 2.4138e-32 0
3265 0 0 1.37582e-44 5.62817e-32 0
3267.5 0 0 2.51744e-45 4.42811e-32 0
3270 0 0 3.30144e-45 2.39927e-32 0
3272.5 0 0 8.53101e-45 1.42555e-32 0
3275 0 0 1.36248e-44 1.63871e-32 0
3277.5 0 0 1.31606e-44 4.79868e-33 0
3280 0 0 6.89849e-45 1.51883e-32 0
3282.5 0 0 3.92686e-45 6.21413e-32 0
3285 0 0 1.16897e-45 4.64794e-32 0
3287.5 0 0 3.1074e-45 3.77155e-32 0
3290 0 0 5.62445e-45 2.50574e-32 0
3292.5 0 0 1.56141e-44 2.92026e-32 0
3295 0 0 4.97582e-45 3.62223e-32 0
3297.5 0 0 2.96296e-45 2.94092e-32 0
3300 0 0 4.1708e-45 2.52242e-32 0
3302.5 0 0 9.39794e-45 3.78763e-32 0
3305 0 0 1.65849e-44 2.03137e-33 0
3307.5 0 0 8.75113e-45 1.4338e-32 0
3310 0 0 3.62564e-45 2.47111e-32 0
3312.5 0 0 2.16646e-45 4.2792e-32 0
3315 0 0 9.88558e-46 6.76758e-32 0
3317.5 0 0 8.11616e-45 3.56134e-32 0
3320 0 0 7.57874e-45 1.92725e-32 0
3322.5 0 0 6.82673e-45 1.46866e-32 0
3325 0 0 7.10807e-45 2.24948e-32 0
3327.5 0 0 5.42185e-45 4.61859e-32 0
3330 0 0 7.14989e-45 3.10283e-32 0
3332.5 0 0 1.17318e-44 1.00287e-32 0
3335 0 0 9.92419e-45 5.17226e-33 0
3337.5 0 0 8.39379e-45 1.71887e-32 0
3340 0 0 3.59316e-45 4.08427e-32 0
3342.5 0 0 6.09449e-46 7.46626e-32 0
3345 0 0 4.65882e-45 4.85727e-32 0
3347.5 0 0 2.80861e-45 2.53177e-32 0
3350 0 0 6.61034e-45 7.23911e-33 0
3352.5 0 0 1.34766e-44 1.53333e-32 0
3355 0 0 8.80818e-45 4.71454e-32 0
3357.5 0 0 7.34315e-45 9.7514e-33 0
3360 0 0 4.90285e-45 1.08133e-32 0
3362.5 0 0 7.64576e-45 1.99729e-32 0
3365 0 0 1.30479e-44 2.50612e-32 0
3367.5 0 0 1.27009e-45 4.71219e-32 0
3370 0 0 1.61894e-45 4.74596e-32 0
3372.5 0 0 6.26602e-46 4.73607e-32 0
3375 0 0 2.88286e-45 4.29639e-32 0
3377.5 0 0 9.95566e-45 4.73182e-33 0
3380 0 0 1.22785e-44 1.8463e-32 0
3382.5 0 0 1.16096e-44 2.18356e-32 0
3385 0 0 7.9162e-45 6.13734e-33 0
3387.5 0 0 2.62777e-45 1.83437e-32 0
3390 0 0 8.15892e-45 3.2804e-32 0
3392.5 0 0 1.09309e-44 4.23296e-32 0
3395 0 0 7.04227e-46 4.68409e-32 0
3397.5 0 0 2.93796e-46 2.41816e-32 0
3400 0 0 2.35276e-45 4.31499e-32 0
3402.5 0 0 5.9072e-45 5.00384e-32 0
3405 0 0 1.26153e-44 7.4608e-33 0
3407.5 0 0 6.4034e-45 1.58722e-32 0
3410 0 0 9.74995e-45 3.52954e-33 0
3412.5 0 0 9.70016e-45 9.56791e-33 0
3415 0 0 3.60574e-45 3.69677e-32 0
3417.5 0 0 1.03392e-44 2.32709e-32 0
3420 0 0 3.83765e-45 4.45934e-32 0
3422.5 0 0 7.77121e-46 4.0878e-32 0
3425 0 0 1.99167e-45 2.32821e-32 0
3427.5 0 0 2.5887e-45 5.75627e-32 0
3430 0 0 9.68587e-45 3.44342e-32 0
3432.5 0 0 1.09507e-44 1.40319e-32 0
3435 0 0 4.1394e-45 2.58295e-33 0
3437.5 0 0 1.06517e-44 4.51397e-33 0
3440 0 0 9.01669e-45 2.4758e-32 0
3442.5 0 0 7.97438e-45 4.36696e-32 0
3445 0 0 7.41382e-45 1.09903e-32 0
3447.5 0 0 1.63106e-45 3.42604e-32 0
3450 0 0 1.18544e-45 3.84974e-32 0
3452.5 0 0 5.00104e-45 4.28068e-32 0
3455 0 0 8.48766e-46 6.29155e-32 0
3457.5 0 0 7.73867e-45 1.49686e-32 0
3460 0 0 8.34117e-45 6.61939e-33 0
3462.5 0 0 7.0458e-45 2.38371e-33 0
3465 0 0 1.51971e-44 2.03425e-33 0
3467.5 0 0 5.93572e-45 3.25207e-32 0
3470 0 0 8.41675e-45 3.29447e-32 0
3472.5 0 0 2.50695e-45 1.31741e-32 0
3475 0 0 1.25566e-45 4.47837e-32 0
3477.5 0 0 4.0087e-45 3.47911e-32 0
3480 0 0 4.51396e-45 6.63745e-32 0
3482.5 0 0 1.86745e-46 4.37798e-32 0
3485 0 0 5.58841e-45 1.46355e-32 0
3487.5 0 0 7.61704e-45 1.4253e-33 0
3490 0 0 1.52265e-44 4.62174e-33 0
3492.5 0 0 1.52079e-44 2.02784e-33 0
3495 0 0 5.98204e-45 1.98829e-32 0
3497.5 0 0 3.29071e-45 2.57303e-32 0
3500 0 0 1.0426e-45 3.58935e-32 0
3502.5 0 0 1.31447e-45 5.75815e-32 0
3505 0 0 4.10931e-45 3.77991e-32 0
3507.5 0 0 2.4841e-45 5.22007e-32 0
3510 0 0 1.41176e-45 2.1699e-32 0
3512.5 0 0 7.91128e-45 8.85477e-33 0
3515 0 0 9.56351e-45 5.86632e-33 0
3517.5 0 0 1.89954e-44 1.21871e-33 0
3520 0 0 9.41528e-45 5.03354e-34 0
3522.5 0 0 5.17096e-45 1.62648e-32 0
3525 0 0 1.20473e-46 3.23554e-32 0
3527.5 0 0 4.96927e-46 7.01897e-32 0
3530 0 0 2.09881e-45 5.14319e-32 0
3532.5 0 0 1.8406e-45 4.72817e-32 0
3535 0 0 2.48726e-45 2.1774e-32 0
3537.5 0 0 7.09253e-45 1.50183e-32 0
3540 0 0 9.49688e-45 1.24311e-32 0
3542.5 0 0 1.48968e-44 3.42902e-33 0
3545 0 0 1.29604e-44 8.59454e-34 0
3547.5 0 0 6.00751e-45 3.1157e-33 0
3550 0 0 2.98985e-45 2.22397e-32 0
3552.5 0 0 9.61621e-47 5.52714e-32 0
3555 0 0 1.69138e-45 7.1828e-32 0
3557.5 0 0 6.41767e-46 3.17923e-32 0
3560 0 0 2.08532e-45 3.06677e-32 0
3562.5 0 0 5.73615e-45 6.61889e-33 0
3565 0 0 1.25054e-44 2.11762e-32 0
3567.5 0 0 6.18284e-45 1.02632e-32 0
3570 0 0 1.53166e-44 1.91298e-33 0
3572.5 0 0 5.7409e-45 2.32035e-33 0
3575 0 0 6.48443e-45 1.95659e-32 0
3577.5 0 0 2.5812e-45 2.07193e-32 0
3580 0 0 1.29785e-46 8.51986e-32 0
3582.5 0 0 1.97325e-45 4.57307e-32 0
3585 0 0 3.48315e-46 2.81759e-32 0
3587.5 0 0 2.89912e-45 1.54916e-32 0
3590 0 0 1.40012e-44 6.68831e-33 0
3592.5 0 0 1.06827e-44 3.56911e-32 0
3595 0 0 4.09761e-45 3.17816e-33 0
3597.5 0 0 8.77325e-45 6.06827e-33 0
3600 0 0 3.75335e-45 1.63601e-32 0
3602.5 0 0 1.20168e-44 2.94333e-32 0
3605 0 0 1.6902e-45 1.0981e-32 0
3607.5 0 0 1.37411e-45 6.97237e-32 0
3610 0 0 1.63631e-46 2.75461e-32 0
3612.5 0 0 2.54749e-45 4.32348e-32 0
3615 0 0 1.36851e-45 6.37474e-33 0
3617.5 0 0 1.80803e-44 1.123e-32 0
3620 0 0 6.30225e-45 2.7068e-32 0
3622.5 0 0 4.73492e-45 2.43746e-33 0
3625 0 0 3.22518e-45 3.35971e-33 0
3627.5 0 0 5.00894e-45 4.63093e-32 0
3630 0 0 1.57634e-44 1.90985e-32 0
3632.5 0 0 8.29821e-46 8.28603e-33 0
3635 0 0 1.44042e-45 4.0079e-32 0
3637.5 0 0 1.55395e-45 3.00931e-32 0
3640 0 0 2.18275e-45 7.83365e-32 0
3642.5 0 0 9.44286e-46 6.54194e-33 0
3645 0 0 1.33295e-44 1.78918e-32 0
3647.5 0 0 5.68832e-45 6.85531e-33 0
3650 0 0 1.13184e-44 5.32231e-33 0
3652.5 0 0 2.11772e-45 1.42039e-33 0
3655 0 0 7.31337e-45 4.82386e-32 0
3657.5 0 0 1.08294e-44 1.60302e-32 0
3660 0 0 1.73274e-45 1.59994e-32 0
3662.5 0 0 5.31555e-47 1.99155e-32 0
3665 0 0 4.57339e-45 3.74335e-32 0
3667.5 0 0 1.29666e-45 8.11189e-32 0
3670 0 0 4.51238e-46 1.06323e-32 0
3672.5 0 0 6.84015e-45 7.79491e-33 0
3675 0 0 7.43969e-45 2.841e-34 0
3677.5 0 0 1.83142e-44 7.5554e-34 0
3680 0 0 3.76066e-45 3.37919e-33 0
3682.5 0 0 6.74966e-45 3.2986e-32 0
3685 0 0 3.48693e-45 2.14227e-32 0
3687.5 0 0 8.9641e-46 4.40119e-32 0
3690 0 0 8.0058e-46 2.47442e-32 0
3692.5 0 0 3.9796e-45 4.84139e-32 0
3695 0 0 2.40757e-45 5.47408e-32 0
3697.5 0 0 2.42563e-45 1.4225e-32 0
3700 0 0 5.83944e-45 3.53677e-33 0
3702.5 0 0 1.03806e-44 1.45056e-33 0
3705 0 0 1.71347e-44 3.734e-33 0
3707.5 0 0 6.86065e-45 4.84076e-34 0
3710 0 0 3.57807e-45 2.09427e-32 0
3712.5 0 0 1.03815e-45 2.814e-32 0
3715 0 0 4.41882e-47 5.87864e-32 0
3717.5 0 0 1.1723e-45 4.08401e-32 0
3720 0 0 1.75226e-45 3.50577e-32 0
3722.5 0 0 3.18569e-45 2.48347e-32 0
3725 0 0 6.66239e-45 3.2032e-33 0
3727.5 0 0 9.60972e-45 8.40137e-33 0
3730 0 0 1.08809e-44 2.31732e-34 0
3732.5 0 0 9.7415e-45 9.23591e-33 0
3735 0 0 5.01514e-45 5.38255e-33 0
3737.5 0 0 2.81102e-45 3.09823e-32 0
3740 0 0 1.04247e-45 3.82571e-32 0
3742.5 0 0 1.59091e-45 4.75087e-32 0
3745 0 0 4.051e-47 5.04426e-32 0
3747.5 0 0 2.21796e-45 2.54755e-32 0
3750 0 0 3.9655e-45 2.02689e-32 0
3752.5 0 0 7.61531e-45 5.1799e-34 0
3755 0 0 1.55671e-44 5.46893e-33 0
3757.5 0 0 8.61158e-45 1.0317e-33 0
3760 0 0 6.76038e-45 6.49989e-33 0
3762.5 0 0 1.11484e-45 1.3508e-32 0
3765 0 0 3.61655e-45 5.4231e-32 0
3767.5 0 0 2.37476e-45 3.63314e-32 0
3770 0 0 1.54914e-45 2.86146e-32 0
3772.5 0 0 5.78937e-46 2.958e-32 0
3775 0 0 5.16964e-45 2.47333e-32 0
3777.5 0 0 5.09983e-45 2.71594e-32 0
3780 0 0 3.97921e-45 5.03282e-33 0
3782.5 0 0 1.46605e-44 7.84908e-34 0
3785 0 0 7.21786e-45 1.99836e-33 0
3787.5 0 0 7.66413e-45 7.33385e-33 0
3790 0 0 1.89522e-46 8.51696e-33 0
3792.5 0 0 1.7847e-45 7.6102e-32 0
3795 0 0 2.3227e-45 3.27445e-32 0
3797.5 0 0 4.02193e-46 2.89214e-32 0
3800 0 0 8.2344e-46 9.33172e-33 0
3802.5 0 0 1.15395e-44 2.18046e-32 0
3805 0 0 4.98915e-45 3.57618e-32 0
3807.5 0 0 3.26223e-45 2.28754e-33 0
3810 0 0 8.72166e-45 5.90986e-34 0
3812.5 0 0 8.45158e-45 1.16063e-32 0
3815 0 0 1.19659e-44 8.40062e-33 0
3817.5 0 0 4.07573e-46 4.17192e-33 0
3820 0 0 5.56197e-46 6.4053e-32 0
3822.5 0 0 4.17303e-46 3.90461e-32 0
3825 0 0 3.56792e-46 4.39565e-32 0
3827.5 0 0 6.82898e-47 4.63734e-33 0
3830 0 0 1.38895e-44 1.2211e-32 0
3832.5 0 0 6.18934e-45 2.70914e-32 0
3835 0 0 4.51517e-45 2.01706e-34 0
3837.5 0 0 4.13761e-45 1.18691e-34 0
3840 0 0 5.87962e-45 2.91901e-32 0
3842.5 0 0 1.33328e-44 1.23266e-32 0
3845 0 0 6.27635e-47 5.36906e-33 0
3847.5 0 0 1.56422e-46 4.13861e-32 0
3850 0 0 5.76792e-46 3.67199e-32 0
3852.5 0 0 5.13778e-46 6.05698e-32 0
3855 0 0 7.82184e-46 3.32681e-33 0
3857.5 0 0 1.15928e-44 4.75248e-33 0
3860 0 0 8.82688e-45 9.89005e-33 0
3862.5 0 0 8.43985e-45 1.44143e-36 0
3865 0 0 3.697e-45 4.25805e-33 0
3867.5 0 0 3.31746e-45 3.34651e-32 0
3870 0 0 9.8046e-45 2.63424e-32 0
3872.5 0 0 2.23496e-46 1.23362e-32 0
3875 0 0 8.80118e-46 3.49016e-32 0
3877.5 0 0 2.05522e-45 2.70838e-32 0
3880 0 0 2.72128e-45 6.40837e-32 0
3882.5 0 0 1.08109e-45 4.86066e-33 0
3885 0 0 8.73581e-45 4.37501e-33 0
3887.5 0 0 7.19351e-45 4.19594e-33 0
3890 0 0 1.1835e-44 2.98128e-33 0
3892.5 0 0 3.38492e-45 1.0982e-32 0
3895 0 0 1.85321e-45 2.68434e-32 0
3897.5 0 0 5.36521e-45 2.97319e-32 0
3900 0 0 3.22738e-49 2.0966e-32 0
3902.5 0 0 3.50585e-45 3.01531e-32 0
3905 0 0 2.03328e-45 1.39399e-32 0
3907.5 0 0 5.85637e-45 4.68146e-32 0
3910 0 0 6.56332e-46 2.48756e-33 0
3912.5 0 0 9.46195e-45 1.18664e-32 0
3915 0 0 3.91569e-45 2.92255e-33 0
3917.5 0 0 1.11421e-44 1.53938e-32 0
3920 0 0 3.17565e-45 5.14326e-33 0
3922.5 0 0 2.25861e-45 3.48686e-32 0
3925 0 0 4.44535e-45 1.96323e-32 0
3927.5 0 0 1.18953e-45 2.94008e-32 0
3930 0 0 3.95518e-45 3.32331e-32 0
3932.5 0 0 2.40731e-45 1.23273e-32 0
3935 0 0 4.97905e-45 4.09182e-32 0
3937.5 0 0 1.81817e-45 3.47741e-34 0
3940 0 0 9.91689e-45 2.3848e-32 0
3942.5 0 0 2.6672e-45 1.26461e-34 0
3945 0 0 9.67627e-45 2.24454e-32 0
3947.5 0 0 2.06008e-45 4.06283e-34 0
3950 0 0 5.33296e-45 3.52532e-32 0
3952.5 0 0 2.949e-45 9.36905e-33 0
3955 0 0 4.13109e-45 2.73424e-32 0
3957.5 0 0 1.69884e-45 2.67954e-32 0
3960 0 0 3.89567e-45 1.81039e-32 0
3962.5 0 0 1.88035e-45 3.51313e-32 0
3965 0 0 1.97317e-45 7.33693e-33 0
3967.5 0 0 9.40523e-45 1.80658e-32 0
3970 0 0 2.90555e-45 2.64031e-33 0
3972.5 0 0 1.04814e-44 1.33503e-32 0
3975 0 0 8.99129e-46 2.62815e-34 0
3977.5 0 0 6.16113e-45 4.20356e-32 0
3980 0 0 1.84584e-45 7.61705e-33 0
3982.5 0 0 3.98084e-45 3.40434e-32 0
3985 0 0 4.13141e-46 1.6527e-32 0
3987.5 0 0 5.38281e-45 3.03689e-32 0
3990 0 0 7.24084e-46 3.1765e-32 0
3992.5 0 0 2.79455e-45 1.38603e-32 0
3995 0 0 8.50491e-45 7.23249e-33 0
3997.5 0 0 6.31121e-45 5.16099e-33 0
4000 0 0 1.05785e-44 4.64991e-33 0
4002.5 0 0 2.40995e-45 1.19484e-33 0
4005 0 0 3.58127e-45 4.33076e-32 0
4007.5 0 0 1.58252e-45 1.70238e-32 0
4010 0 0 1.9271e-45 4.04368e-32 0
4012.5 0 0 3.81416e-46 1.56888e-32 0
4015 0 0 5.78692e-45 2.55359e-32 0
4017.5 0 0 1.42692e-45 2.24637e-32 0
4020 0 0 5.18821e-45 1.07708e-32 0
4022.5 0 0 6.56024e-45 5.77524e-33 0
4025 0 0 7.29367e-45 5.51488e-33 0
4027.5 0 0 8.24055e-45 4.43672e-33 0
4030 0 0 2.65997e-45 7.43565e-33 0
4032.5 0 0 1.50345e-45 3.68242e-32 0
4035 0 0 2.543e-46 2.75233e-32 0
4037.5 0 0 1.50949e-45 3.81515e-32 0
4040 0 0 1.10413e-45 1.77827e-32 0
4042.5 0 0 6.63167e-45 9.76958e-33 0
4045 0 0 4.27146e-45 1.51072e-32 0
4047.5 0 0 6.24747e-45 6.54711e-33 0
4050 0 0 7.46642e-45 7.91036e-33 0
4052.5 0 0 4.4276e-45 1.06262e-32 0
4055 0 0 7.47627e-45 1.04234e-32 0
4057.5 0 0 9.02043e-46 1.59488e-32 0
4060 0 0 1.7085e-45 4.26164e-32 0
4062.5 0 0 2.04204e-46 2.84355e-32 0
4065 0 0 1.85409e-45 3.48506e-32 0
4067.5 0 0 3.09957e-45 1.07214e-32 0
4070 0 0 7.34269e-45 6.00505e-33 0
4072.5 0 0 6.44885e-45 1.21481e-32 0
4075 0 0 4.70529e-45 7.78976e-33 0
4077.5 0 0 6.85316e-45 1.39649e-32 0
4080 0 0 1.44533e-45 1.22203e-32 0
4082.5 0 0 5.90179e-45 2.02029e-32 0
4085 0 0 8.37141e-46 1.12066e-32 0
4087.5 0 0 2.90634e-45 4.56742e-32 0
4090 0 0 6.38815e-46 1.102e-32 0
4092.5 0 0 3.50004e-45 2.76729e-32 0
4095 0 0 2.83424e-45 1.96538e-33 0
4097.5 0 0 9.94268e-45 9.03483e-33 0
4100 0 0 3.85824e-45 1.11841e-32 0
4102.5 0 0 3.87958e-45 1.33838e-32 0
4105 0 0 3.25444e-45 1.75036e-32 0
4107.5 0 0 1.02658e-45 2.17979e-32 0
4110 0 0 6.51716e-45 2.02282e-32 0
4112.5 0 0 1.72536e-45 5.81978e-33 0
4115 0 0 4.60634e-45 3.91419e-32 0
4117.5 0 0 4.66109e-46 4.04893e-33 0
4120 0 0 5.0077e-45 3.58258e-32 0
4122.5 0 0 1.13362e-45 1.00775e-33 0
4125 0 0 1.19264e-44 1.5209e-32 0
4127.5 0 0 1.4938e-45 7.91145e-33 0
4130 0 0 4.83944e-45 1.8284e-32 0
4132.5 0 0 8.22333e-46 1.44838e-32 0
4135 0 0 1.97357e-45 3.61403e-32 0
4137.5 0 0 7.50232e-45 1.2063e-32 0
4140 0 0 2.68268e-45 5.22434e-33 0
4142.5 0 0 4.82426e-45 2.00635e-32 0
4145 0 0 2.121e-45 5.32691e-33 0
4147.5 0 0 3.85289e-45 4.4436e-32 0
4150 0 0 2.87147e-46 4.60791e-33 0
4152.5 0 0 8.26161e-45 2.00355e-32 0
4155 0 0 9.01834e-46 6.77487e-34 0
4157.5 0 0 7.34284e-45 2.00823e-32 0
4160 0 0 3.0812e-46 8.24884e-33 0
4162.5 0 0 3.3654e-45 3.68555e-32 0
4165 0 0 4.35648e-45 5.72704e-33 0
4167.5 0 0 4.29783e-45 1.09929e-32 0
4170 0 0 3.55169e-45 8.53368e-33 0
4172.5 0 0 4.68484e-45 8.3434e-33 0
4175 0 0 2.45742e-45 4.37728e-32 0
4177.5 0 0 2.6659e-46 1.13881e-32 0
4180 0 0 4.73964e-45 1.80224e-32 0
4182.5 0 0 1.09302e-45 2.21226e-33 0
4185 0 0 1.14404e-44 1.70871e-32 0
4187.5 0 0 1.25198e-45 8.34557e-33 0
4190 0 0 3.74203e-45 2.76343e-32 0
4192.5 0 0 1.34502e-45 6.19726e-33 0
4195 0 0 4.04886e-45 2.96558e-32 0
4197.5 0 0 4.33337e-45 8.93446e-33 0
4200 0 0 4.04935e-45 1.31372e-32 0
4202.5 0 0 2.84053e-45 2.90557e-32 0
4205 0 0 1.88976e-45 1.38681e-32 0
4207.5 0 0 3.29376e-45 1.99036e-32 0
4210 0 0 2.09838e-45 3.86085e-33 0
4212.5 0 0 9.87105e-45 1.83735e-32 0
4215 0 0 2.96508e-45 7.75011e-33 0
4217.5 0 0 3.06092e-45 1.66567e-32 0
4220 0 0 2.6293e-46 6.62719e-33 0
4222.5 0 0 4.2006e-45 3.51615e-32 0
4225 0 0 4.37198e-45 1.55178e-32 0
4227.5 0 0 2.31643e-45 9.66665e-33 0
4230 0 0 2.26603e-45 1.09206e-32 0
4232.5 0 0 4.32498e-45 1.43488e-32 0
4235 0 0 4.35895e-45 2.46645e-32 0
4237.5 0 0 2.09262e-45 2.55347e-33 0
4240 0 0 5.29375e-45 1.95671e-32 0
4242.5 0 0 2.72979e-45 8.11382e-33 0
4245 0 0 4.42472e-45 1.91514e-32 0
4247.5 0 0 9.15318e-47 6.76755e-33 0
4250 0 0 6.1619e-45 2.81331e-32 0
4252.5 0 0 3.1457e-45 1.80151e-32 0
4255 0 0 2.16696e-45 9.9857e-33 0
4257.5 0 0 1.51108e-45 7.3715e-33 0
4260 0 0 4.81146e-45 2.13045e-32 0
4262.5 0 0 7.05987e-45 2.50765e-32 0
4265 0 0 1.29655e-45 1.13037e-33 0
4267.5 0 0 3.2044e-45 1.44147e-32 0
4270 0 0 2.12911e-45 1.23674e-32 0
4272.5 0 0 6.07881e-45 3.26907e-32 0
4275 0 0 5.01824e-46 5.66952e-33 0
4277.5 0 0 5.81184e-45 1.58852e-32 0
4280 0 0 2.88605e-45 1.03557e-32 0
4282.5 0 0 3.94948e-45 1.76232e-32 0
4285 0 0 1.39931e-45 1.032e-32 0
4287.5 0 0 2.3836e-45 2.67613e-32 0
4290 0 0 6.17838e-45 1.84803e-32 0
4292.5 0 0 1.90101e-45 2.6984e-33 0
4295 0 0 3.1122e-45 8.90608e-33 0
4297.5 0 0 3.87915e-45 8.09785e-33 0
4300 0 0 4.67687e-45 3.94504e-32 0
4302.5 0 0 4.92915e-46 3.50024e-33 0
4305 0 0 3.56595e-45 1.11022e-32 0
4307.5 0 0 2.27377e-45 6.85664e-33 0
4310 0 0 7.80552e-45 1.77162e-32 0
4312.5 0 0 7.35508e-46 1.34053e-32 0
4315 0 0 1.25841e-45 2.3842e-32 0
4317.5 0 0 2.68138e-45 1.33335e-32 0
4320 0 0 3.02893e-45 1.32053e-32 0
4322.5 0 0 5.59682e-45 5.30113e-33 0
4325 0 0 5.15913e-45 5.45038e-33 0
4327.5 0 0 3.13547e-45 3.18484e-32 0
4330 0 0 7.82853e-48 7.41446e-33 0
4332.5 0 0 2.1306e-45 2.30449e-32 0
4335 0 0 2.34808e-45 1.16018e-32 0
4337.5 0 0 9.36064e-45 1.25311e-32 0
4340 0 0 1.49784e-45 1.03711e-32 0
4342.5 0 0 2.15288e-45 1.55213e-32 0
4345 0 0 1.11962e-45 1.69609e-32 0
4347.5 0 0 2.40629e-45 2.54822e-32 0
4350 0 0 7.09341e-45 8.55116e-33 0
4352.5 0 0 3.7655e-45 5.85227e-33 0
4355 0 0 3.05071e-45 1.45119e-32 0
4357.5 0 0 1.23228e-45 8.82901e-33 0
4360 0 0 2.14463e-45 3.49444e-32 0
4362.5 0 0 3.05757e-45 1.18511e-32 0
4365 0 0 5.75664e-45 8.376e-33 0
4367.5 0 0 2.55116e-45 1.20816e-33 0
4370 0 0 4.18895e-45 1.21346e-32 0
4372.5 0 0 1.40426e-45 2.23174e-32 0
4375 0 0 9.73704e-46 2.49898e-32 0
4377.5 0 0 4.0414e-45 1.32275e-32 0
4380 0 0 2.62121e-45 6.33445e-33 0
4382.5 0 0 4.37659e-45 7.00318e-33 0
4385 0 0 3.05841e-45 3.2844e-33 0
4387.5 0 0 3.63727e-45 3.31168e-32 0
4390 0 0 2.46075e-45 9.24693e-33 0
4392.5 0 0 2.84049e-45 1.13413e-32 0
4395 0 0 1.35594e-45 8.35507e-34 0
4397.5 0 0 7.01616e-45 1.81265e-32 0
4400 0 0 1.55676e-45 2.54099e-32 0
4402.5 0 0 7.52251e-46 1.73529e-32 0
4405 0 0 1.16242e-45 1.11928e-32 0
4407.5 0 0 2.9665e-45 1.47197e-32 0
4410 0 0 7.86278e-45 7.57169e-33 0
4412.5 0 0 2.35758e-45 1.06396e-33 0
4415 0 0 5.32152e-45 2.04154e-32 0
4417.5 0 0 1.64493e-45 8.20224e-33 0
4420 0 0 2.21824e-45 2.62091e-32 0
4422.5 0 0 2.51929e-46 1.45688e-33 0
4425 0 0 6.36656e-45 2.86866e-32 0
4427.5 0 0 1.40733e-45 1.95246e-32 0
4430 0 0 2.29886e-45 9.24825e-33 0
4432.5 0 0 2.26572e-46 5.92214e-33 0
4435 0 0 5.49719e-45 1.71927e-32 0
4437.5 0 0 8.08998e-45 9.32586e-33 0
4440 0 0 1.07921e-45 2.39425e-33 0
4442.5 0 0 3.66634e-45 8.36865e-33 0
4445 0 0 1.44067e-45 1.37159e-32 0
4447.5 0 0 2.7094e-45 3.42972e-32 0
4450 0 0 1.85167e-46 9.63348e-34 0
4452.5 0 0 3.26285e-45 2.81604e-32 0
4455 0 0 1.18865e-45 7.03917e-33 0
4457.5 0 0 5.12656e-45 1.11424e-32 0
4460 0 0 1.88919e-46 1.71161e-33 0
4462.5 0 0 8.34176e-45 1.31736e-32 0
4465 0 0 4.53854e-45 7.4101e-33 0
4467.5 0 0 1.27368e-45 7.8757e-33 0
4470 0 0 1.1251e-45 6.47599e-33 0
4472.5 0 0 1.44115e-45 2.77649e-32 0
4475 0 0 3.82133e-45 3.08384e-32 0
4477.5 0 0 6.23719e-46 6.3607e-34 0
4480 0 0 2.35007e-45 1.75232e-32 0
4482.5 0 0 2.68071e-45 4.70413e-33 0
4485 0 0 6.87057e-45 2.06558e-32 0
4487.5 0 0 5.93977e-46 1.95266e-33 0
4490 0 0 7.37261e-45 1.03348e-32 0
4492.5 0 0 2.30987e-45 5.15499e-33 0
4495 0 0 2.31363e-45 1.99829e-32 0
4497.5 0 0 6.00718e-46 8.13544e-33 0
4500 0 0 1.63906e-45 3.6497e-32 0
4502.5 0 0 3.1926e-45 2.00712e-32 0
4505 0 0 2.05898e-45 1.45819e-33 0
4507.5 0 0 2.43505e-45 7.36184e-33 0
4510 0 0 5.47448e-45 5.96214e-33 0
4512.5 0 0 5.08722e-45 2.07985e-32 0
4515 0 0 6.26086e-46 5.11609e-33 0
4517.5 0 0 3.96033e-45 9.52964e-33 0
4520 0 0 1.73668e-45 9.6001e-33 0
4522.5 0 0 4.03229e-45 1.70356e-32 0
4525 0 0 1.09913e-45 9.97229e-33 0
4527.5 0 0 1.77721e-45 2.52547e-32 0
4530 0 0 1.48762e-45 1.12794e-32 0
4532.5 0 0 2.77094e-45 5.73377e-33 0
4535 0 0 3.22506e-45 7.08752e-33 0
4537.5 0 0 6.08257e-45 8.98692e-33 0
4540 0 0 2.64231e-45 1.48936e-32 0
4542.5 0 0 4.22654e-47 8.06078e-33 0
4545 0 0 2.1603e-45 1.19686e-32 0
4547.5 0 0 2.96441e-45 1.72449e-32 0
4550 0 0 4.73109e-45 1.10614e-32 0
4552.5 0 0 1.78834e-45 6.85344e-33 0
4555 0 0 1.87217e-45 1.64354e-32 0
4557.5 0 0 2.02024e-45 1.5398e-32 0
4560 0 0 2.08292e-45 1.40407e-32 0
4562.5 0 0 4.23822e-45 8.80232e-33 0
4565 0 0 3.9923e-45 1.22537e-32 0
4567.5 0 0 2.84044e-45 9.72619e-33 0
4570 0 0 4.15797e-46 9.11603e-33 0
4572.5 0 0 2.51921e-45 1.70197e-32 0
4575 0 0 5.10865e-45 1.44045e-32 0
4577.5 0 0 3.39311e-45 1.03393e-32 0
4580 0 0 2.21256e-45 2.37601e-33 0
4582.5 0 0 1.79293e-45 1.26406e-32 0
4585 0 0 2.3635e-45 2.5159e-32 0
4587.5 0 0 2.11616e-45 1.16918e-32 0
4590 0 0 2.58153e-45 1.19354e-32 0
4592.5 0 0 2.55558e-45 7.35601e-33 0
4595 0 0 4.48668e-45 9.51192e-33 0
4597.5 0 0 1.15925e-45 8.12799e-33 0
4600 0 0 3.60062e-45 1.49491e-32 0
4602.5 0 0 3.90585e-45 7.83446e-33 0
4605 0 0 2.23676e-45 1.30168e-32 0
4607.5 0 0 1.78465e-45 1.07027e-33 0
4610 0 0 2.18072e-45 1.7901e-32 0
4612.5 0 0 1.28979e-45 2.70104e-32 0
4615 0 0 2.2885e-45 8.64839e-33 0
4617.5 0 0 1.03412e-45 1.05987e-32 0
4620 0 0 3.05581e-45 2.37391e-33 0
4622.5 0 0 6.35904e-45 7.68366e-33 0
4625 0 0 9.55521e-46 1.14044e-32 0
4627.5 0 0 3.80286e-45 1.06984e-32 0
4630 0 0 1.48685e-45 7.63565e-33 0
4632.5 0 0 2.36542e-45 1.84003e-32 0
4635 0 0 2.53247e-45 1.29871e-33 0
4637.5 0 0 2.37015e-45 2.33446e-32 0
4640 0 0 4.73231e-46 2.14144e-32 0
4642.5 0 0 2.47129e-45 1.00172e-32 0
4645 0 0 1.00087e-45 9.38139e-33 0
4647.5 0 0 4.87171e-45 3.74998e-33 0
4650 0 0 7.02182e-45 2.96476e-33 0
4652.5 0 0 1.02846e-45 1.30165e-32 0
4655 0 0 2.93594e-45 1.01899e-32 0
4657.5 0 0 4.43588e-46 1.26868e-32 0
4660 0 0 1.88902e-45 2.51968e-32 0
4662.5 0 0 3.77262e-45 4.43654e-35 0
4665 0 0 2.18594e-45 2.00247e-32 0
4667.5 0 0 7.03443e-46 1.14034e-32 0
4670 0 0 3.3798e-45 9.45395e-33 0
4672.5 0 0 5.70831e-46 1.5733e-32 0
4675 0 0 6.08377e-45 3.70964e-33 0
4677.5 0 0 4.55977e-45 1.36057e-33 0
4680 0 0 1.32044e-45 1.09338e-32 0
4682.5 0 0 2.73605e-45 8.01069e-33 0
4685 0 0 2.43362e-46 2.12519e-32 0
4687.5 0 0 1.18859e-45 2.01393e-32 0
4690 0 0 3.42029e-45 1.29672e-33 0
4692.5 0 0 2.17014e-45 1.43493e-32 0
4695 0 0 2.24394e-45 5.01856e-33 0
4697.5 0 0 3.34069e-45 8.81173e-33 0
4700 0 0 3.17473e-46 1.81274e-32 0
4702.5 0 0 4.97189e-45 6.00401e-33 0
4705 0 0 2.796e-45 1.98596e-33 0
4707.5 0 0 1.37968e-45 8.41077e-33 0
4710 0 0 4.05124e-45 5.09524e-33 0
4712.5 0 0 8.59926e-46 2.55605e-32 0
4715 0 0 6.63609e-46 1.74327e-32 0
4717.5 0 0 1.95655e-45 2.56355e-33 0
4720 0 0 2.10393e-45 1.62099e-32 0
4722.5 0 0 4.05838e-45 5.84909e-33 0
4725 0 0 3.32987e-45 7.39198e-33 0
4727.5 0 0 4.16114e-46 1.29993e-32 0
4730 0 0 3.93476e-45 1.05518e-32 0
4732.5 0 0 3.06739e-45 6.72048e-33 0
4735 0 0 1.5609e-45 9.95518e-33 0
4737.5 0 0 3.83221e-45 4.54439e-33 0
4740 0 0 1.99412e-45 2.06188e-32 0
4742.5 0 0 7.15158e-46 2.00627e-32 0
4745 0 0 1.67595e-45 2.15774e-33 0
4747.5 0 0 1.67115e-45 1.71491e-32 0
4750 0 0 3.98997e-45 1.07583e-32 0
4752.5 0 0 4.10976e-45 4.76901e-33 0
4755 0 0 7.30854e-47 9.81493e-33 0
4757.5 0 0 3.98821e-45 6.52303e-33 0
4760 0 0 3.28843e-45 1.14794e-32 0
4762.5 0 0 1.53842e-45 1.41788e-32 0
4765 0 0 2.44355e-45 3.35083e-33 0
4767.5 0 0 1.43327e-45 1.57329e-32 0
4770 0 0 1.63093e-45 1.59304e-32 0
4772.5 0 0 2.52546e-45 3.90366e-33 0
4775 0 0 1.3447e-45 1.31687e-32 0
4777.5 0 0 3.11844e-45 9.96954e-33 0
4780 0 0 3.85053e-45 5.18455e-33 0
4782.5 0 0 1.25815e-46 1.00233e-32 0
4785 0 0 3.70837e-45 4.14995e-33 0
4787.5 0 0 3.1534e-45 1.03887e-32 0
4790 0 0 1.33701e-45 1.70168e-32 0
4792.5 0 0 1.72354e-45 1.57672e-33 0
4795 0 0 4.63533e-46 1.73333e-32 0
4797.5 0 0 1.72205e-45 1.43468e-32 0
4800 0 0 4.25713e-45 4.2563e-33 0
4802.5 0 0 1.02831e-45 8.48939e-33 0
4805 0 0 3.62625e-45 4.89083e-33 0
4807.5 0 0 3.40329e-45 8.7008e-33 0
4810 0 0 3.14271e-46 1.68866e-32 0
4812.5 0 0 2.49314e-45 4.48937e-33 0
4815 0 0 2.80128e-45 8.56961e-33 0
4817.5 0 0 1.96532e-45 1.76633e-32 0
4820 0 0 2.9521e-45 2.12125e-33 0
4822.5 0 0 2.23036e-46 1.65633e-32 0
4825 0 0 7.57767e-46 1.79033e-32 0
4827.5 0 0 5.46206e-45 5.4999e-33 0
4830 0 0 1.19364e-45 8.31593e-33 0
4832.5 0 0 3.80006e-45 1.34181e-33 0
4835 0 0 3.36381e-45 5.7296e-33 0
4837.5 0 0 1.83163e-46 2.84141e-32 0
4840 0 0 1.56779e-45 4.87176e-33 0
4842.5 0 0 1.73282e-45 9.54226e-33 0
4845 0 0 2.00472e-45 1.26403e-32 0
4847.5 0 0 5.90776e-45 1.30126e-33 0
4850 0 0 2.96622e-46 1.17878e-32 0
4852.5 0 0 6.01839e-46 1.37848e-32 0
4855 0 0 3.83796e-45 7.70557e-33 0
4857.5 0 0 1.31036e-45 1.49934e-32 0
4860 0 0 2.99786e-45 2.10363e-34 0
4862.5 0 0 2.65393e-45 9.6006e-34 0
4865 0 0 6.58325e-46 2.73293e-32 0
4867.5 0 0 1.73708e-45 6.59463e-33 0
4870 0 0 1.08007e-45 1.08787e-32 0
4872.5 0 0 9.52932e-46 6.59908e-33 0
4875 0 0 7.37623e-45 2.49311e-35 0
4877.5 0 0 9.02127e-46 7.59925e-33 0
4880 0 0 1.16164e-45 1.03676e-32 0
4882.5 0 0 1.57198e-45 6.97224e-33 0
4885 0 0 6.75264e-46 2.53413e-32 0
4887.5 0 0 2.27382e-45 8.08791e-34 0
4890 0 0 2.76667e-45 7.04485e-34 0
4892.5 0 0 1.3618e-45 1.62475e-32 0
4895 0 0 3.80869e-45 7.78499e-33 0
4897.5 0 0 8.73996e-46 1.16944e-32 0
4900 0 0 2.07993e-46 8.2737e-33 0
4902.5 0 0 5.99033e-45 1.20643e-33 0
4905 0 0 1.94955e-45 9.8986e-33 0
4907.5 0 0 1.52867e-45 1.20714e-32 0
4910 0 0 1.28715e-45 3.55282e-33 0
4912.5 0 0 1.59249e-46 2.97863e-32 0
4915 0 0 2.0399e-45 4.65155e-33 0
4917.5 0 0 4.053e-45 1.47555e-33 0
4920 0 0 9.58065e-46 1.10539e-32 0
4922.5 0 0 5.78592e-45 4.3978e-33 0
4925 0 0 7.1646e-46 1.07919e-32 0
4927.5 0 0 3.83435e-47 1.50434e-32 0
4930 0 0 4.30491e-45 1.52184e-33 0
4932.5 0 0 1.48029e-45 1.62499e-32 0
4935 0 0 1.6739e-45 8.54219e-33 0
4937.5 0 0 2.22942e-45 1.45865e-33 0
4940 0 0 1.75431e-46 2.58306e-32 0
4942.5 0 0 2.68801e-45 5.00904e-33 0
4945 0 0 3.49221e-45 2.84746e-33 0
4947.5 0 0 3.87469e-46 1.08251e-32 0
4950 0 0 5.2729e-45 1.33131e-33 0
4952.5 0 0 7.26262e-46 9.75146e-33 0
4955 0 0 1.8007e-46 1.53498e-32 0
4957.5 0 0 3.77603e-45 5.88111e-34 0
4960 0 0 4.74627e-46 1.78379e-32 0
4962.5 0 0 1.52141e-45 4.22503e-33 0
4965 0 0 3.12146e-45 9.66234e-34 0
4967.5 0 0 3.77131e-47 2.20412e-32 0
4970 0 0 3.72712e-45 2.35557e-33 0
4972.5 0 0 1.99621e-45 4.01136e-33 0
4975 0 0 2.69845e-46 1.3355e-32 0
4977.5 0 0 3.9957e-45 6.70684e-34 0
4980 0 0 5.56209e-46 1.37036e-32 0
4982.5 0 0 6.89709e-46 1.22292e-32 0
4985 0 0 4.48504e-45 5.9949e-34 0
4987.5 0 0 2.43439e-46 1.35101e-32 0
4990 0 0 2.06264e-45 4.17557e-33 0
4992.5 0 0 3.57486e-45 3.20175e-33 0
4995 0 0 6.96797e-47 2.43219e-32 0
4997.5 0 0 3.24309e-45 7.87401e-34 0
