0 0 0 0 0 0
2.5 0 0 3.76243e-49 6.91575e-35 0
5 0 0 4.27973e-47 1.6217e-33 0
7.5 0 0 7.48304e-46 4.70921e-33 0
10 0 0 3.09109e-46 8.96063e-32 0
12.5 0 0 2.05141e-45 1.45838e-34 0
15 0 0 2.79832e-46 1.12998e-32 0
17.5 0 0 1.08454e-45 1.93302e-32 0
20 0 0 8.67044e-45 2.82382e-34 0
22.5 0 0 1.85015e-46 7.39894e-33 0
25 0 0 1.88103e-45 3.28199e-34 0
27.5 0 0 2.12249e-44 8.42278e-34 0
30 0 0 9.00224e-46 1.12594e-33 0
32.5 0 0 5.70288e-46 1.06408e-32 0
35 0 0 2.56248e-46 8.3836e-33 0
37.5 0 0 1.53686e-45 2.033e-31 0
40 0 0 2.42157e-45 2.62084e-32 0
42.5 0 0 8.98818e-46 2.21971e-33 0
45 0 0 3.3971e-47 3.66266e-32 0
47.5 0 0 2.8745e-44 3.39562e-33 0
50 0 0 9.62509e-46 1.72508e-32 0
52.5 0 0 3.94955e-45 2.38383e-33 0
55 0 0 1.60492e-44 2.5441e-32 0
57.5 0 0 5.97616e-46 6.66513e-32 0
60 0 0 9.88683e-45 1.41803e-33 0
62.5 0 0 2.28601e-45 7.93738e-32 0
65 0 0 7.20446e-45 8.99218e-32 0
67.5 0 0 9.60107e-46 6.08265e-33 0
70 0 0 7.07024e-46 1.96481e-32 0
72.5 0 0 6.05124e-45 5.60624e-32 0
75 0 0 3.23434e-44 8.30218e-33 0
77.5 0 0 7.05817e-45 4.13197e-32 0
80 0 0 2.22995e-46 2.40415e-32 0
82.5 0 0 1.23851e-44 6.16386e-34 0
85 0 0 2.81673e-45 1.75027e-31 0
87.5 0 0 1.33911e-44 7.34606e-32 0
90 0 0 1.22551e-44 1.25309e-32 0
92.5 0 0 1.88166e-45 9.06323e-32 0
95 0 0 9.8873e-45 4.90047e-33 0
97.5 0 0 2.12018e-45 2.1969e-32 0
100 0 0 1.20365e-44 6.41377e-32 0
102.5 0 0 2.0866e-44 5.22636e-32 0
105 0 0 6.01993e-45 1.26775e-33 0
107.5 0 0 5.02485e-45 2.07617e-32 0
110 0 0 2.35824e-44 9.26e-32 0
112.5 0 0 1.46659e-44 6.27352e-32 0
115 0 0 2.05506e-45 7.36503e-32 0
117.5 0 0 1.29053e-44 7.77052e-33 0
120 0 0 2.31644e-45 1.55067e-31 0
122.5 0 0 9.29159e-45 9.65425e-33 0
125 0 0 1.56357e-44 4.39159e-32 0
127.5 0 0 4.0382e-45 1.31536e-31 0
130 0 0 2.00626e-44 2.52217e-32 0
132.5 0 0 1.06664e-46 4.50926e-32 0
135 0 0 9.97778e-45 4.69097e-32 0
137.5 0 0 5.06342e-44 4.72689e-32 0
140 0 0 8.99873e-45 7.32868e-32 0
142.5 0 0 1.0298e-45 1.07872e-32 0
145 0 0 1.98862e-45 4.67805e-33 0
147.5 0 0 9.35513e-45 2.19377e-31 0
150 0 0 4.90792e-45 4.11955e-32 0
152.5 0 0 1.82833e-44 1.1707e-32 0
155 0 0 6.85595e-46 1.40883e-31 0
157.5 0 0 3.42639e-44 3.18447e-32 0
160 0 0 8.9707e-45 2.61152e-33 0
162.5 0 0 1.3788e-45 1.3476e-31 0
165 0 0 5.94712e-44 9.88731e-33 0
167.5 0 0 2.50712e-46 7.90694e-32 0
170 0 0 3.87736e-46 1.50408e-33 0
172.5 0 0 1.02156e-44 4.66533e-33 0
175 0 0 3.21915e-45 3.30211e-31 0
177.5 0 0 1.23699e-44 4.69065e-32 0
180 0 0 3.84253e-45 2.56467e-32 0
182.5 0 0 3.59664e-45 3.68005e-32 0
185 0 0 6.57548e-44 4.41703e-32 0
187.5 0 0 7.81366e-45 9.92443e-32 0
190 0 0 3.47129e-45 3.27713e-32 0
192.5 0 0 3.33512e-44 4.58402e-33 0
195 0 0 4.03353e-45 1.56389e-31 0
197.5 0 0 5.41735e-45 5.19634e-33 0
200 0 0 1.80667e-44 2.00399e-33 0
202.5 0 0 1.11974e-45 3.3561e-31 0
205 0 0 1.64422e-44 5.22092e-33 0
207.5 0 0 2.75551e-45 1.37375e-32 0
210 0 0 1.81712e-46 1.47036e-31 0
212.5 0 0 8.70946e-44 1.14405e-32 0
215 0 0 2.50717e-47 5.65984e-32 0
217.5 0 0 3.69678e-45 8.28286e-33 0
220 0 0 2.39446e-44 4.64085e-34 0
222.5 0 0 8.79517e-46 2.97881e-31 0
225 0 0 2.37276e-44 2.16279e-32 0
227.5 0 0 5.48514e-45 4.05778e-32 0
230 0 0 5.45901e-45 1.89261e-31 0
232.5 0 0 2.42224e-44 4.77205e-32 0
235 0 0 3.85611e-45 1.11405e-31 0
237.5 0 0 1.15107e-44 4.29758e-32 0
240 0 0 6.89074e-44 3.96479e-32 0
242.5 0 0 4.82434e-45 1.21029e-32 0
245 0 0 4.0928e-45 6.61789e-34 0
247.5 0 0 2.95405e-44 1.80703e-32 0
250 0 0 5.48616e-45 2.97727e-31 0
252.5 0 0 2.09509e-44 1.15535e-32 0
255 0 0 4.3297e-46 4.92661e-32 0
257.5 0 0 6.99362e-46 3.15359e-31 0
260 0 0 3.95456e-44 9.52464e-33 0
262.5 0 0 3.46056e-45 1.48046e-31 0
265 0 0 1.56261e-44 6.18909e-34 0
267.5 0 0 6.16064e-44 1.00694e-32 0
270 0 0 1.36149e-45 6.66523e-32 0
272.5 0 0 2.3285e-44 1.7768e-32 0
275 0 0 1.84175e-44 7.24715e-32 0
277.5 0 0 1.57505e-44 1.98439e-31 0
280 0 0 2.82902e-45 6.08976e-32 0
282.5 0 0 2.08447e-45 2.60225e-32 0
285 0 0 1.24071e-44 2.30872e-31 0
287.5 0 0 3.73732e-44 9.63425e-32 0
290 0 0 1.54819e-44 6.25818e-32 0
292.5 0 0 1.29208e-45 9.46116e-33 0
295 0 0 7.29194e-44 4.51549e-33 0
297.5 0 0 6.56452e-45 7.45857e-32 0
300 0 0 2.55727e-44 7.07525e-32 0
302.5 0 0 8.50735e-45 9.03104e-32 0
305 0 0 4.85849e-45 4.06171e-31 0
307.5 0 0 1.07578e-45 5.21596e-34 0
310 0 0 7.77457e-45 9.65012e-32 0
312.5 0 0 2.3897e-44 7.70037e-32 0
315 0 0 5.05015e-44 7.11358e-32 0
317.5 0 0 9.16663e-45 7.46521e-33 0
320 0 0 5.21412e-45 6.00518e-33 0
322.5 0 0 6.20002e-44 5.30338e-32 0
325 0 0 2.39026e-44 3.28981e-32 0
327.5 0 0 8.27998e-45 1.12337e-31 0
330 0 0 3.56238e-45 2.99467e-33 0
332.5 0 0 2.66042e-45 4.7197e-31 0
335 0 0 8.49944e-46 8.31778e-32 0
337.5 0 0 3.1299e-44 6.10994e-32 0
340 0 0 7.5863e-45 1.08603e-31 0
342.5 0 0 7.92839e-44 1.32114e-32 0
345 0 0 1.59129e-45 5.5673e-34 0
347.5 0 0 8.58264e-45 8.29343e-32 0
350 0 0 4.35684e-44 6.82637e-32 0
352.5 0 0 1.47458e-44 2.11227e-31 0
355 0 0 8.52689e-45 3.92341e-32 0
357.5 0 0 5.76131e-45 5.20539e-32 0
360 0 0 1.35723e-44 1.95966e-31 0
362.5 0 0 1.89042e-44 9.14252e-32 0
365 0 0 3.02511e-44 4.28346e-32 0
367.5 0 0 3.21151e-45 1.00685e-31 0
370 0 0 7.1137e-44 9.7861e-33 0
372.5 0 0 1.63028e-44 3.66338e-32 0
375 0 0 1.36547e-45 1.65744e-31 0
377.5 0 0 3.01396e-44 6.11474e-33 0
380 0 0 2.27701e-45 3.95065e-31 0
382.5 0 0 9.5704e-45 7.16842e-32 0
385 0 0 3.57954e-44 4.59143e-33 0
387.5 0 0 3.8543e-45 1.82974e-31 0
390 0 0 5.31345e-44 3.59339e-32 0
392.5 0 0 1.03451e-44 2.63695e-32 0
395 0 0 6.43649e-45 9.19939e-32 0
397.5 0 0 4.60639e-44 2.83257e-32 0
400 0 0 1.33786e-44 1.28125e-31 0
402.5 0 0 1.30208e-44 1.03661e-31 0
405 0 0 2.76352e-44 6.60031e-32 0
407.5 0 0 9.27975e-45 1.62182e-31 0
410 0 0 1.56648e-44 8.69605e-32 0
412.5 0 0 4.45274e-44 3.80779e-32 0
415 0 0 3.3863e-45 2.61888e-31 0
417.5 0 0 4.41713e-44 5.56405e-33 0
420 0 0 1.62901e-44 5.8313e-32 0
422.5 0 0 2.25145e-45 2.12376e-31 0
425 0 0 3.39724e-44 1.55679e-32 0
427.5 0 0 4.10492e-46 2.09925e-31 0
430 0 0 1.74419e-44 8.41015e-32 0
432.5 0 0 6.11487e-44 3.23955e-32 0
435 0 0 4.2848e-45 5.64212e-32 0
437.5 0 0 4.0626e-44 1.29605e-32 0
440 0 0 1.73677e-44 8.53506e-32 0
442.5 0 0 1.07196e-44 2.49837e-31 0
445 0 0 1.31906e-44 1.91556e-32 0
447.5 0 0 1.79588e-44 1.32865e-31 0
450 0 0 1.71785e-44 1.80597e-31 0
452.5 0 0 3.99174e-44 4.11087e-32 0
455 0 0 6.37651e-45 1.09033e-31 0
457.5 0 0 6.85206e-45 1.44841e-31 0
460 0 0 7.64193e-44 2.00418e-32 0
462.5 0 0 7.14729e-45 1.33811e-31 0
465 0 0 3.61987e-44 1.15156e-32 0
467.5 0 0 1.39051e-44 3.51433e-32 0
470 0 0 3.08065e-45 3.71026e-31 0
472.5 0 0 3.3959e-45 5.61102e-32 0
475 0 0 6.61655e-45 1.09647e-31 0
477.5 0 0 2.39595e-44 5.12023e-32 0
480 0 0 8.62716e-44 4.94597e-32 0
482.5 0 0 4.56727e-45 5.03034e-32 0
485 0 0 1.55698e-44 4.56116e-32 0
487.5 0 0 3.42425e-44 1.23405e-31 0
490 0 0 1.83399e-44 2.45208e-31 0
492.5 0 0 1.55564e-44 2.11021e-32 0
495 0 0 2.20701e-44 2.67809e-32 0
497.5 0 0 1.20932e-44 3.59252e-31 0
500 0 0 1.12576e-44 6.64054e-32 0
502.5 0 0 8.68759e-45 7.20587e-32 0
505 0 0 4.85051e-45 1.02432e-31 0
507.5 0 0 1.18368e-43 1.62173e-33 0
510 0 0 8.83912e-45 9.43032e-33 0
512.5 0 0 1.73285e-44 5.6505e-32 0
515 0 0 5.40834e-45 1.00176e-31 0
517.5 0 0 5.48662e-45 4.37887e-31 0
520 0 0 1.68946e-44 1.43213e-32 0
522.5 0 0 2.06075e-44 2.10602e-32 0
525 0 0 2.25132e-44 1.39436e-31 0
527.5 0 0 5.40692e-44 6.31881e-32 0
530 0 0 3.75233e-45 1.64426e-31 0
532.5 0 0 2.90471e-45 6.16417e-32 0
535 0 0 7.26783e-44 5.97401e-32 0
537.5 0 0 2.59817e-44 6.22667e-32 0
540 0 0 1.62533e-44 1.18062e-31 0
542.5 0 0 8.12414e-45 8.2128e-33 0
545 0 0 3.46296e-45 4.20978e-31 0
547.5 0 0 1.67334e-44 7.25189e-32 0
550 0 0 2.6623e-44 1.61158e-33 0
552.5 0 0 9.13175e-45 5.33866e-32 0
555 0 0 9.66011e-44 3.71405e-32 0
557.5 0 0 5.01566e-45 1.79813e-31 0
560 0 0 4.04798e-45 7.77e-32 0
562.5 0 0 1.87848e-44 8.12029e-32 0
565 0 0 1.58693e-44 2.91627e-31 0
567.5 0 0 3.94353e-44 2.96227e-32 0
570 0 0 1.77075e-44 3.20601e-32 0
572.5 0 0 1.36396e-44 2.10854e-31 0
575 0 0 2.59392e-44 7.2825e-32 0
577.5 0 0 2.09564e-44 8.0835e-32 0
580 0 0 1.25831e-44 4.62344e-32 0
582.5 0 0 6.9388e-44 7.40872e-32 0
585 0 0 2.66364e-44 7.40469e-32 0
587.5 0 0 1.70571e-45 2.08336e-31 0
590 0 0 7.13987e-45 1.89907e-32 0
592.5 0 0 9.27149e-45 2.91523e-31 0
595 0 0 4.22734e-44 8.44639e-32 0
597.5 0 0 3.71153e-44 5.07978e-32 0
600 0 0 3.01993e-45 9.05516e-32 0
602.5 0 0 4.83026e-44 4.04542e-32 0
605 0 0 1.8967e-44 2.07071e-31 0
607.5 0 0 2.07375e-44 8.68716e-32 0
610 0 0 2.19651e-44 6.48115e-32 0
612.5 0 0 1.94648e-44 1.46568e-31 0
615 0 0 2.55119e-44 1.33484e-31 0
617.5 0 0 2.04538e-44 6.56653e-32 0
620 0 0 2.2433e-44 9.75223e-32 0
622.5 0 0 2.38283e-44 1.28635e-31 0
625 0 0 3.61328e-44 3.38212e-32 0
627.5 0 0 5.54166e-45 8.64197e-32 0
630 0 0 3.79372e-44 9.26246e-32 0
632.5 0 0 4.63818e-44 1.317e-31 0
635 0 0 9.72446e-45 2.47561e-31 0
637.5 0 0 1.03871e-44 1.37418e-33 0
640 0 0 3.63757e-45 2.02412e-31 0
642.5 0 0 3.2194e-44 1.48836e-31 0
645 0 0 5.22866e-44 7.76296e-32 0
647.5 0 0 1.41912e-44 6.64335e-32 0
650 0 0 2.1402e-44 5.99444e-32 0
652.5 0 0 2.59407e-44 7.89703e-32 0
655 0 0 1.86264e-44 1.22456e-31 0
657.5 0 0 2.13524e-44 1.14805e-31 0
660 0 0 4.41193e-44 3.28655e-32 0
662.5 0 0 1.63384e-44 1.97387e-31 0
665 0 0 2.1134e-44 6.366e-32 0
667.5 0 0 1.50022e-44 9.14995e-32 0
670 0 0 8.79047e-45 2.40244e-31 0
672.5 0 0 5.65847e-44 6.43397e-32 0
675 0 0 6.25714e-45 1.16956e-31 0
677.5 0 0 2.02099e-44 1.48013e-32 0
680 0 0 5.41369e-44 9.25699e-32 0
682.5 0 0 7.96559e-45 3.02952e-31 0
685 0 0 2.73692e-44 3.40392e-32 0
687.5 0 0 9.8944e-45 7.19729e-32 0
690 0 0 2.13443e-44 1.22246e-31 0
692.5 0 0 5.48619e-44 2.49951e-32 0
695 0 0 1.56957e-44 1.4139e-31 0
697.5 0 0 6.75827e-46 1.94204e-31 0
700 0 0 2.69627e-44 3.56589e-32 0
702.5 0 0 1.1879e-44 9.61875e-32 0
705 0 0 3.57381e-44 4.43236e-32 0
707.5 0 0 6.79865e-44 2.4882e-32 0
710 0 0 6.34724e-45 3.00609e-31 0
712.5 0 0 2.35701e-44 8.39381e-32 0
715 0 0 1.72702e-46 9.26163e-32 0
717.5 0 0 8.91698e-45 2.17373e-31 0
720 0 0 6.99124e-44 9.23751e-33 0
722.5 0 0 1.08475e-44 2.13676e-31 0
725 0 0 8.89679e-46 6.1565e-32 0
727.5 0 0 3.22792e-44 4.95268e-32 0
730 0 0 3.53792e-45 1.90031e-31 0
732.5 0 0 7.06218e-44 1.48401e-32 0
735 0 0 3.42103e-44 2.5465e-32 0
737.5 0 0 1.16333e-44 1.03679e-31 0
740 0 0 2.72532e-44 6.58244e-32 0
742.5 0 0 8.01167e-46 2.46973e-31 0
745 0 0 1.56293e-44 2.20535e-31 0
747.5 0 0 3.72163e-44 1.41271e-32 0
750 0 0 1.61703e-44 1.52036e-31 0
752.5 0 0 1.82876e-44 4.35052e-33 0
755 0 0 5.11426e-44 9.0671e-32 0
757.5 0 0 7.15212e-45 2.75847e-31 0
760 0 0 6.09124e-44 7.11654e-32 0
762.5 0 0 9.41731e-45 3.03941e-33 0
765 0 0 8.01095e-45 1.25814e-31 0
767.5 0 0 3.8556e-44 3.77959e-32 0
770 0 0 8.39209e-45 2.92113e-31 0
772.5 0 0 1.80287e-44 1.3138e-31 0
775 0 0 2.26739e-44 1.18677e-32 0
777.5 0 0 1.06575e-44 5.80981e-32 0
780 0 0 6.25474e-44 9.11116e-33 0
782.5 0 0 3.30199e-44 1.94044e-31 0
785 0 0 1.7274e-44 1.31363e-31 0
787.5 0 0 2.39181e-44 1.0618e-31 0
790 0 0 5.54664e-45 1.37736e-31 0
792.5 0 0 3.03545e-44 1.3415e-31 0
795 0 0 2.46936e-44 8.97898e-32 0
797.5 0 0 2.4992e-44 2.2641e-31 0
800 0 0 6.95115e-45 4.57181e-32 0
802.5 0 0 3.37547e-44 2.34824e-32 0
805 0 0 2.28574e-44 8.38445e-32 0
807.5 0 0 6.57692e-44 1.29458e-31 0
810 0 0 1.3376e-44 1.15412e-31 0
812.5 0 0 3.10194e-45 1.22722e-31 0
815 0 0 1.1093e-44 5.76674e-32 0
817.5 0 0 2.50224e-44 1.7749e-31 0
820 0 0 4.73311e-44 1.0762e-31 0
822.5 0 0 2.31172e-44 9.74776e-32 0
825 0 0 1.5469e-44 9.64831e-32 0
827.5 0 0 1.91522e-44 4.67301e-32 0
830 0 0 2.34662e-44 1.62711e-31 0
832.5 0 0 4.86999e-44 1.01252e-31 0
835 0 0 2.53619e-44 2.277e-31 0
837.5 0 0 8.50101e-45 4.60012e-32 0
840 0 0 6.51674e-45 9.88699e-32 0
842.5 0 0 1.14342e-44 1.4285e-31 0
845 0 0 6.11331e-44 9.59142e-32 0
847.5 0 0 2.45444e-44 4.31979e-32 0
850 0 0 3.76801e-44 3.34079e-32 0
852.5 0 0 1.16649e-44 2.46095e-32 0
855 0 0 2.44415e-44 2.12357e-31 0
857.5 0 0 1.24272e-44 1.84818e-31 0
860 0 0 3.18914e-44 2.2035e-31 0
862.5 0 0 5.15766e-45 5.9132e-32 0
865 0 0 2.77691e-44 7.36864e-32 0
867.5 0 0 2.32085e-44 8.71016e-32 0
870 0 0 3.61929e-44 1.75281e-31 0
872.5 0 0 5.15199e-44 5.01588e-32 0
875 0 0 7.87946e-45 2.76105e-32 0
877.5 0 0 2.40652e-44 8.2431e-33 0
880 0 0 3.89537e-44 7.57867e-32 0
882.5 0 0 9.11347e-45 4.37491e-31 0
885 0 0 7.91575e-45 3.01433e-32 0
887.5 0 0 4.88457e-45 1.73134e-31 0
890 0 0 8.98774e-45 4.70524e-32 0
892.5 0 0 7.76886e-44 3.21484e-32 0
895 0 0 1.17489e-44 5.02627e-32 0
897.5 0 0 6.60828e-44 1.3558e-31 0
900 0 0 1.33838e-44 3.968e-32 0
902.5 0 0 6.29333e-45 1.34808e-31 0
905 0 0 8.99001e-45 4.81163e-32 0
907.5 0 0 3.82994e-44 3.33257e-31 0
910 0 0 9.88516e-45 2.36317e-31 0
912.5 0 0 1.07441e-44 2.49604e-32 0
915 0 0 1.84628e-45 4.95743e-32 0
917.5 0 0 4.24521e-44 7.92112e-32 0
920 0 0 8.56952e-44 4.7376e-32 0
922.5 0 0 8.7873e-46 1.27489e-32 0
925 0 0 4.4489e-44 3.30712e-32 0
927.5 0 0 1.03047e-44 4.41599e-32 0
930 0 0 1.34718e-44 3.96156e-31 0
932.5 0 0 7.57896e-45 2.08907e-33 0
935 0 0 1.27309e-44 3.9171e-31 0
937.5 0 0 1.02032e-44 3.8226e-32 0
940 0 0 4.78091e-44 4.70132e-32 0
942.5 0 0 6.42436e-46 2.78588e-32 0
945 0 0 8.53758e-44 8.42133e-32 0
947.5 0 0 3.89149e-44 1.04654e-31 0
950 0 0 6.20973e-46 4.04867e-32 0
952.5 0 0 7.79776e-45 2.80705e-33 0
955 0 0 1.47636e-44 2.03099e-31 0
957.5 0 0 4.47997e-44 3.30784e-31 0
960 0 0 3.68224e-45 4.27074e-32 0
962.5 0 0 3.51596e-45 1.2084e-31 0
965 0 0 1.46466e-44 2.92744e-32 0
967.5 0 0 6.69146e-44 1.48256e-31 0
970 0 0 1.31093e-44 5.65034e-33 0
972.5 0 0 7.09461e-44 3.9019e-32 0
975 0 0 1.29914e-44 1.03348e-31 0
977.5 0 0 6.52754e-45 2.01159e-31 0
980 0 0 4.60587e-47 4.67733e-32 0
982.5 0 0 8.3769e-45 3.87579e-31 0
985 0 0 5.13495e-44 8.58616e-32 0
987.5 0 0 2.32997e-44 5.51425e-33 0
990 0 0 6.77884e-45 1.88706e-32 0
992.5 0 0 4.08923e-44 7.27301e-32 0
995 0 0 3.42291e-44 2.23957e-31 0
997.5 0 0 2.32844e-44 1.79137e-32 0
1000 0 0 2.62476e-44 5.93596e-33 0
1002.5 0 0 1.44912e-44 2.50401e-32 0
1005 0 0 4.39621e-44 2.28656e-31 0
1007.5 0 0 1.54639e-45 2.33616e-31 0
1010 0 0 8.57645e-45 2.07321e-31 0
1012.5 0 0 1.82621e-44 4.09052e-32 0
1015 0 0 3.97714e-44 5.30834e-32 0
1017.5 0 0 3.77225e-44 2.96119e-32 0
1020 0 0 4.18101e-44 8.82777e-32 0
1022.5 0 0 1.10294e-44 2.36053e-31 0
1025 0 0 5.37485e-45 1.01416e-31 0
1027.5 0 0 1.1909e-44 3.8941e-32 0
1030 0 0 2.39562e-44 8.8186e-32 0
1032.5 0 0 6.77353e-44 5.64032e-32 0
1035 0 0 1.98888e-44 1.93026e-31 0
1037.5 0 0 3.72375e-45 7.16657e-32 0
1040 0 0 3.05832e-45 1.116e-31 0
1042.5 0 0 1.7276e-44 1.32073e-31 0
1045 0 0 6.97718e-44 7.57883e-32 0
1047.5 0 0 2.15724e-44 5.05471e-32 0
1050 0 0 1.37927e-44 1.02842e-31 0
1052.5 0 0 4.10979e-45 1.49751e-31 0
1055 0 0 1.47583e-44 2.64655e-31 0
1057.5 0 0 3.9711e-44 8.21451e-32 0
1060 0 0 3.71791e-44 2.42591e-32 0
1062.5 0 0 3.58779e-44 1.94279e-32 0
1065 0 0 2.07023e-44 7.30594e-32 0
1067.5 0 0 2.7834e-45 2.16861e-31 0
1070 0 0 2.77914e-45 1.36239e-31 0
1072.5 0 0 4.69582e-44 1.1351e-31 0
1075 0 0 2.25917e-44 2.16388e-32 0
1077.5 0 0 2.67554e-44 1.05127e-32 0
1080 0 0 1.99103e-44 3.39177e-32 0
1082.5 0 0 3.21411e-44 3.72546e-31 0
1085 0 0 2.84925e-44 9.73676e-32 0
1087.5 0 0 8.97696e-45 4.358e-32 0
1090 0 0 1.54579e-44 2.80872e-33 0
1092.5 0 0 5.90608e-44 1.55735e-31 0
1095 0 0 8.83378e-45 1.87483e-31 0
1097.5 0 0 7.4958e-45 8.62803e-32 0
1100 0 0 1.05138e-44 1.44456e-31 0
1102.5 0 0 2.52155e-44 1.08187e-31 0
1105 0 0 5.21689e-44 1.39107e-32 0
1107.5 0 0 1.05457e-44 3.94481e-32 0
1110 0 0 4.96695e-44 1.47669e-31 0
1112.5 0 0 1.29675e-44 9.32535e-32 0
1115 0 0 6.54771e-45 1.64583e-31 0
1117.5 0 0 3.26618e-45 4.58969e-33 0
1120 0 0 5.37351e-44 1.90682e-31 0
1122.5 0 0 3.19822e-44 1.13276e-31 0
1125 0 0 9.9328e-45 4.88251e-32 0
1127.5 0 0 3.90149e-45 6.6103e-32 0
1130 0 0 2.89051e-44 2.48491e-31 0
1132.5 0 0 5.17392e-44 1.61878e-31 0
1135 0 0 1.95731e-45 1.96218e-32 0
1137.5 0 0 3.0252e-44 3.35666e-32 0
1140 0 0 2.94583e-44 7.79727e-32 0
1142.5 0 0 2.30506e-44 1.91248e-31 0
1145 0 0 1.15665e-44 4.98968e-33 0
1147.5 0 0 2.0423e-44 1.63101e-31 0
1150 0 0 3.23994e-44 1.04782e-31 0
1152.5 0 0 2.45894e-44 4.84846e-32 0
1155 0 0 4.81542e-45 7.61485e-32 0
1157.5 0 0 4.32122e-44 1.188e-31 0
1160 0 0 2.92389e-44 2.64968e-31 0
1162.5 0 0 4.80967e-45 4.38009e-32 0
1165 0 0 1.43538e-44 5.16046e-32 0
1167.5 0 0 3.03035e-44 1.15021e-31 0
1170 0 0 5.92001e-44 1.15645e-31 0
1172.5 0 0 7.09163e-45 1.50899e-32 0
1175 0 0 1.13112e-44 1.21455e-31 0
1177.5 0 0 9.42851e-45 1.88814e-31 0
1180 0 0 3.08894e-44 1.44516e-31 0
1182.5 0 0 1.63995e-44 6.86572e-32 0
1185 0 0 3.52587e-44 1.83637e-32 0
1187.5 0 0 3.37839e-44 1.03898e-31 0
1190 0 0 1.06954e-44 8.83505e-32 0
1192.5 0 0 2.34571e-44 1.34958e-31 0
1195 0 0 7.53319e-45 8.24482e-32 0
1197.5 0 0 6.48914e-44 1.08217e-31 0
1200 0 0 6.22706e-45 3.53258e-32 0
1202.5 0 0 1.89358e-44 1.56034e-31 0
1205 0 0 5.62118e-45 9.2498e-32 0
1207.5 0 0 1.94414e-44 3.546e-31 0
1210 0 0 2.4542e-44 1.40157e-32 0
1212.5 0 0 2.73553e-44 2.56657e-32 0
1215 0 0 3.65646e-44 1.262e-32 0
1217.5 0 0 3.85907e-44 3.86222e-32 0
1220 0 0 1.75711e-44 1.59867e-31 0
1222.5 0 0 4.91656e-46 6.2671e-32 0
1225 0 0 2.9691e-44 2.15285e-31 0
1227.5 0 0 9.34355e-45 8.54944e-33 0
1230 0 0 4.29149e-44 1.70944e-31 0
1232.5 0 0 6.4005e-45 7.78954e-33 0
1235 0 0 3.07088e-44 2.69151e-31 0
1237.5 0 0 6.64412e-45 4.31267e-32 0
1240 0 0 4.12449e-44 1.36202e-31 0
1242.5 0 0 1.80544e-44 2.91912e-33 0
1245 0 0 5.51691e-44 3.68867e-32 0
1247.5 0 0 6.75564e-45 1.40376e-31 0
1250 0 0 4.14968e-45 1.45518e-31 0
1252.5 0 0 1.07987e-44 1.72913e-31 0
1255 0 0 4.53182e-45 1.22162e-31 0
1257.5 0 0 6.40714e-44 5.04448e-32 0
1260 0 0 1.27185e-44 1.02538e-32 0
1262.5 0 0 4.10488e-44 1.06568e-31 0
1265 0 0 2.46039e-45 1.57189e-32 0
1267.5 0 0 3.55475e-44 2.38004e-31 0
1270 0 0 8.43698e-45 1.15846e-32 0
1272.5 0 0 3.73584e-44 1.4219e-31 0
1275 0 0 5.27275e-45 7.55256e-32 0
1277.5 0 0 2.22319e-44 2.42225e-31 0
1280 0 0 9.46408e-45 4.88632e-32 0
1282.5 0 0 2.16572e-44 1.49067e-31 0
1285 0 0 4.5049e-44 5.01223e-32 0
1287.5 0 0 3.58476e-44 2.35388e-32 0
1290 0 0 2.43408e-44 8.75576e-32 0
1292.5 0 0 1.17568e-44 3.10006e-32 0
1295 0 0 1.62473e-44 2.11788e-31 0
1297.5 0 0 3.2681e-45 4.88775e-32 0
1300 0 0 3.12565e-44 1.81279e-31 0
1302.5 0 0 2.41241e-45 7.29889e-32 0
1305 0 0 4.91177e-44 1.05655e-31 0
1307.5 0 0 1.34184e-44 6.51063e-32 0
1310 0 0 3.76885e-44 8.76132e-32 0
1312.5 0 0 2.58666e-44 3.6739e-32 0
1315 0 0 3.39651e-44 1.1482e-31 0
1317.5 0 0 1.30101e-44 1.48903e-31 0
1320 0 0 4.71209e-45 1.00494e-31 0
1322.5 0 0 9.0669e-45 1.7174e-31 0
1325 0 0 7.40088e-45 1.52512e-31 0
1327.5 0 0 3.85582e-44 4.53411e-32 0
1330 0 0 2.06196e-44 5.39559e-32 0
1332.5 0 0 4.38244e-44 4.02589e-32 0
1335 0 0 3.09591e-44 5.71354e-32 0
1337.5 0 0 1.90637e-44 9.33327e-32 0
1340 0 0 2.90508e-44 5.108e-32 0
1342.5 0 0 1.18892e-44 1.15284e-31 0
1345 0 0 9.038e-45 1.55028e-31 0
1347.5 0 0 7.57753e-45 1.5348e-31 0
1350 0 0 5.7638e-45 2.1448e-31 0
1352.5 0 0 2.76283e-44 9.66724e-32 0
1355 0 0 3.76243e-44 2.07603e-32 0
1357.5 0 0 4.11314e-44 1.94547e-33 0
1360 0 0 3.2785e-44 5.45252e-32 0
1362.5 0 0 2.78154e-44 1.05806e-31 0
1365 0 0 2.69814e-45 1.39733e-31 0
1367.5 0 0 2.12978e-44 1.12528e-31 0
1370 0 0 4.54268e-45 7.36768e-32 0
1372.5 0 0 1.33364e-44 1.30019e-31 0
1375 0 0 2.0274e-44 6.35094e-32 0
1377.5 0 0 2.1859e-44 2.34249e-31 0
1380 0 0 2.36162e-44 1.39033e-33 0
1382.5 0 0 4.40277e-44 4.36323e-32 0
1385 0 0 2.38147e-44 4.60725e-32 0
1387.5 0 0 4.61803e-44 7.21689e-32 0
1390 0 0 6.93582e-45 1.0691e-31 0
1392.5 0 0 7.10656e-46 1.96562e-31 0
1395 0 0 1.33163e-44 1.40797e-31 0
1397.5 0 0 3.69769e-45 1.12482e-31 0
1400 0 0 3.61294e-44 1.18975e-31 0
1402.5 0 0 1.75154e-44 8.3871e-33 0
1405 0 0 4.44195e-44 1.13271e-31 0
1407.5 0 0 7.03078e-45 8.05023e-33 0
1410 0 0 4.22476e-44 1.35196e-31 0
1412.5 0 0 4.49512e-45 1.6288e-32 0
1415 0 0 4.82777e-44 1.35093e-31 0
1417.5 0 0 4.16628e-45 4.97391e-32 0
1420 0 0 7.31286e-45 1.47869e-31 0
1422.5 0 0 1.30112e-44 8.44485e-32 0
1425 0 0 1.74253e-44 2.19405e-31 0
1427.5 0 0 3.59587e-44 1.09172e-31 0
1430 0 0 1.90642e-44 2.20408e-33 0
1432.5 0 0 2.91441e-44 1.28952e-31 0
1435 0 0 1.61524e-44 2.50021e-32 0
1437.5 0 0 3.27827e-44 1.69587e-31 0
1440 0 0 4.07801e-45 2.07039e-32 0
1442.5 0 0 3.80868e-44 1.3885e-31 0
1445 0 0 3.40105e-45 6.93414e-33 0
1447.5 0 0 3.26872e-44 1.24809e-31 0
1450 0 0 4.12274e-45 4.39437e-32 0
1452.5 0 0 4.14709e-44 1.47524e-31 0
1455 0 0 8.44593e-45 1.20237e-31 0
1457.5 0 0 2.34397e-44 8.87404e-32 0
1460 0 0 6.37431e-45 1.23691e-31 0
1462.5 0 0 2.29481e-44 1.0519e-31 0
1465 0 0 4.39553e-44 8.73559e-32 0
1467.5 0 0 9.02055e-45 2.85663e-32 0
1470 0 0 3.245e-44 8.56957e-32 0
1472.5 0 0 3.44798e-45 4.65593e-32 0
1475 0 0 4.09907e-44 2.15279e-31 0
1477.5 0 0 5.08269e-45 3.94714e-32 0
1480 0 0 3.12914e-44 1.07652e-31 0
1482.5 0 0 3.58705e-46 3.31202e-32 0
1485 0 0 2.70077e-44 1.93068e-31 0
1487.5 0 0 6.16176e-45 8.05148e-32 0
1490 0 0 1.80588e-44 1.00893e-31 0
1492.5 0 0 4.57932e-44 2.71521e-32 0
1495 0 0 2.74411e-44 1.61542e-32 0
1497.5 0 0 2.76666e-44 2.98063e-32 0
1500 0 0 1.7966e-44 4.38934e-32 0
1502.5 0 0 1.55132e-44 3.57278e-31 0
1505 0 0 1.00351e-44 5.83193e-32 0
1507.5 0 0 5.9051e-45 1.58083e-31 0
1510 0 0 2.17689e-45 4.31836e-32 0
1512.5 0 0 5.4426e-44 9.72844e-32 0
1515 0 0 1.09294e-44 9.0684e-32 0
1517.5 0 0 1.73343e-44 5.58535e-32 0
1520 0 0 2.30238e-44 4.19423e-33 0
1522.5 0 0 3.7044e-44 5.98265e-32 0
1525 0 0 4.22966e-44 3.97131e-32 0
1527.5 0 0 1.62841e-44 1.51476e-32 0
1530 0 0 1.13938e-45 2.40226e-31 0
1532.5 0 0 1.12364e-45 1.86956e-31 0
1535 0 0 1.79393e-45 1.99728e-31 0
1537.5 0 0 1.88574e-45 4.63046e-32 0
1540 0 0 7.20887e-44 2.02668e-32 0
1542.5 0 0 2.39356e-44 8.75547e-32 0
1545 0 0 1.77826e-44 1.25346e-32 0
1547.5 0 0 9.70589e-45 6.38757e-33 0
1550 0 0 1.98428e-44 2.33934e-31 0
1552.5 0 0 6.03387e-44 3.03169e-32 0
1555 0 0 1.93899e-45 4.63803e-32 0
1557.5 0 0 1.09372e-45 9.02622e-32 0
1560 0 0 9.64104e-45 1.50518e-31 0
1562.5 0 0 4.05551e-45 2.70096e-31 0
1565 0 0 7.50934e-45 4.15276e-33 0
1567.5 0 0 4.87983e-44 2.03148e-32 0
1570 0 0 3.32905e-44 3.1985e-32 0
1572.5 0 0 3.98947e-44 1.83323e-32 0
1575 0 0 5.65683e-45 1.96142e-32 0
1577.5 0 0 1.22277e-44 2.53866e-31 0
1580 0 0 3.88333e-44 1.25102e-31 0
1582.5 0 0 2.30524e-45 7.42554e-32 0
1585 0 0 3.71528e-45 8.26167e-32 0
1587.5 0 0 2.67509e-44 6.6953e-32 0
1590 0 0 1.35311e-44 2.69423e-31 0
1592.5 0 0 3.64602e-45 6.09855e-33 0
1595 0 0 2.20466e-44 3.75091e-32 0
1597.5 0 0 2.38223e-44 5.79208e-33 0
1600 0 0 7.53611e-44 7.73125e-33 0
1602.5 0 0 8.18146e-45 7.44695e-32 0
1605 0 0 1.48963e-44 8.79569e-32 0
1607.5 0 0 8.82408e-45 1.46148e-31 0
1610 0 0 1.56738e-45 1.91068e-31 0
1612.5 0 0 1.60967e-44 8.52644e-32 0
1615 0 0 1.87187e-44 8.01603e-32 0
1617.5 0 0 2.34428e-44 2.09959e-31 0
1620 0 0 6.32197e-45 3.32482e-32 0
1622.5 0 0 1.49072e-44 2.22485e-32 0
1625 0 0 2.7159e-44 4.05733e-32 0
1627.5 0 0 6.79123e-44 6.52631e-32 0
1630 0 0 2.29761e-44 1.99597e-32 0
1632.5 0 0 9.76704e-45 5.5022e-32 0
1635 0 0 1.38025e-45 9.28256e-32 0
1637.5 0 0 4.12396e-45 2.11784e-31 0
1640 0 0 1.42327e-44 1.28317e-31 0
1642.5 0 0 5.62721e-45 1.27991e-31 0
1645 0 0 1.51386e-44 8.13028e-32 0
1647.5 0 0 3.05565e-44 1.73217e-32 0
1650 0 0 3.0422e-44 7.84315e-32 0
1652.5 0 0 3.98869e-44 4.94569e-33 0
1655 0 0 3.05376e-44 1.03728e-31 0
1657.5 0 0 1.88168e-44 3.98991e-32 0
1660 0 0 1.32442e-44 1.1417e-31 0
1662.5 0 0 1.15076e-45 1.1468e-31 0
1665 0 0 1.47842e-44 1.62141e-31 0
1667.5 0 0 1.05103e-45 1.57061e-31 0
1670 0 0 3.49923e-45 8.54098e-32 0
1672.5 0 0 1.69489e-44 2.19364e-32 0
1675 0 0 3.48611e-44 1.18899e-32 0
1677.5 0 0 6.34907e-44 6.02665e-32 0
1680 0 0 2.98404e-44 9.95588e-33 0
1682.5 0 0 1.21436e-44 4.26787e-32 0
1685 0 0 1.77594e-45 7.29324e-32 0
1687.5 0 0 1.35802e-44 2.39185e-31 0
1690 0 0 8.99301e-45 1.56322e-31 0
1692.5 0 0 8.96013e-45 1.03137e-31 0
1695 0 0 5.17135e-45 1.29501e-31 0
1697.5 0 0 1.66695e-44 3.41265e-32 0
1700 0 0 3.43294e-44 5.81478e-32 0
1702.5 0 0 1.43623e-44 6.07515e-32 0
1705 0 0 6.48731e-44 1.63838e-32 0
1707.5 0 0 1.68627e-44 4.59199e-33 0
1710 0 0 1.77363e-44 6.02744e-32 0
1712.5 0 0 2.25558e-45 2.64831e-32 0
1715 0 0 4.28975e-45 2.83546e-31 0
1717.5 0 0 1.26193e-44 1.51901e-31 0
1720 0 0 2.50623e-45 6.88702e-32 0
1722.5 0 0 7.96572e-45 3.31768e-32 0
1725 0 0 5.31914e-44 4.34852e-32 0
1727.5 0 0 3.00361e-44 1.86863e-31 0
1730 0 0 4.64852e-45 1.28545e-32 0
1732.5 0 0 2.83568e-44 3.23342e-32 0
1735 0 0 1.25025e-44 8.2924e-32 0
1737.5 0 0 4.46745e-44 6.82959e-32 0
1740 0 0 3.02369e-45 9.14723e-33 0
1742.5 0 0 7.59886e-45 2.48402e-31 0
1745 0 0 1.56216e-45 6.20294e-32 0
1747.5 0 0 1.18289e-44 9.79956e-32 0
1750 0 0 9.50382e-46 1.69566e-32 0
1752.5 0 0 7.07295e-44 6.97035e-32 0
1755 0 0 1.47241e-44 1.53527e-31 0
1757.5 0 0 9.96596e-45 2.27465e-32 0
1760 0 0 6.7647e-45 1.73254e-33 0
1762.5 0 0 1.32554e-44 1.5937e-31 0
1765 0 0 6.273e-44 7.45228e-32 0
1767.5 0 0 5.78871e-46 2.45079e-32 0
1770 0 0 9.19271e-45 1.51395e-31 0
1772.5 0 0 5.58758e-45 3.61322e-32 0
1775 0 0 1.05695e-44 2.63433e-31 0
1777.5 0 0 3.58327e-45 3.01797e-33 0
1780 0 0 4.36757e-44 1.15105e-31 0
1782.5 0 0 9.39651e-45 1.51701e-32 0
1785 0 0 3.49023e-44 2.04312e-32 0
1787.5 0 0 6.03564e-45 9.17709e-33 0
1790 0 0 2.99255e-44 1.34351e-31 0
1792.5 0 0 3.96956e-44 3.77673e-32 0
1795 0 0 6.26327e-45 4.62971e-32 0
1797.5 0 0 6.81111e-46 8.15546e-32 0
1800 0 0 1.89723e-44 1.18535e-31 0
1802.5 0 0 2.33914e-45 3.55016e-31 0
1805 0 0 4.55348e-45 4.64267e-32 0
1807.5 0 0 1.87924e-44 3.76688e-32 0
1810 0 0 1.54251e-44 5.17059e-33 0
1812.5 0 0 6.21576e-44 4.24324e-33 0
1815 0 0 1.25225e-44 1.62351e-32 0
1817.5 0 0 3.65368e-44 9.90319e-32 0
1820 0 0 1.06453e-44 1.2732e-32 0
1822.5 0 0 3.96183e-45 9.57838e-32 0
1825 0 0 4.53023e-45 5.59706e-32 0
1827.5 0 0 1.21799e-44 2.724e-31 0
1830 0 0 1.42794e-45 1.73124e-31 0
1832.5 0 0 6.96255e-45 6.69449e-32 0
1835 0 0 1.71428e-44 6.09171e-33 0
1837.5 0 0 4.27374e-44 3.13786e-33 0
1840 0 0 5.28946e-44 5.27071e-33 0
1842.5 0 0 2.23299e-44 3.12782e-32 0
1845 0 0 1.54371e-44 8.77202e-32 0
1847.5 0 0 4.39289e-45 5.6889e-32 0
1850 0 0 8.61949e-46 2.08694e-31 0
1852.5 0 0 7.74337e-45 1.20739e-31 0
1855 0 0 4.45089e-45 2.00118e-31 0
1857.5 0 0 1.73231e-45 5.03288e-32 0
1860 0 0 2.02381e-44 1.34978e-32 0
1862.5 0 0 2.88553e-44 7.57369e-33 0
1865 0 0 6.16502e-44 2.24293e-33 0
1867.5 0 0 2.82622e-44 4.17064e-33 0
1870 0 0 1.66965e-44 1.17924e-32 0
1872.5 0 0 7.39581e-46 8.5424e-32 0
1875 0 0 3.7825e-45 2.28567e-31 0
1877.5 0 0 8.29241e-45 1.70981e-31 0
1880 0 0 1.37518e-45 1.99579e-31 0
1882.5 0 0 6.79087e-45 4.28883e-32 0
1885 0 0 1.80771e-44 5.13472e-32 0
1887.5 0 0 2.0613e-44 2.18351e-32 0
1890 0 0 4.56405e-44 5.75659e-33 0
1892.5 0 0 4.07244e-44 5.51242e-33 0
1895 0 0 2.20635e-44 6.79034e-34 0
1897.5 0 0 7.5488e-45 3.10679e-32 0
1900 0 0 2.9071e-46 1.14969e-31 0
1902.5 0 0 8.3858e-45 2.71232e-31 0
1905 0 0 5.08108e-45 1.01783e-31 0
1907.5 0 0 2.75843e-45 1.05374e-31 0
1910 0 0 1.34621e-44 1.27638e-32 0
1912.5 0 0 3.86276e-44 1.09762e-31 0
1915 0 0 1.51351e-44 4.07853e-32 0
1917.5 0 0 4.20156e-44 3.34313e-33 0
1920 0 0 1.31898e-44 2.72875e-32 0
1922.5 0 0 2.36889e-44 4.73661e-32 0
1925 0 0 1.66667e-44 4.71455e-32 0
1927.5 0 0 6.69174e-46 2.39525e-31 0
1930 0 0 1.14854e-44 1.01976e-31 0
1932.5 0 0 4.92418e-46 7.90247e-32 0
1935 0 0 2.90305e-45 5.62298e-32 0
1937.5 0 0 3.01137e-44 2.67345e-32 0
1940 0 0 3.01558e-44 9.71652e-32 0
1942.5 0 0 2.27179e-44 4.24551e-32 0
1945 0 0 2.47098e-44 6.97787e-33 0
1947.5 0 0 6.04338e-45 1.31755e-32 0
1950 0 0 3.0215e-44 1.17086e-31 0
1952.5 0 0 1.82616e-44 9.58474e-32 0
1955 0 0 6.93062e-45 2.0325e-31 0
1957.5 0 0 2.19168e-45 2.972e-32 0
1960 0 0 6.7153e-45 1.35025e-31 0
1962.5 0 0 5.58813e-45 7.14384e-32 0
1965 0 0 3.62892e-44 4.83866e-32 0
1967.5 0 0 1.16855e-44 5.77239e-32 0
1970 0 0 2.52081e-44 2.71356e-33 0
1972.5 0 0 2.59974e-44 5.13215e-33 0
1975 0 0 1.23926e-44 7.94416e-32 0
1977.5 0 0 3.5467e-44 5.18576e-32 0
1980 0 0 5.9918e-45 1.11913e-31 0
1982.5 0 0 6.05772e-45 1.17032e-31 0
1985 0 0 2.12931e-45 6.67292e-32 0
1987.5 0 0 4.72389e-45 1.75181e-31 0
1990 0 0 2.19246e-44 9.18827e-32 0
1992.5 0 0 2.57081e-44 5.02707e-32 0
1995 0 0 8.00098e-45 3.18293e-32 0
1997.5 0 0 2.15559e-44 8.18569e-33 0
2000 0 0 2.91731e-44 4.94075e-32 0
2002.5 0 0 2.85424e-44 1.09881e-31 0
2005 0 0 2.33362e-44 1.30354e-32 0
2007.5 0 0 1.25525e-45 5.70006e-32 0
2010 0 0 5.7939e-46 1.04284e-31 0
2012.5 0 0 7.89829e-45 1.48862e-31 0
2015 0 0 1.24351e-45 1.0743e-31 0
2017.5 0 0 2.5777e-44 4.49142e-32 0
2020 0 0 2.71501e-44 4.52252e-32 0
2022.5 0 0 1.49312e-44 4.08315e-32 0
2025 0 0 2.33252e-44 6.5322e-33 0
2027.5 0 0 1.70451e-44 1.38346e-31 0
2030 0 0 3.07104e-44 8.01275e-32 0
2032.5 0 0 1.50218e-44 1.42885e-32 0
2035 0 0 8.41109e-46 7.64801e-32 0
2037.5 0 0 1.13286e-44 1.28899e-31 0
2040 0 0 3.79592e-45 1.49556e-31 0
2042.5 0 0 5.16665e-45 8.01258e-32 0
2045 0 0 1.16659e-44 4.48113e-33 0
2047.5 0 0 3.3279e-44 1.52039e-32 0
2050 0 0 3.34569e-44 3.73182e-32 0
2052.5 0 0 2.12651e-44 5.7771e-32 0
2055 0 0 7.73151e-45 6.78669e-32 0
2057.5 0 0 1.21555e-44 8.0037e-32 0
2060 0 0 1.70832e-44 8.72374e-32 0
2062.5 0 0 8.98482e-45 5.88666e-32 0
2065 0 0 1.84953e-44 1.07849e-31 0
2067.5 0 0 6.91817e-45 1.248e-31 0
2070 0 0 4.17152e-45 1.31922e-31 0
2072.5 0 0 3.83026e-45 1.33206e-32 0
2075 0 0 2.47455e-44 6.08813e-32 0
2077.5 0 0 4.43622e-44 1.08673e-33 0
2080 0 0 2.55885e-44 5.69877e-32 0
2082.5 0 0 4.96359e-45 1.57565e-32 0
2085 0 0 5.45163e-45 8.47229e-32 0
2087.5 0 0 1.014e-44 1.20127e-31 0
2090 0 0 2.33365e-44 4.02536e-32 0
2092.5 0 0 8.94587e-45 2.91254e-32 0
2095 0 0 1.52311e-44 8.23879e-32 0
2097.5 0 0 6.9929e-45 1.31946e-31 0
2100 0 0 3.88581e-45 9.66182e-32 0
2102.5 0 0 1.50536e-44 1.7272e-32 0
2105 0 0 3.06741e-44 4.79444e-32 0
2107.5 0 0 3.61359e-44 4.49903e-32 0
2110 0 0 1.50672e-44 1.33385e-31 0
2112.5 0 0 8.83744e-45 1.74296e-31 0
2115 0 0 6.27891e-45 5.82815e-32 0
2117.5 0 0 2.32994e-44 1.00572e-31 0
2120 0 0 4.96648e-45 5.86915e-32 0
2122.5 0 0 1.5419e-44 1.44304e-32 0
2125 0 0 1.55543e-44 5.19659e-32 0
2127.5 0 0 1.13261e-44 7.69985e-32 0
2130 0 0 3.78527e-45 1.01646e-30 0
2132.5 0 0 1.80173e-44 9.95233e-31 0
2135 0 0 2.46994e-44 3.35739e-30 0
2137.5 0 0 3.75098e-44 6.7085e-30 0
2140 0 0 2.11006e-44 1.95303e-30 0
2142.5 0 0 2.76173e-44 2.2134e-30 0
2145 0 0 2.92615e-44 3.58695e-30 0
2147.5 0 0 4.79977e-44 8.87328e-30 0
2150 0 0 4.73456e-44 1.03196e-29 0
2152.5 0 0 5.45847e-44 1.07731e-29 0
2155 0 0 4.68223e-44 7.32141e-30 0
2157.5 0 0 2.00567e-44 3.39806e-29 0
2160 0 0 2.42976e-44 2.77866e-29 0
2162.5 0 0 5.27752e-45 9.12171e-29 0
2165 0 0 6.28083e-44 1.36341e-28 0
2167.5 0 0 7.39032e-44 4.17598e-29 0
2170 0 0 7.11836e-44 3.10578e-29 0
2172.5 0 0 3.11713e-44 2.25273e-29 0
2175 0 0 5.57564e-44 1.19462e-28 0
2177.5 0 0 5.68876e-44 1.53766e-28 0
2180 0 0 3.90512e-44 1.0758e-28 0
2182.5 0 0 1.98831e-45 1.53055e-29 0
2185 0 0 4.865e-44 7.97556e-29 0
2187.5 0 0 5.63378e-44 1.09386e-28 0
2190 0 0 5.04923e-44 2.66735e-28 0
2192.5 0 0 1.73699e-43 2.40027e-28 0
2195 0 0 2.24854e-43 8.5959e-29 0
2197.5 0 0 1.31847e-43 1.27579e-28 0
2200 0 0 3.20163e-43 5.37075e-29 0
2202.5 0 0 3.97647e-43 3.31826e-29 0
2205 0 0 1.51612e-43 3.02435e-29 0
2207.5 0 0 6.29974e-43 1.49535e-29 0
2210 0 0 5.52064e-43 4.6182e-29 0
2212.5 0 0 6.32026e-43 6.88864e-29 0
2215 0 0 7.29644e-43 6.89294e-30 0
2217.5 0 0 2.6874e-43 2.66472e-29 0
2220 0 0 5.04451e-44 6.79701e-29 0
2222.5 0 0 3.13287e-44 5.64747e-29 0
2225 0 0 6.01698e-44 2.11019e-29 0
2227.5 0 0 1.44995e-43 6.1519e-30 0
2230 0 0 4.18151e-43 5.37096e-29 0
2232.5 0 0 1.8525e-43 8.82416e-29 0
2235 0 0 1.73865e-44 5.8042e-29 0
2237.5 0 0 1.66599e-43 2.05643e-29 0
2240 0 0 4.96105e-43 1.66977e-29 0
2242.5 0 0 4.81971e-43 6.22104e-30 0
2245 0 0 1.90745e-43 2.95113e-30 0
2247.5 0 0 2.36791e-44 1.31805e-29 0
2250 0 0 5.61203e-44 4.22654e-29 0
2252.5 0 0 3.18718e-43 6.14813e-30 0
2255 0 0 1.17047e-43 5.72811e-31 0
2257.5 0 0 3.49914e-44 3.53104e-29 0
2260 0 0 6.57705e-45 7.07958e-29 0
2262.5 0 0 2.06066e-43 5.18891e-29 0
2265 0 0 1.45672e-43 2.11643e-29 0
2267.5 0 0 5.53148e-43 2.04024e-29 0
2270 0 0 9.03253e-43 3.06863e-30 0
2272.5 0 0 4.39624e-43 1.10987e-29 0
2275 0 0 2.52782e-45 1.31014e-29 0
2277.5 0 0 2.979e-44 4.56874e-29 0
2280 0 0 4.07705e-43 1.41884e-29 0
2282.5 0 0 3.6579e-44 3.36361e-30 0
2285 0 0 1.81554e-43 1.22305e-29 0
2287.5 0 0 4.60223e-43 2.85634e-29 0
2290 0 0 1.48913e-44 4.16644e-29 0
2292.5 0 0 2.86236e-44 2.3896e-29 0
2295 0 0 5.5082e-43 3.90271e-29 0
2297.5 0 0 8.3218e-43 1.95227e-30 0
2300 0 0 3.0851e-43 4.02991e-30 0
2302.5 0 0 6.57575e-43 1.31104e-29 0
2305 0 0 8.83979e-43 5.46477e-29 0
2307.5 0 0 3.28409e-45 6.51144e-29 0
2310 0 0 3.68051e-44 2.27401e-29 0
2312.5 0 0 3.27739e-43 1.33116e-29 0
2315 0 0 7.78137e-43 1.5335e-29 0
2317.5 0 0 4.17699e-43 1.06259e-29 0
2320 0 0 5.66534e-43 3.28806e-29 0
2322.5 0 0 1.69539e-43 6.04146e-29 0
2325 0 0 1.60458e-43 5.01698e-29 0
2327.5 0 0 2.35779e-43 2.15415e-29 0
2330 0 0 7.23499e-43 2.49201e-29 0
2332.5 0 0 1.3716e-42 9.03475e-30 0
2335 0 0 3.86005e-43 6.15616e-29 0
2337.5 0 0 2.57452e-43 3.25968e-29 0
2340 0 0 5.35535e-43 5.89639e-29 0
2342.5 0 0 3.03656e-43 8.26009e-29 0
2345 0 0 1.969e-42 1.64728e-29 0
2347.5 0 0 8.09407e-43 1.3405e-29 0
2350 0 0 3.71726e-43 9.64863e-30 0
2352.5 0 0 5.44268e-43 3.04673e-29 0
2355 0 0 1.17512e-43 9.6816e-29 0
2357.5 0 0 1.76307e-43 4.64556e-29 0
2360 0 0 2.22995e-43 2.17624e-29 0
2362.5 0 0 9.26084e-43 6.50153e-30 0
2365 0 0 6.30075e-43 3.85725e-30 0
2367.5 0 0 4.50339e-44 1.24728e-30 0
2370 0 0 6.60189e-43 9.83731e-30 0
2372.5 0 0 3.40982e-43 5.20197e-29 0
2375 0 0 2.8439e-44 1.35088e-30 0
2377.5 0 0 1.10939e-43 1.01053e-29 0
2380 0 0 4.01613e-43 2.41906e-29 0
2382.5 0 0 7.79281e-43 3.88068e-30 0
2385 0 0 7.74258e-43 3.72019e-30 0
2387.5 0 0 1.66628e-42 1.14196e-29 0
2390 0 0 3.50937e-43 3.61484e-29 0
2392.5 0 0 9.48474e-44 2.42479e-29 0
2395 0 0 1.60581e-43 5.1513e-29 0
2397.5 0 0 1.68499e-43 8.17094e-29 0
2400 0 0 1.738e-42 1.12179e-29 0
2402.5 0 0 8.48714e-43 8.21474e-30 0
2405 0 0 1.27064e-42 1.8091e-29 0
2407.5 0 0 1.13577e-42 1.64165e-29 0
2410 0 0 2.18641e-43 1.09728e-28 0
2412.5 0 0 3.48633e-44 3.80507e-29 0
2415 0 0 1.04519e-43 2.40822e-29 0
2417.5 0 0 4.51158e-43 1.46017e-29 0
2420 0 0 1.65456e-42 8.02644e-30 0
2422.5 0 0 3.40721e-43 2.07348e-30 0
2425 0 0 7.07634e-43 1.66222e-29 0
2427.5 0 0 2.25226e-43 2.94023e-29 0
2430 0 0 7.04442e-45 5.94176e-30 0
2432.5 0 0 5.6268e-43 7.71796e-30 0
2435 0 0 5.47739e-43 4.65925e-29 0
2437.5 0 0 8.35e-43 2.40627e-29 0
2440 0 0 2.19529e-43 1.05826e-29 0
2442.5 0 0 7.70284e-43 1.39454e-29 0
2445 0 0 1.00407e-42 3.20017e-30 0
2447.5 0 0 1.08905e-42 2.42773e-29 0
2450 0 0 8.58533e-43 2.57266e-29 0
2452.5 0 0 3.86498e-43 4.72387e-29 0
2455 0 0 3.90079e-43 5.43216e-29 0
2457.5 0 0 6.99324e-43 2.70612e-29 0
2460 0 0 6.37273e-44 4.42275e-30 0
2462.5 0 0 4.6884e-43 1.69247e-29 0
2465 0 0 1.58815e-42 2.67447e-29 0
2467.5 0 0 9.4304e-45 8.75296e-30 0
2470 0 0 2.83099e-43 4.6767e-30 0
2472.5 0 0 4.00659e-43 1.27631e-29 0
2475 0 0 2.60539e-43 4.05629e-29 0
2477.5 0 0 1.70393e-43 2.58906e-29 0
2480 0 0 2.71067e-43 6.58643e-29 0
2482.5 0 0 6.25949e-43 2.32565e-29 0
2485 0 0 1.14544e-42 1.79702e-29 0
2487.5 0 0 7.0261e-43 1.48961e-29 0
2490 0 0 1.19414e-42 2.00032e-30 0
2492.5 0 0 8.66107e-43 6.0414e-29 0
2495 0 0 3.80157e-43 3.04314e-29 0
2497.5 0 0 3.40992e-43 1.32709e-29 0
2500 0 0 5.13373e-44 1.70947e-29 0
2502.5 0 0 1.68478e-42 3.69832e-29 0
2505 0 0 9.68396e-44 7.37597e-30 0
2507.5 0 0 2.10847e-43 3.11092e-29 0
2510 0 0 4.58945e-43 3.78719e-30 0
2512.5 0 0 9.71622e-43 1.77267e-29 0
2515 0 0 8.25877e-43 7.52218e-30 0
2517.5 0 0 1.56161e-42 4.4532e-30 0
2520 0 0 2.83659e-43 4.28234e-29 0
2522.5 0 0 7.19797e-43 2.73993e-29 0
2525 0 0 9.40742e-43 2.68135e-29 0
2527.5 0 0 4.38178e-44 2.38197e-29 0
2530 0 0 2.57228e-42 2.56988e-29 0
2532.5 0 0 5.06078e-43 7.65508e-30 0
2535 0 0 1.97076e-43 1.16727e-29 0
2537.5 0 0 2.73262e-43 1.80281e-31 0
2540 0 0 8.90315e-43 3.7507e-29 0
2542.5 0 0 5.70971e-43 9.56356e-31 0
2545 0 0 1.44427e-42 7.43849e-30 0
2547.5 0 0 1.02563e-43 1.91159e-29 0
2550 0 0 8.452e-43 2.18852e-29 0
2552.5 0 0 1.09695e-42 3.27503e-29 0
2555 0 0 1.21838e-43 3.02074e-29 0
2557.5 0 0 2.39515e-42 1.65766e-29 0
2560 0 0 7.75091e-43 1.66169e-29 0
2562.5 0 0 2.35663e-43 1.00369e-29 0
2565 0 0 1.59471e-43 1.71846e-31 0
2567.5 0 0 1.00331e-42 5.18344e-29 0
2570 0 0 4.5808e-43 4.6427e-31 0
2572.5 0 0 1.17075e-42 7.29008e-30 0
2575 0 0 3.5299e-44 8.16906e-30 0
2577.5 0 0 8.44352e-43 2.5714e-29 0
2580 0 0 8.65893e-43 2.96025e-29 0
2582.5 0 0 2.21631e-43 3.50007e-29 0
2585 0 0 1.90363e-42 1.12662e-29 0
2587.5 0 0 9.69418e-43 2.30418e-29 0
2590 0 0 2.09527e-43 9.99386e-30 0
2592.5 0 0 1.42614e-43 1.80224e-30 0
2595 0 0 1.16181e-42 5.26345e-29 0
2597.5 0 0 4.47881e-43 4.38111e-30 0
2600 0 0 9.12348e-43 7.38444e-30 0
2602.5 0 0 7.0866e-44 5.99462e-30 0
2605 0 0 7.17062e-43 3.51707e-29 0
2607.5 0 0 5.46408e-43 2.17601e-29 0
2610 0 0 4.02438e-43 4.12455e-29 0
2612.5 0 0 1.47649e-42 9.91308e-30 0
2615 0 0 1.37706e-42 2.42766e-29 0
2617.5 0 0 1.34808e-43 5.62742e-30 0
2620 0 0 2.56806e-43 7.33637e-30 0
2622.5 0 0 1.36923e-42 4.46626e-29 0
2625 0 0 2.62402e-43 1.14797e-29 0
2627.5 0 0 9.50169e-43 1.16147e-29 0
2630 0 0 1.95856e-43 9.25994e-30 0
2632.5 0 0 4.61608e-43 4.58882e-29 0
2635 0 0 2.56144e-43 1.56387e-29 0
2637.5 0 0 7.43564e-43 5.23246e-29 0
2640 0 0 1.22245e-42 1.10469e-29 0
2642.5 0 0 2.02786e-42 2.12813e-29 0
2645 0 0 2.54186e-43 1.1707e-30 0
2647.5 0 0 6.51967e-43 1.37479e-29 0
2650 0 0 1.52994e-42 3.15405e-29 0
2652.5 0 0 1.11157e-44 1.59175e-29 0
2655 0 0 1.60286e-42 2.03332e-29 0
2657.5 0 0 2.37517e-43 1.49963e-29 0
2660 0 0 2.15908e-43 5.10974e-29 0
2662.5 0 0 9.36651e-44 1.91583e-29 0
2665 0 0 1.02472e-42 6.4531e-29 0
2667.5 0 0 1.12169e-42 9.56785e-30 0
2670 0 0 2.34703e-42 1.78152e-29 0
2672.5 0 0 7.42678e-43 6.38696e-30 0
2675 0 0 1.08454e-42 1.08261e-29 0
2677.5 0 0 1.20771e-42 1.60382e-29 0
2680 0 0 3.00324e-43 1.32958e-29 0
2682.5 0 0 2.37303e-42 2.38483e-29 0
2685 0 0 9.85073e-44 1.44476e-29 0
2687.5 0 0 3.4634e-43 3.75739e-29 0
2690 0 0 2.3759e-43 3.39092e-29 0
2692.5 0 0 7.41066e-43 5.36562e-29 0
2695 0 0 8.4058e-43 4.00238e-30 0
2697.5 0 0 1.69914e-42 2.00359e-29 0
2700 0 0 1.07593e-42 1.32532e-29 0
2702.5 0 0 8.42381e-43 4.88715e-30 0
2705 0 0 4.28012e-43 2.47342e-30 0
2707.5 0 0 1.08436e-42 1.56703e-29 0
2710 0 0 1.70266e-42 1.24622e-29 0
2712.5 0 0 1.90403e-43 3.69541e-30 0
2715 0 0 1.15375e-42 1.43042e-29 0
2717.5 0 0 7.21981e-43 3.36179e-29 0
2720 0 0 3.92715e-43 1.52326e-29 0
2722.5 0 0 2.8827e-43 2.74141e-30 0
2725 0 0 1.17025e-42 2.33287e-29 0
2727.5 0 0 5.83137e-43 5.36043e-30 0
2730 0 0 1.38701e-42 1.47526e-29 0
2732.5 0 0 2.02741e-44 9.74035e-30 0
2735 0 0 1.03811e-42 3.78874e-29 0
2737.5 0 0 1.52439e-43 6.95692e-30 0
2740 0 0 5.05087e-43 9.47573e-30 0
2742.5 0 0 2.27434e-42 1.06598e-29 0
2745 0 0 1.07636e-42 6.66283e-30 0
2747.5 0 0 9.56739e-43 2.77197e-29 0
2750 0 0 4.99069e-43 2.83984e-30 0
2752.5 0 0 1.79542e-42 1.32134e-29 0
2755 0 0 8.52751e-43 1.23048e-30 0
2757.5 0 0 3.82966e-42 1.77477e-29 0
2760 0 0 1.753e-44 4.21373e-29 0
2762.5 0 0 2.29934e-43 4.75719e-29 0
2765 0 0 7.72456e-43 2.24439e-29 0
2767.5 0 0 1.62758e-43 2.00176e-29 0
2770 0 0 1.82365e-42 1.46158e-29 0
2772.5 0 0 8.31539e-43 5.68849e-30 0
2775 0 0 8.21914e-43 7.11959e-29 0
2777.5 0 0 5.94537e-43 8.37717e-31 0
2780 0 0 1.33182e-42 2.18581e-30 0
2782.5 0 0 2.13627e-42 1.32247e-29 0
2785 0 0 2.06595e-42 5.96009e-30 0
2787.5 0 0 2.71864e-43 3.21402e-29 0
2790 0 0 3.66029e-43 2.25111e-29 0
2792.5 0 0 1.00644e-42 1.65042e-29 0
2795 0 0 5.09922e-43 1.16431e-29 0
2797.5 0 0 1.99084e-43 7.55681e-30 0
2800 0 0 1.23845e-42 2.10895e-29 0
2802.5 0 0 2.1386e-43 1.61574e-29 0
2805 0 0 1.67337e-44 1.10296e-29 0
2807.5 0 0 3.4161e-43 3.52255e-29 0
2810 0 0 8.24515e-43 1.32043e-29 0
2812.5 0 0 1.25843e-42 1.96363e-29 0
2815 0 0 3.15319e-43 6.24609e-30 0
2817.5 0 0 9.16339e-43 2.64511e-29 0
2820 0 0 1.58311e-43 1.62438e-29 0
2822.5 0 0 6.5416e-43 5.38281e-29 0
2825 0 0 3.06002e-42 1.69853e-30 0
2827.5 0 0 1.62599e-42 6.54076e-30 0
2830 0 0 1.086e-42 2.54577e-29 0
2832.5 0 0 5.31965e-43 1.39411e-30 0
2835 0 0 7.52406e-43 4.81705e-29 0
2837.5 0 0 4.42436e-43 1.21689e-29 0
2840 0 0 4.18825e-42 8.17855e-30 0
2842.5 0 0 2.26986e-43 1.75466e-29 0
2845 0 0 2.16598e-43 2.04482e-29 0
2847.5 0 0 9.97178e-43 3.09736e-29 0
2850 0 0 5.30931e-43 1.2973e-29 0
2852.5 0 0 2.28635e-42 1.09754e-29 0
2855 0 0 8.58396e-43 2.51607e-30 0
2857.5 0 0 6.65599e-43 2.78986e-29 0
2860 0 0 4.32459e-43 1.02014e-29 0
2862.5 0 0 5.89421e-43 7.59481e-30 0
2865 0 0 9.43239e-43 2.15952e-29 0
2867.5 0 0 1.63066e-43 1.26995e-29 0
2870 0 0 5.53401e-43 2.33585e-30 0
2872.5 0 0 2.11822e-42 7.39148e-30 0
2875 0 0 1.46063e-43 1.3027e-29 0
2877.5 0 0 7.51656e-43 5.93433e-29 0
2880 0 0 6.499e-43 7.07972e-30 0
2882.5 0 0 1.3513e-42 1.90713e-29 0
2885 0 0 1.50152e-42 1.18542e-29 0
2887.5 0 0 1.3772e-42 5.69624e-30 0
2890 0 0 4.43218e-43 8.47383e-29 0
2892.5 0 0 4.00648e-43 1.19758e-29 0
2895 0 0 3.67008e-42 1.2511e-29 0
2897.5 0 0 1.139e-43 3.44397e-30 0
2900 0 0 1.24984e-42 2.04818e-29 0
2902.5 0 0 8.55685e-43 1.69607e-29 0
2905 0 0 4.14565e-43 2.64059e-29 0
2907.5 0 0 1.57729e-42 1.21339e-29 0
2910 0 0 4.04564e-43 6.36528e-30 0
2912.5 0 0 9.5299e-43 1.02225e-29 0
2915 0 0 9.84256e-43 1.20759e-29 0
2917.5 0 0 1.14536e-42 5.19103e-30 0
2920 0 0 8.23865e-43 1.82526e-29 0
2922.5 0 0 7.25146e-43 1.44888e-29 0
2925 0 0 4.34067e-43 4.1732e-30 0
2927.5 0 0 3.41184e-42 6.69239e-30 0
2930 0 0 2.22949e-43 2.28209e-29 0
2932.5 0 0 7.12834e-43 5.26112e-29 0
2935 0 0 1.87268e-43 3.00254e-30 0
2937.5 0 0 1.07113e-42 3.93667e-29 0
2940 0 0 9.19167e-43 9.71584e-30 0
2942.5 0 0 2.28662e-42 7.37053e-30 0
2945 0 0 7.00897e-43 5.88837e-29 0
2947.5 0 0 7.96848e-43 7.59948e-30 0
2950 0 0 1.63911e-42 1.24071e-29 0
2952.5 0 0 3.96264e-43 1.93575e-30 0
2955 0 0 1.76733e-42 3.01847e-29 0
2957.5 0 0 8.65157e-43 7.25369e-30 0
2960 0 0 7.93287e-43 2.41234e-29 0
2962.5 0 0 2.24744e-43 8.99211e-30 0
2965 0 0 5.29854e-43 2.02128e-29 0
2967.5 0 0 1.38605e-42 2.17877e-30 0
2970 0 0 2.06134e-42 1.07559e-29 0
2972.5 0 0 8.25884e-43 7.74568e-31 0
2975 0 0 1.86706e-42 1.51334e-29 0
2977.5 0 0 3.8256e-43 1.48237e-29 0
2980 0 0 4.65757e-43 2.07874e-29 0
2982.5 0 0 3.74957e-42 1.072e-29 0
2985 0 0 2.67184e-43 3.29057e-29 0
2987.5 0 0 4.95707e-43 3.86453e-29 0
2990 0 0 3.76241e-45 1.41975e-30 0
2992.5 0 0 2.16457e-42 4.42983e-29 0
2995 0 0 7.57629e-43 1.05152e-29 0
2997.5 0 0 1.88098e-42 1.64302e-29 0
3000 0 0 6.58475e-43 2.5307e-29 0
3002.5 0 0 4.8459e-43 7.68062e-30 0
3005 0 0 5.54708e-43 1.89249e-29 0
3007.5 0 0 4.38498e-43 1.76575e-29 0
3010 0 0 2.07991e-43 2.59505e-29 0
3012.5 0 0 5.7908e-43 1.59575e-29 0
3015 0 0 5.7243e-43 9.87783e-30 0
3017.5 0 0 2.32184e-43 7.99633e-30 0
3020 0 0 7.24155e-43 4.94534e-29 0
3022.5 0 0 2.88672e-42 9.83722e-31 0
3025 0 0 2.82679e-42 3.31674e-30 0
3027.5 0 0 6.64126e-44 3.33325e-31 0
3030 0 0 3.04241e-42 3.55097e-29 0
3032.5 0 0 7.30558e-43 1.029e-29 0
3035 0 0 1.7783e-42 1.30736e-29 0
3037.5 0 0 3.43033e-42 1.34589e-29 0
3040 0 0 2.31294e-43 1.06828e-29 0
3042.5 0 0 8.63311e-43 2.31285e-29 0
3045 0 0 6.45297e-43 2.33678e-30 0
3047.5 0 0 2.29432e-42 4.92161e-30 0
3050 0 0 8.54895e-43 6.58285e-30 0
3052.5 0 0 4.30462e-43 1.00935e-29 0
3055 0 0 3.69382e-43 4.68386e-30 0
3057.5 0 0 2.1021e-42 1.17182e-29 0
3060 0 0 3.40778e-43 4.70043e-29 0
3062.5 0 0 1.46331e-43 4.05977e-29 0
3065 0 0 1.36173e-43 5.09489e-30 0
3067.5 0 0 2.02848e-42 4.48988e-29 0
3070 0 0 3.2733e-43 7.3569e-30 0
3072.5 0 0 4.15114e-44 2.83905e-29 0
3075 0 0 1.78069e-42 6.00048e-29 0
3077.5 0 0 9.2952e-43 1.77912e-31 0
3080 0 0 2.52198e-42 1.09163e-29 0
3082.5 0 0 1.05974e-43 1.52823e-30 0
3085 0 0 2.3716e-43 3.30772e-29 0
3087.5 0 0 2.51295e-43 1.98495e-29 0
3090 0 0 6.42755e-43 4.1138e-30 0
3092.5 0 0 1.06954e-42 4.61196e-30 0
3095 0 0 9.57476e-43 1.83386e-29 0
3097.5 0 0 2.19323e-42 1.7975e-29 0
3100 0 0 1.66441e-42 1.35432e-29 0
3102.5 0 0 4.09781e-43 9.82648e-30 0
3105 0 0 3.79623e-42 2.11157e-29 0
3107.5 0 0 4.38461e-43 2.38549e-30 0
3110 0 0 1.18924e-42 4.64105e-30 0
3112.5 0 0 3.30156e-42 4.58595e-29 0
3115 0 0 6.8277e-44 8.83124e-30 0
3117.5 0 0 1.24652e-42 3.16802e-29 0
3120 0 0 4.76905e-43 4.40188e-30 0
3122.5 0 0 1.06728e-42 3.49927e-30 0
3125 0 0 2.23923e-42 1.07296e-29 0
3127.5 0 0 7.13953e-43 2.77256e-30 0
3130 0 0 7.94265e-43 1.66275e-29 0
3132.5 0 0 1.18037e-42 1.95914e-29 0
3135 0 0 1.26224e-42 9.28676e-30 0
3137.5 0 0 2.15038e-42 3.31687e-30 0
3140 0 0 1.66282e-42 5.93497e-30 0
3142.5 0 0 9.39108e-43 5.58026e-29 0
3145 0 0 4.12669e-43 1.92086e-29 0
3147.5 0 0 4.36225e-43 1.80361e-30 0
3150 0 0 4.27449e-42 2.43501e-29 0
3152.5 0 0 1.82937e-43 6.87999e-31 0
3155 0 0 6.48619e-43 2.59435e-29 0
3157.5 0 0 3.51417e-43 3.37374e-29 0
3160 0 0 4.32168e-44 4.00132e-30 0
3162.5 0 0 2.51885e-42 3.15964e-29 0
3165 0 0 4.52903e-43 9.95469e-30 0
3167.5 0 0 1.81019e-43 1.20933e-29 0
3170 0 0 1.33165e-42 3.36245e-29 0
3172.5 0 0 1.91307e-44 2.3334e-30 0
3175 0 0 7.34971e-43 2.6745e-29 0
3177.5 0 0 1.96973e-42 2.79912e-29 0
3180 0 0 2.38929e-42 9.70148e-30 0
3182.5 0 0 1.92174e-42 1.86511e-29 0
3185 0 0 9.81603e-44 1.08067e-30 0
3187.5 0 0 9.75917e-43 3.28994e-29 0
3190 0 0 4.03005e-43 1.81817e-29 0
3192.5 0 0 6.57e-43 3.85891e-30 0
3195 0 0 3.2403e-42 1.55602e-29 0
3197.5 0 0 8.44243e-43 2.2355e-30 0
3200 0 0 5.31313e-43 3.89131e-29 0
3202.5 0 0 1.81072e-43 3.42159e-29 0
3205 0 0 6.60121e-44 3.98375e-30 0
3207.5 0 0 3.78237e-42 1.77246e-29 0
3210 0 0 7.77716e-43 6.74241e-30 0
3212.5 0 0 6.5364e-43 1.127e-29 0
3215 0 0 1.41772e-42 5.01788e-29 0
3217.5 0 0 2.39426e-43 9.1971e-31 0
3220 0 0 2.27652e-42 7.24555e-30 0
3222.5 0 0 2.23625e-42 3.06095e-30 0
3225 0 0 2.33029e-43 7.24558e-30 0
3227.5 0 0 1.77165e-42 3.82278e-29 0
3230 0 0 2.9869e-43 6.09137e-30 0
3232.5 0 0 1.35101e-42 1.38549e-29 0
3235 0 0 1.81768e-42 1.93989e-29 0
3237.5 0 0 2.776e-43 3.22566e-30 0
3240 0 0 2.21094e-42 2.36132e-29 0
3242.5 0 0 8.90679e-43 2.50749e-29 0
3245 0 0 1.12216e-42 2.47764e-29 0
3247.5 0 0 2.15389e-42 2.36103e-29 0
3250 0 0 2.69543e-43 4.03637e-30 0
3252.5 0 0 1.67387e-42 1.74364e-29 0
3255 0 0 1.14062e-42 1.19083e-29 0
3257.5 0 0 1.74053e-43 4.08707e-30 0
3260 0 0 1.47497e-42 4.51946e-29 0
3262.5 0 0 1.89422e-43 6.50494e-30 0
3265 0 0 2.36799e-42 7.66111e-31 0
3267.5 0 0 3.11486e-42 5.57182e-30 0
3270 0 0 1.27621e-44 5.64372e-31 0
3272.5 0 0 1.60709e-42 4.09953e-29 0
3275 0 0 7.37333e-43 1.63946e-29 0
3277.5 0 0 8.2898e-43 1.31391e-29 0
3280 0 0 3.55243e-42 1.63812e-29 0
3282.5 0 0 2.27964e-43 1.7329e-30 0
3285 0 0 1.90588e-43 2.90184e-29 0
3287.5 0 0 4.30405e-43 4.81971e-29 0
3290 0 0 1.09743e-42 2.39667e-31 0
3292.5 0 0 3.77976e-42 6.75917e-30 0
3295 0 0 1.73435e-42 1.12086e-32 0
3297.5 0 0 6.63778e-43 1.462e-29 0
3300 0 0 1.09281e-42 2.12339e-29 0
3302.5 0 0 6.00745e-43 5.24914e-30 0
3305 0 0 1.56576e-42 2.48255e-29 0
3307.5 0 0 2.12218e-42 9.94993e-30 0
3310 0 0 6.98338e-43 1.07525e-29 0
3312.5 0 0 1.33758e-42 2.74496e-29 0
3315 0 0 2.98697e-43 1.4553e-29 0
3317.5 0 0 2.03212e-42 6.79714e-30 0
3320 0 0 1.92615e-42 1.5198e-29 0
3322.5 0 0 5.44038e-44 2.73557e-30 0
3325 0 0 3.11435e-42 3.45648e-29 0
3327.5 0 0 1.04637e-42 3.94475e-30 0
3330 0 0 7.55323e-43 1.06944e-29 0
3332.5 0 0 1.61791e-42 3.76679e-29 0
3335 0 0 9.02474e-43 4.50509e-30 0
3337.5 0 0 2.07799e-42 1.31895e-29 0
3340 0 0 2.67445e-42 1.36251e-29 0
3342.5 0 0 9.46471e-43 1.07305e-30 0
3345 0 0 2.20859e-42 1.82358e-29 0
3347.5 0 0 5.27691e-43 9.66899e-30 0
3350 0 0 5.68512e-43 9.9255e-31 0
3352.5 0 0 3.7331e-42 2.59709e-29 0
3355 0 0 5.55669e-43 7.80145e-30 0
3357.5 0 0 1.43382e-43 2.42712e-29 0
3360 0 0 4.01359e-43 3.56778e-29 0
3362.5 0 0 7.31168e-43 2.25891e-30 0
3365 0 0 2.50172e-42 1.12156e-29 0
3367.5 0 0 2.38433e-42 6.06437e-30 0
3370 0 0 1.38876e-42 4.99018e-30 0
3372.5 0 0 2.0625e-42 3.03446e-29 0
3375 0 0 9.10377e-44 5.89452e-30 0
3377.5 0 0 2.40721e-42 5.68025e-31 0
3380 0 0 4.08127e-42 1.33837e-29 0
3382.5 0 0 7.98188e-43 2.48435e-29 0
3385 0 0 1.04547e-43 2.6225e-29 0
3387.5 0 0 5.0509e-43 2.06569e-29 0
3390 0 0 2.09447e-42 4.4429e-30 0
3392.5 0 0 1.56827e-42 6.23565e-30 0
3395 0 0 1.54058e-42 9.14518e-30 0
3397.5 0 0 1.25156e-42 9.14288e-30 0
3400 0 0 1.85042e-42 2.1204e-29 0
3402.5 0 0 5.16952e-43 1.07255e-29 0
3405 0 0 2.41647e-42 8.52449e-30 0
3407.5 0 0 1.82363e-42 5.96214e-30 0
3410 0 0 1.04875e-42 3.44417e-29 0
3412.5 0 0 4.39726e-43 1.53945e-29 0
3415 0 0 1.30282e-42 4.11245e-30 0
3417.5 0 0 4.38789e-42 1.3151e-29 0
3420 0 0 5.42449e-43 7.86997e-30 0
3422.5 0 0 7.75263e-43 1.68742e-29 0
3425 0 0 1.43633e-42 9.3282e-30 0
3427.5 0 0 1.90881e-42 1.38212e-29 0
3430 0 0 9.87254e-43 2.92959e-29 0
3432.5 0 0 2.18599e-42 1.73376e-29 0
3435 0 0 8.03745e-43 5.3449e-30 0
3437.5 0 0 1.67798e-42 3.28822e-29 0
3440 0 0 4.85177e-43 4.22929e-30 0
3442.5 0 0 1.45022e-42 2.72727e-30 0
3445 0 0 3.96353e-42 1.66331e-29 0
3447.5 0 0 3.12091e-43 7.23242e-30 0
3450 0 0 5.6965e-43 1.23801e-29 0
3452.5 0 0 1.96313e-42 3.71145e-30 0
3455 0 0 1.27576e-42 3.59271e-30 0
3457.5 0 0 1.07918e-42 4.74406e-29 0
3460 0 0 7.23827e-43 2.23566e-29 0
3462.5 0 0 2.65988e-43 4.44169e-30 0
3465 0 0 3.42637e-42 2.90628e-29 0
3467.5 0 0 4.6729e-43 6.5094e-31 0
3470 0 0 1.74058e-42 1.78986e-29 0
3472.5 0 0 3.49184e-42 1.76166e-29 0
3475 0 0 5.00132e-43 9.82016e-30 0
3477.5 0 0 6.00945e-43 1.214e-29 0
3480 0 0 2.62947e-42 3.23411e-30 0
3482.5 0 0 7.74797e-43 1.6945e-30 0
3485 0 0 1.28663e-42 5.62715e-29 0
3487.5 0 0 3.16073e-43 1.78303e-29 0
3490 0 0 4.43753e-43 2.35278e-30 0
3492.5 0 0 3.65856e-42 2.18033e-29 0
3495 0 0 1.16268e-43 5.17834e-30 0
3497.5 0 0 9.45707e-43 3.06701e-29 0
3500 0 0 1.86423e-42 1.06163e-29 0
3502.5 0 0 8.34691e-43 9.84275e-30 0
3505 0 0 7.07031e-43 1.33803e-29 0
3507.5 0 0 2.61821e-42 7.52521e-30 0
3510 0 0 2.7115e-43 2.95502e-30 0
3512.5 0 0 1.63664e-42 5.70255e-29 0
3515 0 0 1.46442e-44 1.22383e-29 0
3517.5 0 0 1.50584e-42 1.68743e-30 0
3520 0 0 5.26482e-42 1.44598e-29 0
3522.5 0 0 8.63803e-44 1.05648e-29 0
3525 0 0 5.26685e-43 4.35847e-29 0
3527.5 0 0 7.10966e-43 8.52468e-30 0
3530 0 0 6.81378e-43 9.9429e-30 0
3532.5 0 0 1.11342e-42 2.08138e-29 0
3535 0 0 2.96778e-42 9.79805e-30 0
3537.5 0 0 1.68022e-43 3.98789e-30 0
3540 0 0 1.64738e-42 4.60408e-29 0
3542.5 0 0 3.05003e-44 1.14913e-29 0
3545 0 0 1.51662e-42 6.2478e-30 0
3547.5 0 0 4.5716e-42 1.00466e-29 0
3550 0 0 1.59791e-43 1.49288e-29 0
3552.5 0 0 1.33619e-43 3.7076e-29 0
3555 0 0 3.38796e-43 3.36739e-30 0
3557.5 0 0 4.97292e-43 8.18619e-30 0
3560 0 0 1.47558e-42 3.34922e-29 0
3562.5 0 0 2.32313e-42 1.38028e-29 0
3565 0 0 2.57441e-43 5.69824e-30 0
3567.5 0 0 2.43436e-42 2.9384e-29 0
3570 0 0 4.80239e-43 1.39858e-29 0
3572.5 0 0 2.37469e-42 1.43391e-29 0
3575 0 0 4.42232e-42 9.52739e-30 0
3577.5 0 0 1.69515e-43 1.19371e-29 0
3580 0 0 6.34108e-45 3.1961e-29 0
3582.5 0 0 8.55208e-43 3.93116e-30 0
3585 0 0 2.33883e-43 9.72864e-30 0
3587.5 0 0 1.80473e-42 3.78987e-29 0
3590 0 0 2.35066e-42 1.44968e-29 0
3592.5 0 0 3.68371e-43 6.55768e-30 0
3595 0 0 2.5116e-42 1.82442e-29 0
3597.5 0 0 6.48952e-43 2.0982e-29 0
3600 0 0 1.94238e-42 1.84406e-29 0
3602.5 0 0 2.39051e-42 7.99536e-30 0
3605 0 0 3.02898e-43 7.00944e-30 0
3607.5 0 0 2.3369e-43 1.94312e-29 0
3610 0 0 2.19021e-42 4.49095e-30 0
3612.5 0 0 1.19382e-43 1.18582e-29 0
3615 0 0 2.17095e-42 3.76639e-29 0
3617.5 0 0 1.06362e-42 1.95346e-29 0
3620 0 0 9.51327e-43 1.13289e-29 0
3622.5 0 0 2.84708e-42 1.11772e-29 0
3625 0 0 1.56869e-42 2.24766e-29 0
3627.5 0 0 1.78237e-42 1.97364e-29 0
3630 0 0 1.66854e-42 9.93439e-30 0
3632.5 0 0 2.5358e-43 4.62188e-30 0
3635 0 0 6.99084e-43 1.46521e-29 0
3637.5 0 0 3.59945e-42 9.34213e-30 0
3640 0 0 1.17843e-43 1.84588e-29 0
3642.5 0 0 2.29857e-42 3.04461e-29 0
3645 0 0 7.97321e-43 2.60663e-29 0
3647.5 0 0 8.54823e-43 1.39964e-29 0
3650 0 0 1.84047e-42 1.03333e-29 0
3652.5 0 0 2.03549e-42 1.78966e-29 0
3655 0 0 7.68378e-43 1.50627e-29 0
3657.5 0 0 3.92311e-43 9.36473e-30 0
3660 0 0 4.29991e-43 8.83876e-30 0
3662.5 0 0 1.65901e-42 9.74171e-30 0
3665 0 0 3.87717e-42 1.73107e-29 0
3667.5 0 0 2.87734e-43 1.77154e-29 0
3670 0 0 1.87651e-42 2.15397e-29 0
3672.5 0 0 3.83662e-43 3.03784e-29 0
3675 0 0 1.0385e-42 1.82828e-29 0
3677.5 0 0 1.6887e-42 1.36323e-29 0
3680 0 0 2.57613e-42 8.55722e-30 0
3682.5 0 0 7.64428e-43 1.25684e-29 0
3685 0 0 4.58413e-43 1.26887e-29 0
3687.5 0 0 8.06477e-43 2.01685e-29 0
3690 0 0 2.54936e-42 9.04825e-30 0
3692.5 0 0 4.01731e-42 2.68309e-29 0
3695 0 0 5.14697e-43 1.61072e-29 0
3697.5 0 0 1.24436e-42 1.4174e-29 0
3700 0 0 4.30813e-43 2.47364e-29 0
3702.5 0 0 5.2541e-43 2.25427e-29 0
3705 0 0 9.1609e-43 1.40971e-29 0
3707.5 0 0 1.89576e-42 2.07573e-30 0
3710 0 0 1.36392e-42 9.81779e-30 0
3712.5 0 0 6.69384e-43 1.33539e-29 0
3715 0 0 1.89654e-42 2.175e-29 0
3717.5 0 0 2.50082e-42 9.96893e-30 0
3720 0 0 2.7787e-42 2.40666e-29 0
3722.5 0 0 3.7559e-43 9.70199e-30 0
3725 0 0 1.10815e-42 1.27735e-29 0
3727.5 0 0 7.69319e-43 1.5331e-29 0
3730 0 0 1.17787e-42 2.40105e-29 0
3732.5 0 0 1.57562e-42 1.11874e-29 0
3735 0 0 1.78228e-42 5.26048e-31 0
3737.5 0 0 3.03416e-42 1.45495e-29 0
3740 0 0 9.77962e-43 1.6746e-29 0
3742.5 0 0 3.35563e-42 2.07841e-29 0
3745 0 0 1.88582e-42 1.59923e-29 0
3747.5 0 0 2.16114e-42 1.25696e-29 0
3750 0 0 2.5976e-43 4.00196e-30 0
3752.5 0 0 1.9514e-42 1.24134e-29 0
3755 0 0 6.01227e-43 6.77461e-30 0
3757.5 0 0 2.5539e-42 2.07996e-29 0
3760 0 0 1.91457e-42 6.01506e-30 0
3762.5 0 0 2.02638e-42 7.38235e-31 0
3765 0 0 3.45258e-42 1.91465e-29 0
3767.5 0 0 9.82369e-43 9.42581e-30 0
3770 0 0 3.5775e-42 8.55574e-30 0
3772.5 0 0 9.50421e-43 1.05148e-29 0
3775 0 0 1.89152e-42 1.66608e-30 0
3777.5 0 0 2.72002e-43 1.82686e-30 0
3780 0 0 2.8612e-42 1.5264e-29 0
3782.5 0 0 1.14218e-42 5.06199e-30 0
3785 0 0 4.323e-42 1.38726e-29 0
3787.5 0 0 2.21792e-42 3.67794e-30 0
3790 0 0 3.0215e-42 2.54359e-30 0
3792.5 0 0 3.021e-42 2.49196e-29 0
3795 0 0 1.13557e-42 6.7016e-30 0
3797.5 0 0 2.82595e-42 5.94495e-30 0
3800 0 0 4.73956e-43 4.01837e-30 0
3802.5 0 0 3.35304e-42 3.63696e-30 0
3805 0 0 1.04924e-42 4.87678e-33 0
3807.5 0 0 2.84759e-42 2.7317e-29 0
3810 0 0 2.43624e-42 4.7622e-30 0
3812.5 0 0 3.54239e-42 1.13254e-29 0
3815 0 0 1.38105e-42 6.20401e-31 0
3817.5 0 0 2.99558e-42 1.17151e-29 0
3820 0 0 1.3448e-42 1.00935e-29 0
3822.5 0 0 9.84133e-43 1.18617e-29 0
3825 0 0 1.1872e-42 8.50863e-30 0
3827.5 0 0 4.07768e-43 7.69701e-30 0
3830 0 0 4.39683e-42 1.23862e-29 0
3832.5 0 0 1.1338e-42 5.15229e-31 0
3835 0 0 1.4815e-42 3.6691e-29 0
3837.5 0 0 2.77856e-42 4.96938e-30 0
3840 0 0 1.84061e-42 1.17036e-29 0
3842.5 0 0 1.00589e-42 9.16216e-31 0
3845 0 0 1.99793e-42 2.61789e-29 0
3847.5 0 0 4.70909e-43 6.20834e-30 0
3850 0 0 1.14609e-42 3.213e-29 0
3852.5 0 0 3.40873e-43 1.49399e-29 0
3855 0 0 3.68174e-43 2.85938e-29 0
3857.5 0 0 6.03432e-42 1.62305e-29 0
3860 0 0 5.16379e-43 2.6409e-30 0
3862.5 0 0 5.79802e-43 3.2184e-29 0
3865 0 0 1.21452e-42 7.67239e-30 0
3867.5 0 0 3.80865e-43 2.59277e-29 0
3870 0 0 5.66394e-43 5.77799e-30 0
3872.5 0 0 1.48235e-42 2.75217e-29 0
3875 0 0 2.65523e-43 1.98572e-29 0
3877.5 0 0 1.81816e-42 3.49935e-29 0
3880 0 0 7.31868e-44 1.01539e-29 0
3882.5 0 0 1.06747e-42 3.85686e-29 0
3885 0 0 3.41936e-42 1.11982e-29 0
3887.5 0 0 5.35267e-43 2.05187e-30 0
3890 0 0 3.73469e-43 1.69471e-29 0
3892.5 0 0 7.30832e-44 9.4464e-30 0
3895 0 0 2.65323e-43 4.77115e-29 0
3897.5 0 0 1.0546e-42 9.09264e-30 0
3900 0 0 2.16496e-42 1.39659e-29 0
3902.5 0 0 6.32753e-43 3.5463e-29 0
3905 0 0 1.98412e-42 2.2978e-29 0
3907.5 0 0 4.43372e-43 7.80927e-30 0
3910 0 0 2.30325e-42 2.52926e-29 0
3912.5 0 0 9.79811e-43 1.06265e-29 0
3915 0 0 2.18301e-42 1.07826e-29 0
3917.5 0 0 9.20769e-43 8.1563e-30 0
3920 0 0 1.74562e-42 8.5018e-30 0
3922.5 0 0 3.17657e-43 6.87682e-29 0
3925 0 0 1.19539e-42 3.09359e-30 0
3927.5 0 0 2.40371e-42 6.18643e-30 0
3930 0 0 9.04163e-43 2.1786e-29 0
3932.5 0 0 1.99455e-42 1.23536e-29 0
3935 0 0 7.49671e-43 1.12059e-29 0
3937.5 0 0 2.10739e-42 9.52818e-30 0
3940 0 0 1.26497e-42 1.15248e-29 0
3942.5 0 0 2.28491e-42 3.03192e-29 0
3945 0 0 3.49959e-43 5.37389e-30 0
3947.5 0 0 3.27136e-42 1.516e-29 0
3950 0 0 3.78395e-43 4.72388e-29 0
3952.5 0 0 2.67153e-43 5.34674e-30 0
3955 0 0 1.55894e-42 5.66002e-30 0
3957.5 0 0 9.0659e-43 3.64606e-30 0
3960 0 0 3.52536e-42 7.96779e-30 0
3962.5 0 0 6.33209e-43 2.89337e-29 0
3965 0 0 8.26567e-43 8.02974e-30 0
3967.5 0 0 3.09741e-42 1.46749e-29 0
3970 0 0 1.82296e-42 3.28728e-29 0
3972.5 0 0 2.67678e-43 1.06422e-29 0
3975 0 0 2.24134e-42 2.08606e-29 0
3977.5 0 0 1.39011e-42 1.56021e-29 0
3980 0 0 9.21341e-43 1.4802e-29 0
3982.5 0 0 1.63433e-42 7.24679e-30 0
3985 0 0 9.28376e-43 1.28833e-29 0
3987.5 0 0 6.01925e-42 1.21277e-30 0
3990 0 0 1.03978e-43 2.81724e-29 0
3992.5 0 0 6.89027e-43 1.29433e-29 0
3995 0 0 2.28355e-42 1.05435e-29 0
3997.5 0 0 2.17756e-42 1.70103e-29 0
4000 0 0 1.63975e-42 1.00873e-29 0
4002.5 0 0 5.74943e-43 1.29352e-29 0
4005 0 0 1.85723e-42 8.87354e-30 0
4007.5 0 0 4.02448e-42 1.15674e-29 0
4010 0 0 1.59117e-42 2.43763e-30 0
4012.5 0 0 1.87933e-42 1.91091e-29 0
4015 0 0 4.13708e-42 3.71541e-30 0
4017.5 0 0 9.01507e-43 5.4967e-30 0
4020 0 0 6.52097e-43 1.67336e-29 0
4022.5 0 0 1.19173e-42 3.77513e-30 0
4025 0 0 1.54122e-42 1.88433e-29 0
4027.5 0 0 4.57394e-42 1.70099e-30 0
4030 0 0 3.949e-43 8.67765e-30 0
4032.5 0 0 1.95463e-42 1.67371e-29 0
4035 0 0 3.9773e-42 1.87011e-29 0
4037.5 0 0 2.01244e-42 1.74875e-30 0
4040 0 0 2.06071e-42 1.30857e-29 0
4042.5 0 0 1.74915e-42 1.52724e-29 0
4045 0 0 1.22905e-42 1.35248e-29 0
4047.5 0 0 5.96371e-43 2.36404e-29 0
4050 0 0 2.19126e-42 9.60185e-30 0
4052.5 0 0 2.40494e-43 3.46899e-29 0
4055 0 0 3.81628e-42 4.16188e-30 0
4057.5 0 0 1.05664e-42 8.19457e-30 0
4060 0 0 7.12553e-43 2.14184e-29 0
4062.5 0 0 1.0593e-42 2.77658e-29 0
4065 0 0 9.07556e-43 2.59695e-29 0
4067.5 0 0 1.40737e-42 5.28979e-30 0
4070 0 0 5.26487e-43 1.88234e-29 0
4072.5 0 0 1.17461e-42 3.81819e-29 0
4075 0 0 4.63184e-43 2.60803e-29 0
4077.5 0 0 1.03419e-42 1.66529e-29 0
4080 0 0 8.59693e-43 2.64948e-29 0
4082.5 0 0 7.83097e-43 1.10716e-29 0
4085 0 0 2.10253e-42 3.8767e-30 0
4087.5 0 0 7.27226e-44 2.88219e-29 0
4090 0 0 7.04526e-43 1.21888e-29 0
4092.5 0 0 5.89552e-44 4.53762e-29 0
4095 0 0 1.58656e-42 5.72331e-30 0
4097.5 0 0 1.00667e-42 1.33941e-29 0
4100 0 0 3.21007e-42 2.70111e-29 0
4102.5 0 0 8.30895e-43 2.06228e-29 0
4105 0 0 6.85305e-43 1.80737e-29 0
4107.5 0 0 1.64227e-42 1.21912e-29 0
4110 0 0 2.65441e-42 9.47072e-30 0
4112.5 0 0 3.24642e-42 7.37622e-30 0
4115 0 0 1.24181e-42 2.32917e-29 0
4117.5 0 0 1.71059e-42 4.56017e-30 0
4120 0 0 1.51128e-42 2.67378e-29 0
4122.5 0 0 3.56954e-43 1.09003e-29 0
4125 0 0 4.47507e-42 9.07224e-31 0
4127.5 0 0 2.25752e-42 3.42827e-30 0
4130 0 0 3.50856e-42 2.83092e-30 0
4132.5 0 0 8.71544e-43 2.30422e-29 0
4135 0 0 1.32013e-42 2.48479e-31 0
4137.5 0 0 3.05075e-42 2.53036e-29 0
4140 0 0 3.2107e-42 9.12634e-30 0
4142.5 0 0 1.45443e-42 3.47328e-30 0
4145 0 0 1.80439e-42 1.1191e-29 0
4147.5 0 0 1.23852e-42 1.35303e-29 0
4150 0 0 6.48881e-43 1.90993e-29 0
4152.5 0 0 4.52228e-42 2.38421e-30 0
4155 0 0 4.44727e-43 7.64463e-31 0
4157.5 0 0 3.65667e-42 8.5078e-30 0
4160 0 0 9.16715e-43 1.05129e-29 0
4162.5 0 0 6.60537e-43 2.54166e-29 0
4165 0 0 1.84391e-42 2.80441e-29 0
4167.5 0 0 1.29885e-42 1.46894e-29 0
4170 0 0 3.15542e-42 7.40444e-30 0
4172.5 0 0 5.31522e-43 1.06671e-29 0
4175 0 0 2.66687e-42 2.03476e-29 0
4177.5 0 0 1.93879e-42 3.3518e-29 0
4180 0 0 1.26807e-42 8.00748e-30 0
4182.5 0 0 1.16983e-42 9.06609e-30 0
4185 0 0 2.34741e-42 2.00042e-29 0
4187.5 0 0 8.3258e-43 2.4971e-30 0
4190 0 0 2.1642e-43 5.9018e-29 0
4192.5 0 0 8.32813e-43 2.72888e-30 0
4195 0 0 5.8275e-43 2.27833e-29 0
4197.5 0 0 2.20572e-42 9.91305e-30 0
4200 0 0 1.71796e-42 6.27694e-30 0
4202.5 0 0 3.17861e-42 2.24323e-29 0
4205 0 0 1.28583e-42 2.13666e-29 0
4207.5 0 0 2.56855e-43 2.34098e-29 0
4210 0 0 1.03999e-42 1.14535e-29 0
4212.5 0 0 1.05464e-42 2.29211e-29 0
4215 0 0 2.3569e-42 2.32533e-29 0
4217.5 0 0 1.07759e-43 2.40461e-29 0
4220 0 0 2.9128e-44 9.70289e-30 0
4222.5 0 0 2.11225e-42 2.01188e-29 0
4225 0 0 1.18841e-43 1.89763e-30 0
4227.5 0 0 5.67483e-42 5.62899e-30 0
4230 0 0 3.46832e-43 2.83678e-29 0
4232.5 0 0 1.12085e-42 2.21148e-30 0
4235 0 0 1.31154e-42 3.12966e-29 0
4237.5 0 0 6.32023e-43 1.03954e-29 0
4240 0 0 1.72192e-42 3.15676e-29 0
4242.5 0 0 3.44654e-42 1.64037e-29 0
4245 0 0 2.02381e-42 4.56667e-32 0
4247.5 0 0 1.16656e-42 1.17314e-29 0
4250 0 0 3.54845e-42 9.61997e-30 0
4252.5 0 0 3.12337e-42 1.02455e-29 0
4255 0 0 3.82338e-42 5.8285e-31 0
4257.5 0 0 1.14503e-42 5.58255e-30 0
4260 0 0 1.32855e-42 1.70329e-29 0
4262.5 0 0 4.78677e-43 1.33221e-30 0
4265 0 0 7.73674e-43 3.74438e-29 0
4267.5 0 0 5.55375e-42 2.76237e-30 0
4270 0 0 4.66477e-43 6.61131e-30 0
4272.5 0 0 3.61334e-42 5.29868e-30 0
4275 0 0 1.665e-42 1.05038e-29 0
4277.5 0 0 3.25251e-42 6.36621e-30 0
4280 0 0 2.85963e-42 3.68151e-29 0
4282.5 0 0 3.22094e-43 5.51909e-30 0
4285 0 0 2.08096e-42 3.96708e-30 0
4287.5 0 0 8.72169e-43 2.66273e-29 0
4290 0 0 5.6238e-43 2.88838e-29 0
4292.5 0 0 9.0157e-43 2.00889e-29 0
4295 0 0 2.54287e-42 2.22568e-29 0
4297.5 0 0 6.26797e-43 1.39868e-31 0
4300 0 0 8.0608e-43 4.35799e-29 0
4302.5 0 0 2.83096e-42 1.9811e-29 0
4305 0 0 3.58773e-43 9.11832e-29 0
4307.5 0 0 3.26948e-43 3.43762e-30 0
4310 0 0 8.60914e-43 1.2285e-28 0
4312.5 0 0 4.34907e-43 2.548e-29 0
4315 0 0 5.66701e-43 6.83997e-29 0
4317.5 0 0 2.39871e-42 2.1927e-28 0
4320 0 0 1.45073e-42 3.32777e-29 0
4322.5 0 0 1.57358e-43 1.42291e-28 0
4325 0 0 4.10057e-42 3.39034e-29 0
4327.5 0 0 2.50775e-42 1.22124e-28 0
4330 0 0 1.82009e-42 2.80863e-28 0
4332.5 0 0 2.94753e-42 2.98619e-28 0
4335 0 0 4.8418e-43 9.39515e-29 0
4337.5 0 0 8.63921e-43 2.13502e-28 0
4340 0 0 8.76481e-43 1.27312e-28 0
4342.5 0 0 7.54299e-42 8.28711e-29 0
4345 0 0 1.40194e-42 3.89438e-28 0
4347.5 0 0 4.2625e-42 1.72405e-28 0
4350 0 0 3.14919e-42 3.09764e-28 0
4352.5 0 0 2.91329e-42 1.42942e-29 0
4355 0 0 2.58027e-42 4.03959e-28 0
4357.5 0 0 4.08293e-43 5.18701e-28 0
4360 0 0 2.81653e-42 5.80339e-28 0
4362.5 0 0 7.63674e-43 4.59766e-28 0
4365 0 0 8.05031e-43 1.807e-28 0
4367.5 0 0 1.23127e-42 2.06858e-28 0
4370 0 0 3.43919e-42 1.39382e-29 0
4372.5 0 0 8.75323e-43 4.54513e-28 0
4375 0 0 2.5109e-43 5.29258e-29 0
4377.5 0 0 2.90169e-42 1.50928e-28 0
4380 0 0 1.75583e-43 6.52726e-28 0
4382.5 0 0 2.24054e-43 8.46944e-29 0
4385 0 0 1.14986e-42 2.62426e-28 0
4387.5 0 0 5.43485e-43 1.3603e-28 0
4390 0 0 1.61839e-42 1.76732e-29 0
4392.5 0 0 3.05694e-42 1.69073e-28 0
4395 0 0 4.22908e-42 2.56082e-29 0
4397.5 0 0 1.06208e-42 9.5267e-29 0
4400 0 0 3.02549e-42 5.0124e-29 0
4402.5 0 0 2.94908e-42 5.86113e-29 0
4405 0 0 3.07774e-43 1.56128e-28 0
4407.5 0 0 5.30665e-42 6.16255e-29 0
4410 0 0 1.37083e-42 2.84963e-28 0
4412.5 0 0 9.54303e-43 2.42451e-29 0
4415 0 0 2.35006e-43 2.91035e-28 0
4417.5 0 0 9.05427e-42 1.50026e-28 0
4420 0 0 9.61997e-44 3.35533e-29 0
4422.5 0 0 7.05375e-42 1.41722e-28 0
4425 0 0 2.91419e-42 2.45689e-29 0
4427.5 0 0 6.63885e-42 2.58492e-28 0
4430 0 0 2.05795e-42 1.29892e-30 0
4432.5 0 0 2.08041e-42 1.94901e-29 0
4435 0 0 3.17869e-42 1.76572e-28 0
4437.5 0 0 2.44075e-43 3.80555e-29 0
4440 0 0 6.85961e-43 2.60904e-28 0
4442.5 0 0 1.17746e-42 3.05913e-29 0
4445 0 0 6.66604e-42 2.97785e-28 0
4447.5 0 0 3.09079e-42 1.14386e-29 0
4450 0 0 3.45811e-42 1.02948e-28 0
4452.5 0 0 1.76187e-42 2.27228e-29 0
4455 0 0 5.19293e-43 1.33909e-28 0
4457.5 0 0 5.0024e-42 1.23094e-29 0
4460 0 0 2.39555e-42 2.17309e-29 0
4462.5 0 0 1.86026e-42 2.85971e-28 0
4465 0 0 2.64701e-42 5.05755e-29 0
4467.5 0 0 2.57503e-43 3.98929e-28 0
4470 0 0 2.08081e-42 3.80356e-29 0
4472.5 0 0 3.52675e-43 2.14392e-28 0
4475 0 0 2.20311e-42 5.47365e-29 0
4477.5 0 0 1.2206e-42 9.65668e-29 0
4480 0 0 1.56066e-42 1.37835e-28 0
4482.5 0 0 4.78969e-42 4.70347e-29 0
4485 0 0 4.18925e-42 6.85578e-30 0
4487.5 0 0 1.23698e-42 3.71698e-30 0
4490 0 0 5.78136e-42 1.53314e-28 0
4492.5 0 0 2.7331e-42 4.9342e-29 0
4495 0 0 2.37575e-42 2.605e-28 0
4497.5 0 0 2.1033e-42 1.7503e-28 0
4500 0 0 1.48966e-42 5.30552e-29 0
4502.5 0 0 1.35443e-42 4.37155e-29 0
4505 0 0 2.40814e-42 1.10551e-28 0
4507.5 0 0 9.94859e-43 1.83109e-28 0
4510 0 0 3.26613e-42 7.51603e-29 0
4512.5 0 0 1.83739e-42 5.24448e-29 0
4515 0 0 3.92409e-43 6.49867e-29 0
4517.5 0 0 3.26693e-42 5.84557e-29 0
4520 0 0 8.75702e-44 5.27219e-30 0
4522.5 0 0 9.84808e-42 2.5005e-28 0
4525 0 0 9.03238e-43 2.10612e-28 0
4527.5 0 0 4.79065e-43 4.38432e-29 0
4530 0 0 7.85062e-44 6.62476e-30 0
4532.5 0 0 3.60483e-42 5.44675e-29 0
4535 0 0 1.07874e-42 6.78403e-29 0
4537.5 0 0 7.03203e-43 8.84301e-29 0
4540 0 0 4.04551e-42 1.8566e-28 0
4542.5 0 0 2.69019e-42 1.24158e-28 0
4545 0 0 2.9657e-42 2.71781e-29 0
4547.5 0 0 1.56078e-42 2.63138e-30 0
4550 0 0 3.32559e-42 3.16445e-28 0
4552.5 0 0 1.61351e-42 3.93283e-29 0
4555 0 0 3.96753e-43 1.31121e-28 0
4557.5 0 0 4.12446e-42 5.60626e-29 0
4560 0 0 2.19863e-42 1.87772e-29 0
4562.5 0 0 2.19718e-42 8.42479e-30 0
4565 0 0 6.19068e-42 6.74933e-29 0
4567.5 0 0 1.67001e-42 1.41981e-28 0
4570 0 0 3.06396e-43 1.05244e-28 0
4572.5 0 0 1.26915e-42 9.13685e-29 0
4575 0 0 2.49929e-42 2.81051e-30 0
4577.5 0 0 5.53979e-43 1.84988e-28 0
4580 0 0 3.41612e-43 2.50386e-29 0
4582.5 0 0 4.89202e-42 1.3981e-28 0
4585 0 0 1.52554e-42 1.42897e-28 0
4587.5 0 0 4.43817e-42 4.85474e-29 0
4590 0 0 9.94886e-43 8.21157e-29 0
4592.5 0 0 4.2134e-42 9.85248e-29 0
4595 0 0 2.66691e-43 2.08077e-29 0
4597.5 0 0 5.9828e-42 1.19387e-28 0
4600 0 0 2.07686e-42 1.25122e-28 0
4602.5 0 0 3.29171e-42 2.14895e-29 0
4605 0 0 4.27788e-43 6.94073e-29 0
4607.5 0 0 6.2391e-43 6.57508e-29 0
4610 0 0 8.67799e-42 1.80095e-29 0
4612.5 0 0 2.27567e-42 1.28951e-28 0
4615 0 0 1.52353e-42 1.48875e-28 0
4617.5 0 0 3.4879e-42 1.38983e-28 0
4620 0 0 9.63251e-43 8.7827e-29 0
4622.5 0 0 4.33199e-43 4.89722e-29 0
4625 0 0 2.28621e-42 8.15528e-29 0
4627.5 0 0 3.61521e-42 4.94274e-29 0
4630 0 0 4.78221e-42 4.82037e-29 0
4632.5 0 0 1.95309e-42 8.54632e-29 0
4635 0 0 5.98175e-42 4.37097e-29 0
4637.5 0 0 4.51507e-42 3.96019e-29 0
4640 0 0 5.42729e-42 2.3956e-29 0
4642.5 0 0 5.72183e-43 3.91626e-29 0
4645 0 0 6.75309e-43 2.82409e-29 0
4647.5 0 0 2.79637e-42 4.76681e-29 0
4650 0 0 3.95684e-42 2.0532e-28 0
4652.5 0 0 3.1892e-43 3.65554e-29 0
4655 0 0 4.17164e-43 1.65762e-28 0
4657.5 0 0 7.56031e-42 9.70512e-31 0
4660 0 0 1.06885e-42 5.41497e-29 0
4662.5 0 0 3.68093e-42 6.8569e-29 0
4665 0 0 8.55588e-43 1.33783e-28 0
4667.5 0 0 9.14799e-43 1.02945e-28 0
4670 0 0 1.03883e-42 5.59476e-29 0
4672.5 0 0 5.76298e-42 1.64393e-28 0
4675 0 0 7.70582e-42 2.32516e-29 0
4677.5 0 0 9.41926e-43 6.12882e-29 0
4680 0 0 1.25374e-42 1.54272e-28 0
4682.5 0 0 3.86302e-43 8.41473e-29 0
4685 0 0 4.36809e-43 3.61954e-29 0
4687.5 0 0 1.19096e-42 1.03799e-28 0
4690 0 0 2.98444e-42 2.49303e-29 0
4692.5 0 0 6.01576e-42 2.05862e-29 0
4695 0 0 2.00708e-42 1.0534e-28 0
4697.5 0 0 2.35386e-42 1.62544e-28 0
4700 0 0 4.28285e-43 1.20145e-28 0
4702.5 0 0 1.58527e-43 4.82177e-29 0
4705 0 0 5.30093e-42 7.81483e-29 0
4707.5 0 0 1.05435e-42 3.23669e-29 0
4710 0 0 1.95807e-42 1.17254e-29 0
4712.5 0 0 7.63087e-42 1.20867e-29 0
4715 0 0 1.46657e-42 9.47289e-29 0
4717.5 0 0 7.17142e-42 6.97994e-29 0
4720 0 0 2.30704e-42 1.28233e-28 0
4722.5 0 0 5.37501e-42 4.83235e-29 0
4725 0 0 1.25857e-42 6.00515e-31 0
4727.5 0 0 1.76214e-42 7.95907e-29 0
4730 0 0 7.17068e-42 5.74247e-29 0
4732.5 0 0 4.32077e-42 9.10741e-29 0
4735 0 0 2.16032e-42 1.48526e-29 0
4737.5 0 0 1.18786e-42 8.70172e-29 0
4740 0 0 6.14252e-42 3.75175e-29 0
4742.5 0 0 1.911e-42 6.7535e-29 0
4745 0 0 2.8179e-42 4.47942e-29 0
4747.5 0 0 1.47172e-42 5.97209e-29 0
4750 0 0 2.6658e-43 5.32285e-29 0
4752.5 0 0 4.66873e-42 1.66824e-28 0
4755 0 0 1.55186e-42 1.67388e-28 0
4757.5 0 0 2.13685e-42 4.12455e-29 0
4760 0 0 1.03161e-42 8.2053e-29 0
4762.5 0 0 5.72098e-42 8.42111e-29 0
4765 0 0 3.72023e-42 2.62911e-29 0
4767.5 0 0 1.31603e-42 1.9211e-29 0
4770 0 0 9.35057e-43 6.76994e-29 0
4772.5 0 0 1.50546e-42 6.33525e-29 0
4775 0 0 4.01699e-42 9.04175e-29 0
4777.5 0 0 3.1366e-42 9.70488e-29 0
4780 0 0 9.96984e-42 1.58285e-29 0
4782.5 0 0 1.48513e-42 4.47103e-29 0
4785 0 0 6.4748e-42 3.12696e-29 0
4787.5 0 0 3.67277e-42 5.3418e-29 0
4790 0 0 1.84612e-42 1.71587e-29 0
4792.5 0 0 3.41068e-42 7.47956e-29 0
4795 0 0 4.52505e-42 6.59646e-29 0
4797.5 0 0 2.05503e-42 3.13048e-29 0
4800 0 0 5.86198e-42 3.91906e-30 0
4802.5 0 0 9.73386e-43 6.3671e-29 0
4805 0 0 3.01165e-43 3.22741e-29 0
4807.5 0 0 3.27745e-42 1.05891e-28 0
4810 0 0 2.27985e-42 9.81808e-29 0
4812.5 0 0 5.18739e-42 7.15703e-29 0
4815 0 0 8.40571e-43 1.54492e-28 0
4817.5 0 0 7.88186e-42 1.20113e-28 0
4820 0 0 9.89363e-43 5.37228e-29 0
4822.5 0 0 2.25724e-43 2.72643e-29 0
4825 0 0 1.98678e-42 2.74819e-29 0
4827.5 0 0 9.38286e-43 9.39925e-29 0
4830 0 0 2.10003e-42 3.05116e-29 0
4832.5 0 0 6.85591e-43 1.83883e-28 0
4835 0 0 1.0469e-41 1.20393e-28 0
4837.5 0 0 3.40116e-42 1.05097e-28 0
4840 0 0 6.70078e-42 4.43481e-30 0
4842.5 0 0 1.69369e-42 1.63373e-30 0
4845 0 0 2.08096e-42 3.63742e-29 0
4847.5 0 0 4.83163e-42 1.43828e-28 0
4850 0 0 1.96831e-43 6.26194e-29 0
4852.5 0 0 2.67326e-42 9.01327e-30 0
4855 0 0 3.27561e-42 7.61516e-29 0
4857.5 0 0 5.13196e-42 4.89439e-29 0
4860 0 0 7.88816e-43 1.48084e-29 0
4862.5 0 0 3.31673e-42 5.96461e-31 0
4865 0 0 2.40515e-43 2.87479e-29 0
4867.5 0 0 4.25043e-42 6.44893e-29 0
4870 0 0 6.31426e-42 6.02604e-29 0
4872.5 0 0 2.36024e-42 1.0961e-28 0
4875 0 0 2.88904e-42 3.82392e-29 0
4877.5 0 0 2.7494e-43 6.85068e-29 0
4880 0 0 1.92428e-42 1.41168e-29 0
4882.5 0 0 6.33934e-42 2.38819e-29 0
4885 0 0 1.59102e-42 5.40902e-29 0
4887.5 0 0 4.55044e-42 1.39373e-28 0
4890 0 0 3.09097e-42 1.11388e-28 0
4892.5 0 0 5.10458e-43 7.74088e-29 0
4895 0 0 3.48513e-42 1.79349e-29 0
4897.5 0 0 2.31922e-42 2.16601e-29 0
4900 0 0 1.53528e-42 8.03768e-29 0
4902.5 0 0 7.34214e-42 7.60297e-29 0
4905 0 0 2.0062e-42 8.80397e-29 0
4907.5 0 0 5.81155e-42 1.39898e-28 0
4910 0 0 1.06365e-42 1.57132e-28 0
4912.5 0 0 5.46492e-42 1.32273e-29 0
4915 0 0 2.14652e-42 7.54073e-30 0
4917.5 0 0 2.92631e-42 9.651e-29 0
4920 0 0 2.01523e-42 7.38921e-30 0
4922.5 0 0 3.37167e-43 4.12188e-29 0
4925 0 0 1.00107e-41 1.7321e-29 0
4927.5 0 0 4.48537e-42 1.0795e-28 0
4930 0 0 5.87087e-42 1.42434e-28 0
4932.5 0 0 2.16743e-43 4.29267e-29 0
4935 0 0 1.22016e-42 6.90136e-29 0
4937.5 0 0 4.22992e-42 7.31082e-29 0
4940 0 0 4.92875e-42 1.3989e-28 0
4942.5 0 0 5.71553e-42 5.30181e-30 0
4945 0 0 4.97945e-42 5.65777e-29 0
4947.5 0 0 5.13867e-42 1.82244e-29 0
4950 0 0 4.61734e-43 1.52932e-28 0
4952.5 0 0 5.08038e-44 2.39272e-29 0
4955 0 0 3.49631e-42 2.50192e-29 0
4957.5 0 0 1.72924e-42 8.5208e-29 0
4960 0 0 1.94408e-42 2.86614e-29 0
4962.5 0 0 2.64823e-43 1.29396e-28 0
4965 0 0 8.32107e-42 2.91682e-29 0
4967.5 0 0 3.17605e-42 7.26215e-29 0
4970 0 0 2.30128e-42 9.33975e-30 0
4972.5 0 0 6.78048e-42 3.21064e-29 0
4975 0 0 4.24298e-43 9.7533e-29 0
4977.5 0 0 6.0431e-42 1.19905e-28 0
4980 0 0 2.86051e-42 3.31263e-29 0
4982.5 0 0 9.41961e-43 9.18017e-29 0
4985 0 0 2.44056e-42 3.22283e-29 0
4987.5 0 0 3.79826e-42 1.20347e-31 0
4990 0 0 2.25597e-42 4.08026e-29 0
4992.5 0 0 5.71618e-43 3.28065e-29 0
4995 0 0 3.07991e-42 1.54888e-28 0
4997.5 0 0 1.22012e-42 6.18378e-29 0
