0 0 0 0
2.5 1.31942e-38 1.31237e-34 3.0939e-35
5 9.86501e-39 4.5499e-35 4.58338e-35
7.5 1.46915e-38 1.85732e-34 5.2584e-35
10 1.66303e-38 5.27223e-34 9.41278e-35
12.5 8.86838e-39 1.09765e-34 6.09109e-35
15 1.17147e-38 5.91852e-35 6.48319e-35
17.5 1.08654e-38 1.5237e-34 4.82077e-35
20 1.07593e-38 2.77477e-34 1.09854e-34
22.5 7.94528e-39 1.40966e-34 5.10946e-35
25 9.76644e-39 9.77736e-36 1.12357e-34
27.5 9.32203e-39 4.17251e-35 5.24349e-35
30 7.19277e-39 5.02912e-34 5.24027e-35
32.5 6.35759e-39 1.05308e-34 2.63208e-35
35 8.94448e-39 1.15463e-34 5.82996e-35
37.5 1.03592e-38 5.80431e-34 2.01993e-34
40 1.37366e-38 1.46918e-34 2.13778e-34
42.5 8.65995e-39 8.47008e-35 7.71747e-35
45 5.21744e-39 1.68828e-34 4.7513e-35
47.5 8.71446e-39 1.27018e-34 4.64533e-35
50 9.39237e-39 5.41737e-34 1.65597e-34
52.5 7.53962e-39 4.8138e-35 5.03136e-35
55 7.45637e-39 1.01947e-34 3.94776e-35
57.5 1.17185e-38 2.3282e-34 1.22962e-34
60 5.69786e-39 3.7792e-34 8.77203e-35
62.5 1.2042e-38 2.1011e-34 1.58851e-34
65 6.63401e-39 2.72736e-34 5.2405e-35
67.5 4.8949e-39 5.86946e-35 4.63134e-35
70 8.10104e-39 4.56529e-34 1.15244e-34
72.5 7.27426e-39 3.30945e-34 7.1012e-35
75 9.01869e-39 5.45411e-35 1.05384e-34
77.5 7.32737e-39 2.79221e-34 8.65361e-35
80 6.89021e-39 2.30395e-34 1.01515e-34
82.5 6.40266e-39 1.15573e-34 6.78004e-35
85 7.30194e-39 6.00851e-34 5.18968e-35
87.5 9.28881e-39 2.54365e-34 1.01878e-34
90 7.89489e-39 2.44149e-34 1.11719e-34
92.5 7.65076e-39 2.95147e-34 4.04598e-35
95 9.42297e-39 1.07625e-34 1.10719e-34
97.5 9.45374e-39 3.62294e-34 1.21521e-34
100 8.73343e-39 3.04263e-34 1.35182e-34
102.5 7.16451e-39 2.12917e-34 1.13881e-34
105 6.66046e-39 1.77293e-34 5.12845e-35
107.5 1.15348e-38 1.8883e-34 2.27845e-34
110 6.73138e-39 4.04525e-34 6.97936e-35
112.5 6.33805e-39 2.59783e-34 4.46923e-35
115 9.92781e-39 2.17076e-34 1.18599e-34
117.5 8.12834e-39 4.07381e-34 7.42644e-35
120 1.16104e-38 5.19182e-34 1.93716e-34
122.5 7.18404e-39 1.32131e-34 5.12174e-35
125 6.61469e-39 3.28936e-34 2.61555e-35
127.5 5.87669e-39 4.28284e-34 5.99194e-35
130 7.16213e-39 2.17101e-34 7.40921e-35
132.5 8.46533e-39 2.54304e-34 1.40561e-34
135 7.33607e-39 1.74937e-34 1.42157e-34
137.5 9.98352e-39 4.8517e-34 1.21001e-34
140 6.44141e-39 2.55705e-34 8.95769e-35
142.5 8.149e-39 2.27122e-34 5.19932e-35
145 8.31052e-39 3.15132e-34 1.51979e-34
147.5 7.22986e-39 6.38327e-34 7.55836e-35
150 7.34034e-39 1.36141e-34 7.17314e-35
152.5 6.91117e-39 2.16947e-34 8.12559e-35
155 8.24709e-39 5.31641e-34 1.15097e-34
157.5 1.0355e-38 4.79694e-34 1.87835e-34
160 6.76621e-39 7.35909e-35 3.91027e-35
162.5 7.39124e-39 3.53751e-34 6.37553e-35
165 7.29609e-39 3.61542e-34 6.02901e-35
167.5 7.23066e-39 4.26206e-34 5.66105e-35
170 8.12875e-39 2.58049e-35 1.33867e-34
172.5 6.69897e-39 2.27368e-34 4.14258e-35
175 9.37984e-39 8.8801e-34 1.30412e-34
177.5 6.50506e-39 4.42942e-34 5.28763e-35
180 8.84953e-39 3.1799e-34 5.54972e-35
182.5 8.19266e-39 9.59909e-35 1.25816e-34
185 6.62483e-39 5.25805e-34 7.98754e-35
187.5 1.01883e-38 2.70672e-34 8.39333e-35
190 6.99076e-39 1.23043e-34 1.01654e-34
192.5 7.78326e-39 3.90418e-34 5.32984e-35
195 8.46909e-39 4.56968e-34 1.86897e-34
197.5 8.13729e-39 3.0054e-34 5.525e-35
200 7.04446e-39 2.38615e-35 8.62338e-35
202.5 7.23577e-39 8.75789e-34 9.1619e-35
205 5.2704e-39 6.25465e-34 5.37895e-35
207.5 6.63426e-39 4.25659e-35 6.08551e-35
210 5.91136e-39 4.70934e-34 2.18404e-35
212.5 5.12805e-39 1.90644e-34 4.25121e-35
215 6.82719e-39 2.14979e-34 2.44463e-34
217.5 7.44001e-39 3.37514e-34 8.0637e-35
220 1.03577e-38 2.4502e-35 1.66467e-34
222.5 7.3234e-39 8.86785e-34 9.91916e-35
225 8.41461e-39 6.03816e-34 7.18542e-35
227.5 9.52403e-39 1.07816e-34 1.51464e-34
230 6.50425e-39 6.86352e-34 3.41348e-35
232.5 6.18596e-39 2.60074e-34 3.17495e-35
235 7.08803e-39 3.68074e-34 2.92558e-34
237.5 5.15342e-39 2.13853e-34 5.24591e-35
240 1.05006e-38 1.31717e-34 2.25877e-34
242.5 6.71358e-39 2.51772e-34 6.69497e-35
245 7.38309e-39 6.20935e-34 6.56336e-35
247.5 7.89195e-39 6.38423e-35 4.81217e-35
250 8.02929e-39 9.22197e-34 9.13269e-35
252.5 7.6441e-39 1.54967e-34 6.39742e-35
255 1.01913e-38 2.31509e-34 3.29115e-34
257.5 6.15391e-39 8.61234e-34 4.91407e-35
260 8.35223e-39 8.11969e-35 1.22226e-34
262.5 5.41973e-39 5.9466e-34 7.56382e-35
265 9.74431e-39 6.25752e-34 1.138e-34
267.5 5.4389e-39 5.45787e-35 5.20861e-35
270 6.93956e-39 3.44612e-34 6.00191e-35
272.5 5.40573e-39 1.96742e-34 4.8436e-35
275 6.19178e-39 2.8789e-34 2.33176e-34
277.5 7.89192e-39 5.20906e-34 1.14026e-34
280 7.37672e-39 2.14586e-34 7.57928e-35
282.5 6.04111e-39 2.39933e-34 1.0802e-34
285 6.29234e-39 1.13151e-33 9.18228e-35
287.5 7.22607e-39 3.09852e-34 6.29149e-35
290 8.98072e-39 2.99688e-34 1.39465e-34
292.5 4.93786e-39 2.08244e-34 3.082e-35
295 7.42667e-39 1.24686e-34 1.88349e-34
297.5 4.5875e-39 1.97665e-34 1.9735e-35
300 7.98902e-39 3.19178e-34 6.49927e-35
302.5 7.61067e-39 3.50974e-34 1.6166e-34
305 6.97513e-39 1.43142e-33 1.39615e-34
307.5 6.78717e-39 5.23299e-35 4.94679e-35
310 9.3019e-39 3.34975e-34 1.2854e-34
312.5 5.03762e-39 4.7116e-34 2.93951e-35
315 7.29719e-39 2.90683e-34 1.47064e-34
317.5 4.10145e-39 2.79651e-35 2.14542e-35
320 7.23353e-39 1.04611e-34 2.23339e-35
322.5 6.15181e-39 2.25888e-34 1.44004e-34
325 7.96284e-39 4.39268e-34 1.1251e-34
327.5 7.72672e-39 3.1054e-34 5.39721e-35
330 6.88369e-39 6.49143e-35 7.36148e-35
332.5 9.33679e-39 1.48262e-33 4.3694e-35
335 6.24706e-39 3.15454e-34 1.34958e-34
337.5 5.86169e-39 2.44216e-34 5.21259e-35
340 7.41041e-39 3.78717e-34 6.82174e-35
342.5 6.3976e-39 1.02096e-34 2.09209e-34
345 5.93059e-39 2.70051e-34 1.04459e-34
347.5 7.78195e-39 2.38087e-34 1.06201e-34
350 5.72032e-39 2.3219e-34 7.08883e-35
352.5 6.6433e-39 8.45616e-34 4.82137e-35
355 7.82679e-39 1.91593e-34 1.77061e-34
357.5 5.86632e-39 2.12404e-34 4.46033e-35
360 8.1054e-39 6.59874e-34 7.16223e-35
362.5 6.83286e-39 2.92043e-34 2.02898e-34
365 7.79698e-39 3.71137e-34 9.83985e-35
367.5 6.04191e-39 2.82289e-34 5.15926e-35
370 8.12183e-39 6.56551e-35 1.0117e-34
372.5 5.65954e-39 4.51604e-34 4.53688e-35
375 6.39607e-39 4.92113e-34 2.09752e-34
377.5 6.84404e-39 1.30433e-34 7.04108e-35
380 6.81609e-39 1.22569e-33 3.50286e-35
382.5 7.50525e-39 2.18363e-34 1.83256e-34
385 7.64716e-39 3.12563e-34 5.92721e-35
387.5 7.225e-39 4.9893e-34 4.959e-35
390 6.79719e-39 1.12321e-34 6.90499e-35
392.5 1.01967e-38 4.22743e-34 7.77e-35
395 5.83716e-39 2.71961e-34 1.86082e-34
397.5 8.90755e-39 1.88848e-34 1.29357e-34
400 7.78189e-39 6.42386e-34 3.19836e-35
402.5 8.75533e-39 2.61155e-34 1.82357e-34
405 6.64812e-39 4.77828e-34 2.26896e-35
407.5 5.90668e-39 5.04264e-34 4.9588e-35
410 7.45519e-39 2.36328e-34 1.04014e-34
412.5 7.57426e-39 3.90045e-34 5.73923e-35
415 7.58533e-39 6.6942e-34 1.62576e-34
417.5 6.11765e-39 1.10359e-34 8.15938e-35
420 5.75827e-39 5.50239e-34 3.41505e-35
422.5 8.12107e-39 5.48365e-34 1.14482e-34
425 6.02228e-39 3.24199e-34 4.173e-35
427.5 5.54908e-39 6.14449e-34 3.62099e-35
430 9.33774e-39 2.13276e-34 1.44432e-34
432.5 7.54836e-39 2.9065e-34 6.85048e-35
435 7.68785e-39 1.59201e-34 1.17656e-34
437.5 7.27573e-39 9.50733e-35 6.4389e-35
440 6.06607e-39 6.53982e-34 3.75131e-35
442.5 6.59788e-39 6.65007e-34 3.29765e-35
445 6.36579e-39 2.799e-34 3.10866e-35
447.5 5.23918e-39 4.3993e-34 4.15034e-35
450 8.32174e-39 4.48698e-34 1.55976e-34
452.5 7.55106e-39 1.86693e-34 7.38549e-35
455 8.31672e-39 3.11581e-34 9.13612e-35
457.5 8.19312e-39 4.27343e-34 6.0142e-35
460 9.88731e-39 5.44635e-34 7.03791e-35
462.5 7.19392e-39 3.87991e-34 5.53576e-35
465 7.55743e-39 1.67998e-34 3.34007e-35
467.5 7.48792e-39 1.69465e-34 7.92197e-35
470 7.49291e-39 9.55678e-34 1.85481e-34
472.5 8.76461e-39 1.56284e-34 5.93726e-35
475 5.57751e-39 3.40245e-34 7.50303e-35
477.5 6.91768e-39 1.63581e-34 3.3731e-35
480 8.6003e-39 6.79246e-34 6.42939e-35
482.5 6.90515e-39 2.22802e-34 6.66609e-35
485 7.26047e-39 1.99824e-34 5.01081e-35
487.5 6.24873e-39 3.63855e-34 7.13844e-35
490 9.02435e-39 6.214e-34 2.34658e-34
492.5 7.12093e-39 7.60205e-35 4.62353e-35
495 7.4514e-39 1.57587e-34 9.66733e-35
497.5 6.00195e-39 9.47248e-34 1.73868e-35
500 7.7041e-39 7.74597e-34 5.61432e-35
502.5 7.41562e-39 2.77283e-34 7.9833e-35
505 6.68708e-39 3.09117e-34 3.521e-35
507.5 4.83996e-39 4.81815e-35 5.88275e-35
510 9.33844e-39 2.64926e-35 2.14761e-34
512.5 6.75621e-39 2.08011e-34 5.39133e-35
515 8.16852e-39 3.45241e-34 9.47043e-35
517.5 8.06604e-39 1.17806e-33 4.76633e-35
520 4.88282e-39 6.4448e-34 4.46987e-35
522.5 8.42152e-39 1.59455e-34 1.23289e-34
525 7.44806e-39 3.88205e-34 4.07195e-35
527.5 6.76937e-39 1.94204e-34 4.48644e-35
530 5.92677e-39 4.09486e-34 1.70194e-34
532.5 9.4725e-39 2.94238e-34 3.6972e-35
535 5.86123e-39 2.51542e-34 6.22835e-35
537.5 1.06447e-38 2.08049e-34 3.81793e-35
540 6.88728e-39 8.43672e-34 4.18315e-35
542.5 1.01206e-38 1.32889e-34 1.21153e-34
545 7.60356e-39 1.08661e-33 8.69068e-35
547.5 7.06899e-39 2.3346e-34 4.90092e-35
550 6.48583e-39 2.53527e-35 1.30234e-34
552.5 5.90648e-39 2.91201e-34 4.56021e-35
555 5.67953e-39 2.14213e-34 3.96011e-35
557.5 6.31756e-39 4.93175e-34 2.33806e-35
560 5.65932e-39 5.97159e-34 3.41968e-35
562.5 9.7867e-39 3.28185e-34 8.3963e-35
565 6.07062e-39 7.56283e-34 1.07481e-34
567.5 6.88991e-39 1.30062e-34 4.00991e-35
570 7.63322e-39 1.34383e-34 7.40447e-35
572.5 4.96755e-39 6.58193e-34 4.27118e-35
575 6.22841e-39 3.35904e-34 3.45744e-35
577.5 7.49465e-39 2.2008e-34 4.31409e-35
580 4.27888e-39 3.79824e-34 4.80455e-35
582.5 1.04243e-38 3.15074e-34 8.96081e-35
585 8.09153e-39 2.06061e-34 1.44557e-34
587.5 6.53093e-39 5.73634e-34 6.33881e-35
590 5.62287e-39 1.36211e-34 2.99944e-35
592.5 7.21382e-39 8.41157e-34 5.4118e-35
595 7.48456e-39 4.11547e-34 1.60826e-35
597.5 6.96506e-39 1.38462e-34 6.37743e-35
600 6.58234e-39 3.65274e-34 4.56977e-35
602.5 8.50788e-39 2.40021e-34 1.02621e-34
605 8.964e-39 5.348e-34 1.73031e-34
607.5 8.81601e-39 2.88543e-34 9.0104e-35
610 4.96379e-39 2.69589e-34 3.71575e-35
612.5 6.89653e-39 4.17844e-34 7.28727e-35
615 6.94636e-39 5.59196e-34 3.28071e-35
617.5 5.64687e-39 2.05125e-34 7.94225e-35
620 6.16849e-39 3.30571e-34 2.88294e-35
622.5 7.01134e-39 4.68098e-34 8.9779e-35
625 6.28914e-39 1.37248e-34 1.59252e-34
627.5 8.12016e-39 3.34166e-34 7.68254e-35
630 6.32605e-39 3.15416e-34 5.65186e-35
632.5 5.8092e-39 3.76642e-34 1.05013e-34
635 6.64042e-39 8.29381e-34 5.946e-35
637.5 7.7828e-39 5.38203e-35 1.2211e-34
640 6.52821e-39 6.26197e-34 3.73967e-35
642.5 8.08818e-39 5.40529e-34 8.74242e-35
645 8.65377e-39 2.58738e-34 1.46078e-34
647.5 6.02277e-39 3.06244e-34 5.11173e-35
650 8.17784e-39 2.04687e-34 5.83441e-35
652.5 5.62714e-39 2.15739e-34 1.28121e-34
655 5.43135e-39 5.19668e-34 6.05276e-35
657.5 6.60457e-39 3.48161e-34 1.23707e-34
660 7.38784e-39 2.47431e-34 3.88403e-35
662.5 8.47079e-39 6.68506e-34 7.90115e-35
665 9.42851e-39 2.45087e-34 1.30096e-34
667.5 8.12813e-39 4.07917e-34 6.24566e-35
670 7.73067e-39 6.26485e-34 6.24233e-35
672.5 9.03267e-39 1.76315e-34 1.77316e-34
675 8.28426e-39 4.79455e-34 5.70609e-35
677.5 7.81023e-39 8.3994e-35 1.09666e-34
680 5.13414e-39 4.28695e-34 1.74574e-35
682.5 6.79944e-39 9.20671e-34 3.40615e-35
685 6.37886e-39 1.618e-34 9.23584e-35
687.5 6.43576e-39 3.37527e-34 4.59608e-35
690 7.70763e-39 3.23969e-34 5.43284e-35
692.5 7.21764e-39 7.44214e-35 1.9896e-34
695 8.25595e-39 5.04322e-34 7.26949e-35
697.5 8.16329e-39 5.1142e-34 8.99449e-35
700 7.23487e-39 2.96117e-34 4.63904e-35
702.5 6.49214e-39 4.32299e-34 2.82636e-35
705 8.10148e-39 1.6602e-34 9.603e-35
707.5 6.70921e-39 1.92013e-34 5.83188e-35
710 6.11051e-39 7.53697e-34 3.95294e-35
712.5 6.08441e-39 2.16625e-34 1.82256e-34
715 6.75867e-39 3.51432e-34 6.24112e-35
717.5 7.23554e-39 5.71761e-34 6.59116e-35
720 4.51508e-39 1.89995e-34 3.86713e-35
722.5 8.22912e-39 7.09538e-34 7.39347e-35
725 6.24572e-39 2.05984e-34 1.11229e-34
727.5 1.17053e-38 1.97878e-34 1.01535e-34
730 6.58598e-39 4.90749e-34 5.44531e-35
732.5 8.4176e-39 9.04567e-35 1.63435e-34
735 9.30474e-39 1.3807e-34 4.38302e-35
737.5 7.53562e-39 2.92933e-34 6.03646e-35
740 7.25401e-39 2.96411e-34 2.11027e-35
742.5 7.93749e-39 8.09474e-34 1.04885e-34
745 7.34581e-39 5.60769e-34 1.19793e-34
747.5 8.78176e-39 9.39053e-35 1.08782e-34
750 7.9958e-39 4.21045e-34 7.01087e-35
752.5 9.90456e-39 1.14316e-34 1.38899e-34
755 1.05409e-38 2.88992e-34 5.67274e-35
757.5 6.50816e-39 7.16938e-34 7.92299e-35
760 7.27314e-39 2.77462e-34 4.89867e-35
762.5 6.59198e-39 1.41842e-34 1.27947e-34
765 7.12122e-39 3.69159e-34 1.30124e-34
767.5 8.73699e-39 1.65083e-34 8.38436e-35
770 5.88081e-39 7.66355e-34 6.95153e-35
772.5 8.32982e-39 4.78037e-34 6.98565e-35
775 8.85443e-39 1.16062e-34 6.18045e-35
777.5 7.6265e-39 1.99275e-34 8.96202e-35
780 8.89999e-39 1.30205e-34 7.85674e-35
782.5 7.3523e-39 6.08995e-34 1.50566e-34
785 7.79813e-39 4.00093e-34 1.38677e-34
787.5 5.80946e-39 3.4905e-34 7.30582e-35
790 5.95239e-39 4.18712e-34 6.75896e-35
792.5 6.12977e-39 4.76814e-34 4.74267e-35
795 7.70383e-39 3.46092e-34 4.81005e-35
797.5 7.65357e-39 6.06858e-34 9.11272e-35
800 8.14025e-39 2.32183e-34 7.05073e-35
802.5 7.48858e-39 1.57219e-34 1.13999e-34
805 8.38557e-39 2.47945e-34 1.03436e-34
807.5 9.64504e-39 3.8729e-34 5.74069e-35
810 7.207e-39 3.75944e-34 4.59955e-35
812.5 8.026e-39 4.46341e-34 4.90985e-35
815 6.63055e-39 2.88256e-34 7.43684e-35
817.5 7.13372e-39 5.2317e-34 7.83129e-35
820 1.0137e-38 3.51094e-34 1.0196e-34
822.5 7.63001e-39 3.00212e-34 7.28053e-35
825 6.0451e-39 3.07457e-34 8.357e-35
827.5 6.34944e-39 1.84457e-34 2.42086e-35
830 7.83065e-39 5.08175e-34 3.05064e-35
832.5 5.73592e-39 3.18533e-34 2.24627e-35
835 8.27769e-39 7.11043e-34 8.95048e-35
837.5 7.0257e-39 1.74014e-34 5.15448e-35
840 8.86864e-39 3.04563e-34 1.09754e-34
842.5 5.25397e-39 4.27358e-34 5.38916e-35
845 8.55563e-39 2.92017e-34 1.10247e-34
847.5 4.90707e-39 1.54176e-34 2.23471e-35
850 7.64539e-39 2.38047e-34 3.51201e-35
852.5 6.54902e-39 9.92517e-35 2.57127e-35
855 8.09e-39 6.40683e-34 6.91001e-35
857.5 7.24341e-39 5.23467e-34 2.4681e-35
860 7.74552e-39 5.95828e-34 8.09465e-35
862.5 6.78481e-39 2.03686e-34 3.72261e-35
865 6.13103e-39 2.60691e-34 1.31493e-34
867.5 8.72456e-39 2.12967e-34 4.0267e-35
870 6.70043e-39 6.0538e-34 4.53259e-35
872.5 6.61551e-39 1.25971e-34 4.52872e-35
875 9.21659e-39 2.17715e-34 6.6266e-35
877.5 7.31282e-39 8.23868e-35 2.88887e-35
880 8.20847e-39 2.00544e-34 6.43027e-35
882.5 7.89483e-39 1.10439e-33 3.73695e-35
885 8.57234e-39 1.31871e-34 1.71739e-34
887.5 6.87545e-39 4.71992e-34 1.7229e-35
890 9.32648e-39 3.08581e-34 5.53431e-35
892.5 6.39456e-39 1.03356e-34 2.23183e-35
895 6.45373e-39 3.04572e-34 5.03526e-35
897.5 7.37975e-39 3.85808e-34 3.34033e-35
900 9.42212e-39 1.27858e-34 6.76161e-35
902.5 5.59489e-39 3.52792e-34 3.87339e-35
905 1.40365e-38 1.68261e-34 2.31891e-34
907.5 6.90198e-39 8.5317e-34 1.85894e-35
910 7.22598e-39 7.77176e-34 5.85146e-35
912.5 8.76736e-39 8.17121e-35 2.28641e-35
915 3.96828e-39 3.41322e-34 2.39466e-35
917.5 5.40948e-39 2.44351e-34 2.49754e-35
920 7.13013e-39 1.61952e-34 3.68253e-35
922.5 5.77685e-39 5.93915e-35 2.84828e-35
925 7.99889e-39 1.35257e-34 2.08919e-34
927.5 4.8567e-39 1.80259e-34 3.35976e-35
930 5.8305e-39 1.11092e-33 4.7038e-35
932.5 6.6384e-39 4.64087e-35 3.68459e-35
935 6.76677e-39 1.22807e-33 4.06322e-35
937.5 6.53204e-39 1.37773e-34 3.88114e-35
940 7.07919e-39 1.68566e-34 2.30879e-35
942.5 7.46936e-39 9.41891e-35 2.73241e-35
945 9.02118e-39 2.46021e-34 1.52988e-34
947.5 7.49362e-39 3.29374e-34 2.56113e-35
950 7.0766e-39 2.00361e-34 2.52045e-35
952.5 7.14352e-39 6.58732e-35 2.47281e-35
955 7.04706e-39 6.75311e-34 5.85079e-35
957.5 9.04876e-39 8.62852e-34 3.94937e-35
960 5.71425e-39 1.39317e-34 3.53294e-35
962.5 6.9651e-39 3.30213e-34 3.19705e-35
965 9.71225e-39 1.30181e-34 1.24551e-34
967.5 7.19282e-39 4.70785e-34 3.50393e-35
970 6.30313e-39 7.82649e-35 2.43366e-35
972.5 5.80602e-39 1.56655e-34 1.84704e-35
975 5.83075e-39 4.0102e-34 7.39227e-35
977.5 6.74265e-39 5.23989e-34 1.40557e-35
980 8.47139e-39 1.2192e-34 3.35328e-35
982.5 6.34478e-39 9.8109e-34 4.08152e-35
985 9.28561e-39 3.02087e-34 8.21519e-35
987.5 8.9934e-39 7.51539e-35 5.9635e-35
990 8.36837e-39 9.11628e-35 4.49781e-35
992.5 8.38544e-39 2.46006e-34 4.94856e-35
995 7.42973e-39 6.24643e-34 9.70419e-35
997.5 6.46646e-39 9.27257e-35 3.19874e-35
1000 6.03468e-39 2.13761e-35 2.52208e-35
1002.5 8.03072e-39 8.56781e-35 6.6825e-35
1005 7.14358e-39 7.00557e-34 5.18619e-35
1007.5 6.44915e-39 6.09242e-34 4.95798e-35
1010 1.14968e-38 5.89271e-34 4.76846e-35
1012.5 6.61253e-39 1.84783e-34 5.80065e-35
1015 1.00316e-38 1.59727e-34 9.75027e-35
1017.5 9.08228e-39 1.07018e-34 4.99071e-35
1020 6.71384e-39 2.35428e-34 6.12218e-35
1022.5 6.80614e-39 6.01642e-34 9.67572e-35
1025 9.13286e-39 3.71105e-34 8.05877e-35
1027.5 6.0313e-39 1.3384e-34 4.56737e-35
1030 6.87912e-39 2.53185e-34 5.0224e-35
1032.5 1.19029e-38 2.51027e-34 5.41001e-35
1035 8.5781e-39 5.1628e-34 9.00608e-35
1037.5 6.70938e-39 2.13185e-34 3.14676e-35
1040 1.05702e-38 2.91103e-34 6.56861e-35
1042.5 7.98183e-39 4.2576e-34 1.07274e-34
1045 1.02855e-38 3.30797e-34 1.00112e-34
1047.5 6.38794e-39 1.85784e-34 4.95792e-35
1050 8.13338e-39 3.25186e-34 6.60331e-35
1052.5 8.13704e-39 4.58215e-34 6.55436e-35
1055 5.8626e-39 6.69278e-34 9.37049e-35
1057.5 7.82609e-39 2.23562e-34 4.49775e-35
1060 6.09333e-39 9.09894e-35 5.32229e-35
1062.5 6.22359e-39 1.46786e-34 1.03857e-34
1065 8.25205e-39 2.7256e-34 8.15578e-35
1067.5 7.22869e-39 5.62695e-34 3.84278e-35
1070 9.03285e-39 3.95695e-34 4.03409e-35
1072.5 9.3806e-39 3.94171e-34 6.38738e-35
1075 7.17087e-39 1.20182e-34 1.10424e-34
1077.5 1.0655e-38 3.57575e-35 5.83123e-35
1080 7.32684e-39 1.08906e-34 5.86752e-35
1082.5 9.11365e-39 1.03272e-33 1.14214e-34
1085 8.74032e-39 3.39763e-34 7.96457e-35
1087.5 6.35981e-39 1.26651e-34 2.98585e-35
1090 1.08999e-38 8.5411e-35 4.06936e-35
1092.5 8.78576e-39 4.62858e-34 2.99029e-35
1095 6.9308e-39 5.80787e-34 1.19133e-34
1097.5 6.45551e-39 2.14191e-34 3.7067e-35
1100 6.64701e-39 3.56922e-34 4.64464e-35
1102.5 8.90016e-39 3.3061e-34 9.17702e-35
1105 7.306e-39 1.02155e-34 8.52515e-35
1107.5 6.83403e-39 9.74223e-35 3.55291e-35
1110 7.58597e-39 4.53685e-34 6.95297e-35
1112.5 1.12742e-38 3.29659e-34 3.64809e-35
1115 8.79197e-39 4.98608e-34 1.3553e-34
1117.5 8.62737e-39 1.1013e-35 4.95066e-35
1120 7.16939e-39 5.12686e-34 2.9297e-35
1122.5 9.1571e-39 3.11562e-34 6.49158e-35
1125 6.6318e-39 1.96736e-34 7.25604e-35
1127.5 7.08241e-39 1.61289e-34 4.35337e-35
1130 6.77935e-39 6.55382e-34 6.58066e-35
1132.5 7.91443e-39 4.43726e-34 4.3181e-35
1135 7.32691e-39 1.39026e-34 1.2545e-34
1137.5 8.54441e-39 9.14295e-35 7.40791e-35
1140 5.63914e-39 1.94734e-34 3.9895e-35
1142.5 1.01294e-38 5.11668e-34 6.94645e-35
1145 6.86054e-39 7.83615e-35 9.19598e-35
1147.5 9.84291e-39 4.35613e-34 6.27232e-35
1150 7.12029e-39 2.77053e-34 7.14227e-35
1152.5 1.03052e-38 1.90285e-34 4.22761e-35
1155 8.34794e-39 2.56257e-34 8.80609e-35
1157.5 7.90064e-39 3.33356e-34 5.81852e-35
1160 5.90128e-39 7.21647e-34 4.43638e-35
1162.5 9.38831e-39 1.10119e-34 5.64391e-35
1165 7.62481e-39 1.78602e-34 1.32484e-34
1167.5 6.06895e-39 3.62364e-34 7.36692e-35
1170 9.25559e-39 3.36921e-34 8.79314e-35
1172.5 8.45232e-39 9.26102e-35 5.33669e-35
1175 9.29568e-39 3.53164e-34 6.52978e-35
1177.5 6.65384e-39 4.97499e-34 4.27377e-35
1180 8.63907e-39 3.60006e-34 5.45657e-35
1182.5 7.5818e-39 2.06191e-34 4.16178e-35
1185 7.93779e-39 9.11696e-35 1.21851e-34
1187.5 6.9051e-39 3.59782e-34 7.16204e-35
1190 5.57793e-39 2.91573e-34 5.64714e-35
1192.5 7.56735e-39 3.83712e-34 5.63842e-35
1195 9.31525e-39 2.88084e-34 4.82406e-35
1197.5 8.13428e-39 2.94936e-34 5.4593e-35
1200 5.01161e-39 9.73161e-35 5.97907e-35
1202.5 9.01042e-39 4.2282e-34 6.77056e-35
1205 7.41644e-39 2.69191e-34 9.78509e-35
1207.5 6.55845e-39 1.00009e-33 6.62533e-35
1210 7.53319e-39 1.07091e-34 2.83777e-35
1212.5 8.18089e-39 8.88655e-35 3.48646e-35
1215 8.47025e-39 7.72876e-35 3.00082e-35
1217.5 9.2459e-39 1.58991e-34 4.08856e-35
1220 5.47666e-39 4.37487e-34 5.24494e-35
1222.5 9.09613e-39 1.94919e-34 6.98374e-35
1225 1.05042e-38 5.31166e-34 9.17545e-35
1227.5 7.03475e-39 1.20833e-34 6.1243e-35
1230 6.04262e-39 5.01831e-34 3.1323e-35
1232.5 6.29831e-39 5.26586e-35 3.81207e-35
1235 7.57347e-39 7.26954e-34 4.74591e-35
1237.5 8.85117e-39 1.44091e-34 2.38728e-35
1240 5.29731e-39 3.5255e-34 3.26753e-35
1242.5 6.58006e-39 4.4924e-35 4.60105e-35
1245 5.24004e-39 9.88745e-35 4.11144e-35
1247.5 7.24829e-39 4.04924e-34 4.31281e-35
1250 6.01366e-39 3.9532e-34 2.99605e-35
1252.5 6.81594e-39 4.80262e-34 5.1664e-35
1255 8.82307e-39 3.11192e-34 8.24897e-35
1257.5 7.14903e-39 1.73367e-34 4.89452e-35
1260 8.21965e-39 5.14888e-35 2.71316e-35
1262.5 8.40675e-39 3.15181e-34 5.15364e-35
1265 4.77109e-39 6.43325e-35 1.86968e-35
1267.5 7.32087e-39 6.73174e-34 4.43265e-35
1270 7.83447e-39 6.50878e-35 1.67664e-35
1272.5 9.43207e-39 3.63557e-34 6.51647e-35
1275 9.94196e-39 2.02969e-34 7.41055e-35
1277.5 8.00889e-39 6.16454e-34 4.94442e-35
1280 6.82712e-39 1.63226e-34 3.046e-35
1282.5 8.72301e-39 4.03966e-34 4.74467e-35
1285 7.9125e-39 1.46526e-34 3.19901e-35
1287.5 8.4538e-39 9.13555e-35 7.43672e-35
1290 7.62818e-39 2.31405e-34 3.82844e-35
1292.5 7.07663e-39 1.34186e-34 7.67941e-35
1295 9.34898e-39 5.59413e-34 8.27678e-35
1297.5 8.23149e-39 1.32778e-34 3.13982e-35
1300 7.0734e-39 5.0605e-34 3.32765e-35
1302.5 8.04001e-39 1.98289e-34 1.66907e-35
1305 8.56157e-39 3.39815e-34 3.60421e-35
1307.5 9.71889e-39 1.90356e-34 7.66066e-35
1310 6.09321e-39 2.85654e-34 3.85785e-35
1312.5 9.16078e-39 1.24151e-34 7.87727e-35
1315 8.69028e-39 3.66985e-34 8.5667e-35
1317.5 8.14464e-39 3.68251e-34 3.98956e-35
1320 1.10366e-38 2.72738e-34 4.9267e-35
1322.5 7.23251e-39 4.3739e-34 3.11154e-35
1325 7.84355e-39 4.28771e-34 3.59848e-35
1327.5 9.01038e-39 1.49719e-34 6.69943e-35
1330 7.97365e-39 2.34633e-34 1.81446e-35
1332.5 1.16772e-38 9.94539e-35 6.03299e-35
1335 5.92751e-39 2.08642e-34 4.52545e-35
1337.5 7.3196e-39 2.48487e-34 3.774e-35
1340 7.29047e-39 1.6275e-34 5.18084e-35
1342.5 5.53241e-39 3.21031e-34 4.9961e-35
1345 7.14735e-39 4.80888e-34 4.14027e-35
1347.5 1.06573e-38 3.82195e-34 7.68624e-35
1350 5.43348e-39 6.05678e-34 2.41061e-35
1352.5 9.73537e-39 2.43053e-34 3.97183e-35
1355 8.22741e-39 1.11236e-34 4.2991e-35
1357.5 1.12257e-38 1.57431e-35 3.64114e-35
1360 8.91105e-39 1.58588e-34 4.24237e-35
1362.5 8.74674e-39 3.15687e-34 4.5433e-35
1365 8.95194e-39 3.95304e-34 3.71634e-35
1367.5 7.12159e-39 3.28822e-34 4.1666e-35
1370 6.96968e-39 2.64482e-34 4.62225e-35
1372.5 6.30843e-39 3.19918e-34 3.62551e-35
1375 1.06439e-38 2.17774e-34 6.25147e-35
1377.5 7.3109e-39 6.13525e-34 5.03971e-35
1380 6.97408e-39 3.38902e-35 4.18396e-35
1382.5 9.10748e-39 1.02119e-34 4.08801e-35
1385 1.04176e-38 1.58575e-34 4.03617e-35
1387.5 9.08156e-39 2.02181e-34 2.3109e-35
1390 1.00493e-38 3.3406e-34 4.01267e-35
1392.5 9.27232e-39 4.90964e-34 4.60936e-35
1395 1.18961e-38 3.60751e-34 4.9288e-35
1397.5 6.86718e-39 2.67601e-34 6.30008e-35
1400 7.82701e-39 3.37182e-34 3.92957e-35
1402.5 6.13065e-39 2.82308e-35 5.48845e-35
1405 9.60343e-39 3.2724e-34 4.75027e-35
1407.5 1.04005e-38 3.37262e-35 5.42589e-35
1410 1.05522e-38 3.86972e-34 5.47154e-35
1412.5 9.49902e-39 5.83194e-35 7.36903e-35
1415 7.77497e-39 3.81248e-34 4.61041e-35
1417.5 6.51612e-39 1.17849e-34 4.80368e-35
1420 1.1624e-38 4.58222e-34 2.74866e-35
1422.5 6.02796e-39 2.20443e-34 3.03127e-35
1425 8.9806e-39 5.60478e-34 5.69231e-35
1427.5 9.07457e-39 2.70589e-34 6.22164e-35
1430 9.97943e-39 2.7724e-35 6.74332e-35
1432.5 7.55997e-39 3.30335e-34 9.30575e-35
1435 9.01186e-39 7.98752e-35 7.50861e-35
1437.5 7.72763e-39 4.95428e-34 4.63823e-35
1440 8.28088e-39 1.07583e-34 4.3753e-35
1442.5 6.34325e-39 4.03361e-34 1.93865e-35
1445 6.11495e-39 3.07584e-35 5.96176e-35
1447.5 9.46452e-39 3.04961e-34 7.43812e-35
1450 9.98617e-39 1.19908e-34 4.05323e-35
1452.5 8.78057e-39 4.11064e-34 8.92676e-35
1455 1.18879e-38 3.3412e-34 5.89987e-35
1457.5 9.24782e-39 2.61962e-34 3.61282e-35
1460 7.15976e-39 3.74509e-34 4.47275e-35
1462.5 7.06405e-39 3.52459e-34 4.16781e-35
1465 9.06956e-39 2.26306e-34 7.8798e-35
1467.5 8.97006e-39 9.1835e-35 1.01289e-34
1470 9.25311e-39 1.99497e-34 3.32473e-35
1472.5 8.3993e-39 1.18406e-34 7.96819e-35
1475 5.40836e-39 5.24649e-34 2.17684e-35
1477.5 6.64104e-39 1.73687e-34 3.1199e-35
1480 7.29739e-39 2.86489e-34 2.45629e-35
1482.5 8.18721e-39 1.71829e-34 3.56713e-35
1485 1.03458e-38 5.32322e-34 7.90325e-35
1487.5 8.73812e-39 2.18328e-34 8.91026e-35
1490 6.72386e-39 2.76364e-34 3.51917e-35
1492.5 1.06846e-38 7.79849e-35 7.89242e-35
1495 7.79469e-39 5.88637e-35 3.81006e-35
1497.5 7.3369e-39 1.41576e-34 3.96221e-35
1500 7.86822e-39 1.43598e-34 4.61196e-35
1502.5 5.44151e-39 9.52111e-34 2.64151e-35
1505 7.88785e-39 1.57084e-34 6.34868e-35
1507.5 7.14978e-39 3.97393e-34 5.58901e-35
1510 6.83911e-39 8.95802e-35 3.08178e-35
1512.5 5.94444e-39 2.88036e-34 5.47272e-35
1515 1.00521e-38 2.53568e-34 4.58667e-35
1517.5 8.21235e-39 1.9003e-34 5.58272e-35
1520 8.88763e-39 2.77426e-35 5.25298e-35
1522.5 7.97131e-39 1.86089e-34 4.16865e-35
1525 6.10886e-39 1.2423e-34 6.18477e-35
1527.5 8.5941e-39 4.33744e-35 5.05438e-35
1530 1.09381e-38 6.37034e-34 3.83543e-35
1532.5 8.14317e-39 4.51769e-34 6.57294e-35
1535 7.52914e-39 5.42593e-34 3.4665e-35
1537.5 1.28913e-38 1.65019e-34 6.27262e-35
1540 4.43973e-39 5.45957e-35 3.56588e-35
1542.5 7.63469e-39 2.28517e-34 2.82847e-35
1545 8.0947e-39 3.55374e-35 4.31228e-35
1547.5 7.67468e-39 4.14806e-35 5.32789e-35
1550 4.85575e-39 5.54415e-34 4.96223e-35
1552.5 8.28717e-39 7.69718e-35 9.38821e-35
1555 7.55484e-39 1.3171e-34 7.14707e-35
1557.5 9.15561e-39 2.3478e-34 5.91554e-35
1560 1.037e-38 4.22366e-34 4.98244e-35
1562.5 5.41117e-39 7.34175e-34 1.35128e-35
1565 1.05913e-38 3.5878e-35 3.08248e-35
1567.5 8.03343e-39 7.74188e-35 3.67002e-35
1570 1.10186e-38 1.10709e-34 6.55388e-35
1572.5 6.27824e-39 4.2609e-35 8.01534e-35
1575 1.28673e-38 7.66712e-35 1.03138e-34
1577.5 8.73741e-39 6.67083e-34 4.71175e-35
1580 7.4309e-39 3.16129e-34 5.60836e-35
1582.5 8.56214e-39 2.08578e-34 3.27644e-35
1585 9.04982e-39 2.31439e-34 3.62847e-35
1587.5 1.07977e-38 2.38644e-34 4.78027e-35
1590 1.38046e-38 7.06387e-34 7.05155e-35
1592.5 8.57056e-39 1.40795e-35 7.39238e-35
1595 1.51528e-38 1.23425e-34 8.71581e-35
1597.5 9.63669e-39 1.30127e-35 3.41769e-35
1600 7.20703e-39 5.90113e-35 2.66355e-35
1602.5 9.66902e-39 2.04303e-34 3.41794e-35
1605 8.9708e-39 3.1813e-34 3.8029e-35
1607.5 7.09695e-39 3.85418e-34 6.31189e-35
1610 8.35085e-39 5.36259e-34 6.18859e-35
1612.5 7.38353e-39 2.40405e-34 7.04545e-35
1615 4.51434e-39 2.07468e-34 6.47738e-35
1617.5 8.12692e-39 4.94202e-34 4.45724e-35
1620 9.37546e-39 9.94777e-35 2.209e-35
1622.5 7.06963e-39 9.25769e-35 3.18809e-35
1625 1.11013e-38 1.82684e-34 4.42988e-35
1627.5 7.104e-39 1.60907e-34 3.27154e-35
1630 7.97662e-39 9.01931e-35 4.66075e-35
1632.5 7.50235e-39 1.38364e-34 3.4398e-35
1635 6.20015e-39 2.44305e-34 6.14652e-35
1637.5 7.38819e-39 5.62756e-34 6.07507e-35
1640 8.73423e-39 3.83064e-34 4.33728e-35
1642.5 8.96198e-39 2.99006e-34 4.55814e-35
1645 9.18181e-39 2.76468e-34 6.63467e-35
1647.5 7.63597e-39 6.445e-35 2.69656e-35
1650 8.79856e-39 2.01934e-34 3.7422e-35
1652.5 7.47963e-39 2.47236e-35 2.07904e-35
1655 7.70019e-39 2.59799e-34 3.91902e-35
1657.5 8.96457e-39 1.00474e-34 6.54584e-35
1660 8.86682e-39 2.82063e-34 3.62854e-35
1662.5 9.90077e-39 3.22687e-34 4.4506e-35
1665 1.07231e-38 4.3974e-34 6.4073e-35
1667.5 1.07516e-38 3.75779e-34 4.83842e-35
1670 9.83658e-39 2.54656e-34 3.83346e-35
1672.5 7.51721e-39 6.83725e-35 4.24252e-35
1675 8.56458e-39 4.76838e-35 4.19227e-35
1677.5 9.30955e-39 1.62724e-34 8.78497e-35
1680 5.84378e-39 2.11731e-35 3.2905e-35
1682.5 1.0177e-38 1.24346e-34 4.7904e-35
1685 5.0483e-39 2.18921e-34 3.47141e-35
1687.5 8.65868e-39 6.4446e-34 3.95269e-35
1690 8.10735e-39 3.99683e-34 3.76292e-35
1692.5 8.64604e-39 2.61273e-34 4.35437e-35
1695 5.50862e-39 3.02996e-34 5.35409e-35
1697.5 8.35197e-39 1.25048e-34 8.7993e-35
1700 9.21668e-39 1.42381e-34 5.66165e-35
1702.5 9.01331e-39 1.54011e-34 4.30738e-35
1705 9.52043e-39 5.35107e-35 5.4943e-35
1707.5 8.34245e-39 2.81909e-35 4.98047e-35
1710 7.77773e-39 1.86409e-34 4.58615e-35
1712.5 6.41447e-39 8.4908e-35 3.21148e-35
1715 1.05332e-38 7.91725e-34 5.19952e-35
1717.5 7.34223e-39 4.2267e-34 5.61991e-35
1720 1.04392e-38 1.98375e-34 4.54443e-35
1722.5 1.01391e-38 1.03064e-34 3.91183e-35
1725 1.122e-38 1.03576e-34 4.86559e-35
1727.5 1.03534e-38 4.43747e-34 7.44169e-35
1730 8.95265e-39 4.63313e-35 6.07823e-35
1732.5 9.30407e-39 1.26246e-34 5.48424e-35
1735 1.20527e-38 2.3254e-34 5.23854e-35
1737.5 9.01957e-39 2.31296e-34 4.96437e-35
1740 1.08601e-38 3.16297e-35 3.15826e-35
1742.5 1.44693e-38 6.13215e-34 4.4208e-35
1745 9.16068e-39 1.78747e-34 3.7838e-35
1747.5 6.10252e-39 2.66135e-34 5.35877e-35
1750 9.08538e-39 5.39019e-35 5.35779e-35
1752.5 1.36204e-38 1.95902e-34 5.63029e-35
1755 1.26111e-38 4.05656e-34 4.72273e-35
1757.5 7.70291e-39 1.32615e-34 4.4237e-35
1760 1.10706e-38 2.47798e-35 4.37871e-35
1762.5 9.38532e-39 4.32166e-34 3.59077e-35
1765 1.14079e-38 1.7416e-34 5.97027e-35
1767.5 8.42636e-39 6.72945e-35 4.05275e-35
1770 9.27021e-39 3.51875e-34 4.33512e-35
1772.5 1.12219e-38 1.32537e-34 2.31951e-35
1775 1.11047e-38 6.56637e-34 4.2367e-35
1777.5 7.49428e-39 6.30709e-35 1.98463e-35
1780 9.41971e-39 3.23196e-34 5.30587e-35
1782.5 7.57955e-39 4.89166e-35 3.85888e-35
1785 1.00123e-38 6.33749e-35 7.27494e-35
1787.5 6.67693e-39 4.10142e-35 4.13715e-35
1790 8.55118e-39 3.35864e-34 4.29362e-35
1792.5 8.78374e-39 1.36408e-34 3.4023e-35
1795 1.15608e-38 1.35656e-34 3.85626e-35
1797.5 9.85462e-39 2.19593e-34 3.71793e-35
1800 9.59231e-39 3.00129e-34 3.75463e-35
1802.5 1.40285e-38 9.17747e-34 3.3344e-35
1805 1.04553e-38 1.00588e-34 4.96846e-35
1807.5 1.03292e-38 1.20269e-34 3.31243e-35
1810 9.66701e-39 2.69849e-35 3.50678e-35
1812.5 8.64317e-39 2.06312e-35 4.23622e-35
1815 8.1506e-39 5.45855e-35 5.81654e-35
1817.5 1.22689e-38 2.35892e-34 5.51535e-35
1820 1.06353e-38 5.29645e-35 5.93274e-35
1822.5 1.09655e-38 2.37001e-34 4.54842e-35
1825 5.23123e-39 1.80628e-34 3.93626e-35
1827.5 1.21289e-38 6.52647e-34 2.63778e-35
1830 8.05253e-39 4.79783e-34 4.08286e-35
1832.5 8.35833e-39 1.94734e-34 2.22531e-35
1835 9.48253e-39 3.86562e-35 7.63195e-35
1837.5 8.69041e-39 1.50856e-35 4.09432e-35
1840 5.05605e-39 3.67385e-35 4.20028e-35
1842.5 9.5054e-39 9.5991e-35 3.60126e-35
1845 6.42924e-39 2.54655e-34 4.33076e-35
1847.5 7.28393e-39 1.30028e-34 3.36893e-35
1850 6.98369e-39 4.71828e-34 7.68121e-35
1852.5 6.68015e-39 2.96972e-34 3.45709e-35
1855 7.25885e-39 5.41072e-34 8.20557e-35
1857.5 8.89398e-39 1.48105e-34 3.64946e-35
1860 6.14099e-39 7.41505e-35 1.95382e-35
1862.5 8.10605e-39 5.58307e-35 1.82056e-35
1865 6.47151e-39 4.67586e-35 1.58081e-35
1867.5 7.38345e-39 1.40864e-35 4.32444e-35
1870 6.15561e-39 4.60916e-35 7.40073e-35
1872.5 1.04161e-38 2.44354e-34 4.74471e-35
1875 7.73962e-39 5.68922e-34 7.67565e-35
1877.5 9.78195e-39 4.52755e-34 4.78734e-35
1880 8.51019e-39 5.12167e-34 2.87145e-35
1882.5 9.56213e-39 1.29965e-34 3.76811e-35
1885 8.12815e-39 1.54369e-34 1.99869e-35
1887.5 1.02694e-38 9.08519e-35 4.45145e-35
1890 6.98773e-39 1.11522e-35 7.1868e-35
1892.5 8.89623e-39 1.93157e-35 2.52783e-35
1895 1.32885e-38 1.36028e-35 5.17547e-35
1897.5 7.99302e-39 8.14869e-35 3.62586e-35
1900 9.18758e-39 3.08476e-34 3.82039e-35
1902.5 8.76347e-39 7.60745e-34 3.97334e-35
1905 1.85454e-38 3.17988e-34 5.9368e-35
1907.5 8.08042e-39 2.85498e-34 4.07904e-35
1910 7.98935e-39 2.5785e-35 6.98147e-35
1912.5 1.2006e-38 2.71912e-34 2.95423e-35
1915 6.28136e-39 9.80593e-35 3.67231e-35
1917.5 1.37748e-38 2.18041e-35 3.10176e-35
1920 9.59874e-39 9.86358e-35 5.74297e-35
1922.5 9.38575e-39 1.01801e-34 3.40697e-35
1925 1.14413e-38 1.17519e-34 4.42303e-35
1927.5 9.941e-39 5.72533e-34 4.13656e-35
1930 7.13473e-39 3.06754e-34 4.70783e-35
1932.5 9.83129e-39 2.14903e-34 4.33671e-35
1935 1.07569e-38 1.68923e-34 5.89497e-35
1937.5 1.00242e-38 6.43434e-35 6.56439e-35
1940 1.05401e-38 2.72053e-34 7.02393e-35
1942.5 1.13561e-38 9.44219e-35 6.90109e-35
1945 7.52047e-39 1.99074e-35 3.76501e-35
1947.5 8.52911e-39 4.89261e-35 2.8709e-35
1950 7.36038e-39 2.91858e-34 2.11014e-35
1952.5 7.08693e-39 2.44102e-34 3.0077e-35
1955 7.93032e-39 5.50692e-34 4.25979e-35
1957.5 8.11168e-39 6.22224e-35 7.06967e-35
1960 9.30081e-39 3.04069e-34 7.50104e-35
1962.5 1.61596e-38 1.91862e-34 7.03846e-35
1965 1.02603e-38 1.4599e-34 6.33505e-35
1967.5 1.20047e-38 1.26986e-34 3.80557e-35
1970 1.03503e-38 6.1936e-35 4.13307e-35
1972.5 9.08473e-39 2.86221e-35 4.07275e-35
1975 1.24915e-38 1.89693e-34 6.50591e-35
1977.5 8.27917e-39 1.37333e-34 6.205e-35
1980 7.60176e-39 3.15094e-34 5.91135e-35
1982.5 6.84621e-39 3.37937e-34 4.44949e-35
1985 1.25806e-38 1.46355e-34 4.81402e-35
1987.5 1.1901e-38 4.80639e-34 3.0664e-35
1990 1.15351e-38 2.42948e-34 5.63755e-35
1992.5 1.26726e-38 1.5787e-34 5.35311e-35
1995 8.18605e-39 8.12274e-35 7.4191e-35
1997.5 9.15348e-39 1.61827e-35 7.99237e-35
2000 1.08079e-38 1.18358e-34 5.29796e-35
2002.5 1.17476e-38 2.91133e-34 4.71434e-35
2005 1.2098e-38 6.17396e-35 3.52441e-35
2007.5 1.0576e-38 1.64062e-34 3.88489e-35
2010 9.50713e-39 2.74347e-34 3.38976e-35
2012.5 1.40065e-38 4.40284e-34 6.10959e-35
2015 1.09377e-38 3.38147e-34 5.47957e-35
2017.5 9.98587e-39 1.16445e-34 6.67168e-35
2020 1.22514e-38 1.04042e-34 4.83538e-35
2022.5 9.38299e-39 9.54514e-35 4.89153e-35
2025 1.07455e-38 2.5381e-35 4.5232e-35
2027.5 1.22502e-38 3.94716e-34 6.37198e-35
2030 1.10678e-38 2.27913e-34 4.68343e-35
2032.5 1.22204e-38 6.21966e-35 4.22501e-35
2035 7.82576e-39 1.95725e-34 3.88862e-35
2037.5 1.03817e-38 2.84521e-34 3.40742e-35
2040 1.04919e-38 4.27824e-34 4.62193e-35
2042.5 1.15085e-38 1.94398e-34 3.49011e-35
2045 1.26864e-38 2.62801e-35 4.64453e-35
2047.5 9.58464e-39 6.0577e-35 6.42439e-35
2050 7.76019e-39 1.07669e-34 4.99475e-35
2052.5 1.25723e-38 1.40524e-34 4.92121e-35
2055 7.00099e-39 1.96351e-34 4.6236e-35
2057.5 7.59328e-39 2.43377e-34 3.26144e-35
2060 8.03764e-39 2.0634e-34 5.48343e-35
2062.5 7.14146e-39 1.66287e-34 4.36129e-35
2065 1.30997e-38 3.11181e-34 5.60939e-35
2067.5 9.92935e-39 2.89189e-34 6.576e-35
2070 1.03371e-38 2.99588e-34 2.37524e-35
2072.5 1.04936e-38 4.32105e-35 2.9178e-35
2075 8.9907e-39 1.37714e-34 2.88257e-35
2077.5 8.6763e-39 1.88903e-35 4.53618e-35
2080 7.34918e-39 1.58087e-34 6.12988e-35
2082.5 9.44596e-39 4.03921e-35 6.38383e-35
2085 7.55175e-39 2.042e-34 4.56472e-35
2087.5 7.68882e-39 3.57263e-34 6.89444e-35
2090 9.34626e-39 1.52731e-34 2.80786e-35
2092.5 7.46538e-39 1.27261e-34 2.24857e-35
2095 8.91071e-39 1.88622e-34 3.02301e-35
2097.5 5.98934e-39 4.19202e-34 2.88594e-35
2100 9.94864e-39 2.77163e-34 5.26458e-35
2102.5 9.21069e-39 1.36116e-34 5.06939e-35
2105 9.68736e-39 1.0392e-34 4.97557e-35
2107.5 1.36433e-38 1.61242e-35 5.05353e-35
2110 9.84888e-39 4.77645e-35 5.18025e-35
2112.5 1.03848e-38 2.65752e-34 3.05564e-35
2115 1.11252e-38 2.54719e-34 5.24857e-35
2117.5 1.31299e-38 2.82117e-34 5.2377e-35
2120 8.42481e-39 6.42069e-35 5.65745e-35
2122.5 8.60402e-39 2.21454e-34 3.98484e-35
2125 8.92274e-39 1.56352e-34 3.98488e-35
2127.5 1.05433e-38 4.81609e-34 2.74429e-35
2130 7.00018e-39 1.37822e-35 3.19436e-35
2132.5 1.21713e-38 6.01114e-35 4.02701e-35
2135 7.23119e-39 6.34472e-35 4.208e-35
2137.5 8.2362e-39 1.6507e-34 4.85319e-35
2140 1.03086e-38 1.7717e-34 4.31068e-35
2142.5 7.18953e-39 2.19012e-34 4.61203e-35
2145 1.14042e-38 4.77984e-34 3.35774e-35
2147.5 8.75589e-39 2.19568e-34 4.24727e-35
2150 9.36373e-39 1.64976e-34 3.7524e-35
2152.5 9.32674e-39 1.01341e-34 3.76205e-35
2155 7.77238e-39 2.56248e-34 3.33551e-35
2157.5 9.00258e-39 1.18836e-35 2.75214e-35
2160 1.15194e-38 4.80036e-35 2.63234e-35
2162.5 7.76929e-39 4.25339e-35 2.32695e-35
2165 1.17352e-38 2.62433e-34 3.96243e-35
2167.5 8.41768e-39 8.17983e-35 3.73919e-35
2170 1.48763e-38 3.27705e-34 5.57076e-35
2172.5 9.34654e-39 3.46716e-34 4.30757e-35
2175 1.02356e-38 5.13061e-34 5.42371e-35
2177.5 1.8452e-38 3.93305e-35 3.09906e-35
2180 1.21737e-38 1.10379e-34 3.56031e-35
2182.5 1.0891e-38 4.47986e-35 1.52827e-35
2185 1.00743e-38 7.33408e-35 3.27981e-35
2187.5 1.62017e-38 5.87833e-35 3.93185e-35
2190 1.11029e-38 1.4926e-35 3.99156e-35
2192.5 1.33072e-38 3.46212e-34 3.30938e-35
2195 7.13352e-39 2.14073e-34 3.63168e-35
2197.5 9.48238e-39 3.23991e-34 3.82643e-35
2200 1.00765e-38 5.95962e-35 4.75024e-35
2202.5 8.30899e-39 3.7152e-34 5.14421e-35
2205 7.92805e-39 1.15711e-34 4.07449e-35
2207.5 7.37796e-39 8.95904e-35 5.15161e-35
2210 1.29245e-38 4.47845e-35 3.31643e-35
2212.5 7.21272e-39 2.39192e-34 2.04769e-35
2215 9.25956e-39 2.61841e-35 2.47923e-35
2217.5 1.04741e-38 7.51506e-35 4.45921e-35
2220 8.92378e-39 3.43697e-34 4.70208e-35
2222.5 1.6003e-38 4.94757e-34 5.72446e-35
2225 8.25046e-39 1.52964e-34 4.42349e-35
2227.5 7.47804e-39 4.0152e-35 5.21961e-35
2230 9.52369e-39 1.27673e-34 4.42086e-35
2232.5 8.7256e-39 4.20603e-35 3.14597e-35
2235 1.20587e-38 1.08594e-34 4.19107e-35
2237.5 1.77774e-38 1.44733e-34 5.91578e-35
2240 9.94588e-39 2.50282e-34 6.77425e-35
2242.5 1.09464e-38 4.7823e-35 3.54011e-35
2245 9.53519e-39 2.2257e-34 3.1825e-35
2247.5 1.15219e-38 1.76333e-34 3.23624e-35
2250 1.2564e-38 4.35043e-34 3.46365e-35
2252.5 8.51715e-39 2.06336e-34 3.52307e-35
2255 1.16811e-38 1.68095e-34 4.58044e-35
2257.5 1.18047e-38 7.33489e-35 7.34499e-35
2260 7.36898e-39 7.34065e-35 6.75147e-35
2262.5 1.15692e-38 4.24015e-35 5.14787e-35
2265 9.90908e-39 1.75827e-34 4.40131e-35
2267.5 1.03024e-38 2.67733e-34 3.60208e-35
2270 8.46393e-39 2.39943e-34 2.8813e-35
2272.5 2.12354e-38 1.1481e-34 6.40047e-35
2275 8.73403e-39 6.41182e-35 2.73085e-35
2277.5 1.34206e-38 8.77963e-35 7.36218e-35
2280 9.64488e-39 2.33516e-34 4.74788e-35
2282.5 1.41903e-38 3.09107e-34 4.12606e-35
2285 8.99278e-39 2.4795e-34 3.77993e-35
2287.5 6.66205e-39 1.34938e-34 4.61078e-35
2290 6.91816e-39 4.86742e-35 3.83042e-35
2292.5 1.19334e-38 1.26925e-34 7.19442e-35
2295 9.24877e-39 2.81133e-34 5.38481e-35
2297.5 1.10986e-38 2.65631e-34 4.91063e-35
2300 1.47126e-38 6.06721e-35 5.00104e-35
2302.5 1.56725e-38 9.73964e-35 3.92303e-35
2305 1.43226e-38 2.38861e-35 3.49679e-35
2307.5 1.03469e-38 2.22223e-34 4.32299e-35
2310 9.48952e-39 2.16553e-34 5.01666e-35
2312.5 1.37482e-38 3.71355e-34 5.94243e-35
2315 9.31667e-39 7.80015e-35 5.14228e-35
2317.5 1.36575e-38 1.13028e-35 5.16656e-35
2320 1.48567e-38 9.79169e-35 4.83791e-35
2322.5 1.05337e-38 3.17982e-34 4.20129e-35
2325 1.56351e-38 6.68967e-35 5.82001e-35
2327.5 1.40354e-38 1.30739e-34 7.19991e-35
2330 1.56936e-38 3.58343e-34 5.18106e-35
2332.5 1.31172e-38 1.12005e-34 5.03002e-35
2335 9.69898e-39 1.6569e-34 2.34759e-35
2337.5 1.31731e-38 8.95022e-35 2.91486e-35
2340 9.77449e-39 2.81286e-34 3.86185e-35
2342.5 1.36317e-38 7.68771e-35 6.38314e-35
2345 1.44325e-38 7.24324e-35 6.3267e-35
2347.5 1.03029e-38 6.91116e-35 8.69535e-35
2350 9.56966e-39 1.9653e-34 5.19354e-35
2352.5 1.48131e-38 1.0235e-35 5.96645e-35
2355 9.40481e-39 1.84521e-34 3.45976e-35
2357.5 1.15177e-38 3.37694e-34 4.10569e-35
2360 1.32923e-38 3.22511e-34 4.15496e-35
2362.5 1.17862e-38 1.3074e-34 5.82632e-35
2365 1.10341e-38 3.04517e-35 5.58068e-35
2367.5 1.20285e-38 2.1873e-34 6.56882e-35
2370 1.34795e-38 1.74016e-34 5.46492e-35
2372.5 1.34802e-38 3.21998e-35 3.5123e-35
2375 1.33057e-38 5.87184e-35 4.45535e-35
2377.5 9.15576e-39 2.65752e-34 6.96634e-35
2380 8.40125e-39 2.89497e-35 6.9084e-35
2382.5 9.95622e-39 2.38104e-34 6.66806e-35
2385 1.19041e-38 1.15556e-34 5.96271e-35
2387.5 1.4146e-38 3.10476e-34 4.85147e-35
2390 1.2061e-38 6.91325e-35 3.30677e-35
2392.5 9.56932e-39 2.7055e-35 3.06774e-35
2395 8.98233e-39 3.23038e-34 2.82434e-35
2397.5 7.67767e-39 2.01186e-34 6.53753e-35
2400 9.56642e-39 2.94535e-35 6.83864e-35
2402.5 1.12257e-38 1.44468e-35 6.46575e-35
2405 1.06038e-38 4.03921e-34 5.13637e-35
2407.5 1.39554e-38 1.95105e-34 5.33348e-35
2410 1.05405e-38 1.8815e-34 4.61761e-35
2412.5 1.72563e-38 5.44136e-35 6.02652e-35
2415 1.25461e-38 1.79283e-34 4.53938e-35
2417.5 1.11886e-38 1.65812e-35 7.11668e-35
2420 9.93338e-39 4.51725e-36 4.76758e-35
2422.5 1.49375e-38 3.99625e-34 6.19339e-35
2425 1.59079e-38 1.1649e-34 2.55974e-35
2427.5 9.81938e-39 3.32266e-35 3.29725e-35
2430 1.2811e-38 1.30058e-34 5.12701e-35
2432.5 1.17083e-38 2.81999e-34 5.80932e-35
2435 1.52414e-38 1.91618e-34 5.27251e-35
2437.5 1.1607e-38 1.59006e-34 7.05611e-35
2440 1.32781e-38 7.4084e-35 6.51524e-35
2442.5 7.45858e-39 2.49022e-34 3.02697e-35
2445 1.09493e-38 3.62072e-35 5.07217e-35
2447.5 2.07046e-38 1.10823e-34 5.37549e-35
2450 7.87512e-39 2.1655e-34 4.21912e-35
2452.5 1.17278e-38 2.69637e-34 4.19041e-35
2455 1.24799e-38 6.88652e-35 4.43581e-35
2457.5 9.3467e-39 9.33244e-35 3.23673e-35
2460 9.47491e-39 1.85643e-34 4.00742e-35
2462.5 1.20137e-38 5.34335e-35 4.36974e-35
2465 7.27165e-39 7.84571e-35 4.06322e-35
2467.5 1.21967e-38 6.78885e-35 6.38026e-35
2470 1.73603e-38 4.67313e-34 8.08165e-35
2472.5 1.46591e-38 1.64376e-35 5.74841e-35
2475 9.58242e-39 1.13512e-34 2.93058e-35
2477.5 1.83009e-38 1.18129e-34 4.18101e-35
2480 7.50566e-39 3.59592e-34 1.1987e-35
2482.5 1.31536e-38 1.43033e-34 4.65055e-35
2485 8.11747e-39 2.35658e-35 3.23726e-35
2487.5 8.17657e-39 2.30054e-34 4.85388e-35
2490 1.46727e-38 4.89698e-35 6.91983e-35
2492.5 1.48356e-38 1.98116e-35 5.26731e-35
2495 1.0651e-38 6.67129e-35 4.42025e-35
2497.5 1.01537e-38 3.97089e-34 5.07057e-35
2500 1.18337e-38 8.40978e-35 4.35716e-35
2502.5 1.22766e-38 2.05286e-35 4.1751e-35
2505 1.58096e-38 1.81312e-34 5.79294e-35
2507.5 8.41604e-39 3.99426e-34 3.32855e-35
2510 6.92892e-39 4.68694e-35 3.53967e-35
2512.5 1.20249e-38 2.93772e-35 2.98084e-35
2515 1.56977e-38 2.64753e-34 6.88015e-35
2517.5 1.4527e-38 1.78752e-34 5.74763e-35
2520 1.33463e-38 6.91016e-35 7.63422e-35
2522.5 1.43302e-38 1.48499e-34 6.48702e-35
2525 7.51481e-39 1.8645e-34 8.27876e-35
2527.5 1.16398e-38 8.36166e-35 4.94769e-35
2530 8.59101e-39 5.63433e-35 3.92174e-35
2532.5 1.51278e-38 1.30714e-34 5.87092e-35
2535 1.59293e-38 3.78988e-34 2.06638e-35
2537.5 1.19217e-38 1.02299e-35 4.37058e-35
2540 1.82568e-38 1.71292e-35 5.08691e-35
2542.5 2.11607e-38 1.25148e-34 3.93965e-35
2545 1.03248e-38 2.77211e-34 4.34658e-35
2547.5 1.97898e-38 2.086e-34 4.82512e-35
2550 1.68207e-38 7.38905e-35 2.88032e-35
2552.5 1.50494e-38 2.17317e-34 5.57078e-35
2555 9.87058e-39 1.49271e-34 5.62355e-35
2557.5 1.53064e-38 1.69767e-35 6.5189e-35
2560 1.36368e-38 1.25885e-34 6.09379e-35
2562.5 1.21082e-38 4.02005e-34 4.51533e-35
2565 1.08172e-38 4.19141e-35 3.41532e-35
2567.5 1.16559e-38 2.39971e-35 2.73332e-35
2570 7.13728e-39 4.01652e-35 3.26094e-35
2572.5 1.00974e-38 8.73172e-35 2.95394e-35
2575 8.94833e-39 2.01613e-34 3.99221e-35
2577.5 6.20212e-39 5.32814e-35 3.8128e-35
2580 9.71302e-39 3.67636e-34 5.69036e-35
2582.5 7.94824e-39 2.05963e-34 3.07641e-35
2585 1.35625e-38 1.69226e-35 4.83413e-35
2587.5 1.2979e-38 9.98948e-35 4.6411e-35
2590 8.98474e-39 3.10731e-34 5.30229e-35
2592.5 1.55363e-38 8.30231e-35 4.80048e-35
2595 1.54108e-38 1.73261e-34 4.2012e-35
2597.5 8.66088e-39 7.50867e-35 3.14456e-35
2600 1.2182e-38 5.79753e-35 2.75089e-35
2602.5 1.05175e-38 1.41194e-35 3.02753e-35
2605 1.75444e-38 2.05842e-35 3.99683e-35
2607.5 1.15252e-38 4.66929e-34 5.47144e-35
2610 7.11242e-39 1.96555e-34 6.11477e-35
2612.5 1.37918e-38 1.27521e-35 6.05109e-35
2615 1.44541e-38 8.06292e-35 4.74937e-35
2617.5 1.21183e-38 1.41963e-34 4.6637e-35
2620 1.25317e-38 1.59564e-35 3.65959e-35
2622.5 1.47646e-38 2.30686e-34 5.66701e-35
2625 1.22307e-38 1.6751e-34 4.20848e-35
2627.5 1.05312e-38 1.62939e-34 4.87998e-35
2630 1.94727e-38 4.19089e-35 5.36938e-35
2632.5 1.43173e-38 3.39016e-35 4.02951e-35
2635 8.69435e-39 4.12264e-34 2.90468e-35
2637.5 1.7172e-38 2.26865e-34 3.81747e-35
2640 1.78439e-38 2.87563e-35 5.59286e-35
2642.5 1.28196e-38 7.13802e-36 6.87184e-35
2645 1.23492e-38 1.3391e-34 6.66994e-35
2647.5 8.80513e-39 4.85095e-35 4.64134e-35
2650 1.39033e-38 8.76451e-35 6.01475e-35
2652.5 1.29348e-38 1.55591e-34 4.00084e-35
2655 8.53921e-39 3.97965e-34 2.887e-35
2657.5 1.42942e-38 2.03676e-35 2.87576e-35
2660 2.31262e-38 4.49284e-35 4.94123e-35
2662.5 1.29712e-38 3.14285e-34 4.8357e-35
2665 1.61379e-38 1.92958e-34 6.41839e-35
2667.5 1.4094e-38 1.61367e-35 5.65126e-35
2670 1.20462e-38 5.53244e-35 4.54978e-35
2672.5 9.53535e-39 3.82707e-34 3.99385e-35
2675 1.61295e-38 3.89898e-35 5.85594e-35
2677.5 1.53951e-38 1.77066e-35 7.10677e-35
2680 9.96054e-39 2.40809e-35 4.71954e-35
2682.5 1.07461e-38 4.15108e-34 4.62498e-35
2685 1.11233e-38 2.55823e-35 2.82724e-35
2687.5 8.14914e-39 2.60081e-35 2.52769e-35
2690 1.66113e-38 2.14848e-34 3.88568e-35
2692.5 1.11763e-38 1.53592e-34 4.16232e-35
2695 1.05378e-38 5.83332e-35 3.71298e-35
2697.5 1.36596e-38 2.69059e-35 6.09592e-35
2700 1.39626e-38 5.26219e-34 7.2856e-35
2702.5 8.23675e-39 1.1231e-34 5.08476e-35
2705 1.95728e-38 3.16576e-35 6.28937e-35
2707.5 1.37643e-38 2.03138e-35 4.17228e-35
2710 1.79666e-38 3.08742e-34 5.88452e-35
2712.5 4.86433e-39 2.37585e-35 3.24322e-35
2715 1.12182e-38 3.16132e-35 5.88956e-35
2717.5 1.33365e-38 9.47293e-35 4.0918e-35
2720 1.35008e-38 2.74873e-34 4.20965e-35
2722.5 1.5493e-38 6.60848e-35 2.98621e-35
2725 1.77515e-38 3.85489e-35 4.33792e-35
2727.5 1.09492e-38 2.33129e-34 3.73909e-35
2730 8.27413e-39 2.026e-34 5.7125e-35
2732.5 1.05067e-38 1.14882e-34 4.26396e-35
2735 1.11129e-38 8.10249e-36 6.43732e-35
2737.5 1.07333e-38 2.69226e-34 5.33929e-35
2740 8.04808e-39 1.81222e-35 2.66199e-35
2742.5 9.70365e-39 3.17905e-35 2.79514e-35
2745 1.25258e-38 5.79904e-35 2.81391e-35
2747.5 1.1149e-38 5.48688e-34 4.67516e-35
2750 1.06389e-38 2.69597e-35 6.39857e-35
2752.5 1.19699e-38 2.92525e-35 4.64024e-35
2755 1.69495e-38 4.48654e-35 4.63632e-35
2757.5 7.46885e-39 1.11738e-34 4.43407e-35
2760 1.82668e-38 1.51774e-34 4.32339e-35
2762.5 1.13518e-38 2.95802e-35 5.0304e-35
2765 8.69814e-39 2.63761e-34 5.20164e-35
2767.5 1.02837e-38 4.236e-35 5.24907e-35
2770 1.16765e-38 4.66133e-35 6.52796e-35
2772.5 8.39342e-39 2.09287e-34 3.14229e-35
2775 8.52927e-39 3.90154e-34 3.86607e-35
2777.5 1.09216e-38 7.41549e-35 1.26609e-35
2780 1.08223e-38 6.52163e-35 3.97101e-35
2782.5 1.57132e-38 6.15432e-35 3.60808e-35
2785 1.08741e-38 6.79984e-35 5.47027e-35
2787.5 1.1224e-38 6.91742e-35 5.08041e-35
2790 1.04779e-38 1.01311e-35 7.33778e-35
2792.5 1.14692e-38 2.00646e-34 3.4811e-35
2795 1.73071e-38 1.87696e-34 3.6883e-35
2797.5 8.30189e-39 2.36581e-35 2.99966e-35
2800 5.7567e-39 2.77279e-34 4.52577e-35
2802.5 1.70483e-38 1.64394e-34 5.13121e-35
2805 1.31496e-38 4.64622e-35 4.56647e-35
2807.5 2.0371e-38 1.8443e-34 4.72775e-35
2810 1.04464e-38 1.3623e-34 2.76069e-35
2812.5 8.12949e-39 8.19069e-35 3.12978e-35
2815 1.3313e-38 4.38797e-35 3.99103e-35
2817.5 1.34046e-38 4.99651e-35 4.52001e-35
2820 1.3274e-38 3.53689e-34 7.16178e-35
2822.5 1.13773e-38 2.58269e-34 6.35255e-35
2825 1.12165e-38 6.69969e-35 4.45438e-35
2827.5 1.30122e-38 5.87799e-35 5.37325e-35
2830 2.11505e-38 1.85989e-34 4.45866e-35
2832.5 2.47781e-38 2.46752e-35 3.89817e-35
2835 1.12205e-38 6.86892e-35 4.77671e-35
2837.5 8.08185e-39 5.83193e-35 3.33378e-35
2840 8.88248e-39 1.4375e-34 4.88986e-35
2842.5 1.83539e-38 3.47965e-35 4.75393e-35
2845 1.45512e-38 3.5896e-35 4.98754e-35
2847.5 8.68464e-39 5.20117e-34 2.48535e-35
2850 1.77998e-38 2.66574e-34 3.7646e-35
2852.5 1.18484e-38 5.26616e-35 3.96984e-35
2855 1.72526e-38 2.4068e-35 6.31092e-35
2857.5 1.89889e-38 2.27527e-34 5.34928e-35
2860 1.09342e-38 3.94021e-35 4.82449e-35
2862.5 1.20019e-38 5.12428e-35 2.53754e-35
2865 1.09165e-38 6.18593e-35 2.70265e-35
2867.5 9.35439e-39 1.8557e-34 2.94031e-35
2870 1.1708e-38 3.80372e-35 3.64985e-35
2872.5 1.5317e-38 6.37318e-35 5.39383e-35
2875 2.31858e-38 2.9372e-34 7.02084e-35
2877.5 7.26219e-39 1.2424e-34 5.04374e-35
2880 9.32869e-39 3.88117e-35 4.34641e-35
2882.5 1.7918e-38 2.47266e-35 4.68785e-35
2885 1.10967e-38 3.12862e-34 3.4186e-35
2887.5 1.14149e-38 8.17232e-35 5.13631e-35
2890 2.16542e-38 9.13578e-35 5.36358e-35
2892.5 1.13052e-38 4.86175e-35 4.91551e-35
2895 9.34147e-39 2.41548e-34 3.82482e-35
2897.5 1.30726e-38 3.76846e-35 3.84895e-35
2900 1.22008e-38 9.21884e-35 3.2649e-35
2902.5 1.04302e-38 1.83123e-34 3.81742e-35
2905 1.68226e-38 1.65438e-34 5.88563e-35
2907.5 1.46386e-38 6.72648e-35 5.91602e-35
2910 2.18026e-38 1.95215e-35 7.55589e-35
2912.5 8.83136e-39 1.91193e-34 4.01226e-35
2915 1.43214e-38 5.16718e-35 4.88206e-35
2917.5 1.08789e-38 8.20169e-35 2.70165e-35
2920 1.69812e-38 1.03197e-34 4.07266e-35
2922.5 1.23284e-38 3.35181e-34 3.33744e-35
2925 1.16699e-38 7.29891e-35 4.27251e-35
2927.5 8.29657e-39 2.90121e-35 5.41739e-35
2930 1.54256e-38 1.11014e-34 6.67412e-35
2932.5 1.57384e-38 2.98682e-34 4.75587e-35
2935 1.12324e-38 3.03543e-35 3.82218e-35
2937.5 1.64451e-38 1.33378e-35 4.37386e-35
2940 1.70238e-38 1.69914e-34 6.36741e-35
2942.5 1.32128e-38 4.59617e-35 6.53717e-35
2945 1.49692e-38 4.90217e-35 7.02456e-35
2947.5 1.05045e-38 1.25934e-34 8.05427e-35
2950 8.52966e-39 2.31549e-34 3.0274e-35
2952.5 1.38246e-38 1.77067e-35 2.67662e-35
2955 1.89402e-38 4.38596e-35 4.51101e-35
2957.5 1.51899e-38 2.31704e-34 5.4208e-35
2960 1.85867e-38 2.41115e-34 4.44057e-35
2962.5 1.84546e-38 5.13007e-35 6.27586e-35
2965 1.43097e-38 5.10251e-35 5.59294e-35
2967.5 1.65315e-38 1.92971e-34 6.0652e-35
2970 1.09485e-38 6.90695e-35 3.64973e-35
2972.5 1.49758e-38 1.33352e-34 4.29783e-35
2975 1.4896e-38 2.79753e-35 5.96235e-35
2977.5 9.42737e-39 2.5962e-34 3.96213e-35
2980 1.33297e-38 2.33548e-35 5.1853e-35
2982.5 1.42016e-38 1.54951e-35 4.55159e-35
2985 6.35011e-39 1.36472e-34 2.92834e-35
2987.5 1.50825e-38 1.51858e-34 3.75896e-35
2990 8.07598e-39 9.23246e-36 3.48117e-35
2992.5 2.2578e-38 2.58551e-35 5.84688e-35
2995 1.06541e-38 2.53534e-34 4.90489e-35
2997.5 1.26231e-38 2.36741e-34 6.77474e-35
3000 1.00011e-38 1.75895e-34 5.78601e-35
3002.5 1.34697e-38 2.03116e-35 5.73704e-35
3005 1.58368e-38 2.13517e-34 4.21924e-35
3007.5 1.07744e-38 6.74328e-35 4.15507e-35
3010 1.51639e-38 2.1839e-35 4.14048e-35
3012.5 2.67565e-38 5.38005e-35 8.77848e-35
3015 1.08529e-38 2.24085e-34 3.12932e-35
3017.5 1.34854e-38 7.99471e-36 4.79461e-35
3020 1.34069e-38 7.65854e-35 3.77559e-35
3022.5 2.13961e-38 1.20422e-34 5.19193e-35
3025 1.185e-38 2.3766e-34 3.56516e-35
3027.5 1.56425e-38 4.4921e-35 5.88586e-35
3030 2.2008e-38 1.77569e-35 4.98949e-35
3032.5 1.57119e-38 3.47143e-34 7.09773e-35
3035 1.24321e-38 4.38212e-35 4.39502e-35
3037.5 1.01663e-38 9.81319e-36 3.56136e-35
3040 2.43518e-38 8.03158e-36 4.26624e-35
3042.5 1.79248e-38 3.71812e-34 3.01963e-35
3045 1.73979e-38 3.74872e-35 4.93918e-35
3047.5 1.63443e-38 1.62362e-34 4.65097e-35
3050 1.34281e-38 3.74903e-35 5.181e-35
3052.5 1.02582e-38 1.23409e-34 4.45447e-35
3055 1.96885e-38 2.21878e-35 4.6472e-35
3057.5 1.0834e-38 4.51426e-35 3.77726e-35
3060 1.4869e-38 1.44616e-34 4.302e-35
3062.5 1.89838e-38 7.09348e-35 4.80221e-35
3065 1.94467e-38 5.23535e-35 6.94405e-35
3067.5 1.3271e-38 7.8123e-35 5.85424e-35
3070 1.29289e-38 2.85652e-34 3.67372e-35
3072.5 1.76504e-38 2.23016e-34 4.29015e-35
3075 1.57561e-38 1.58238e-34 3.25518e-35
3077.5 1.42182e-38 4.32889e-35 4.53358e-35
3080 1.06084e-38 9.72808e-35 4.33532e-35
3082.5 1.7654e-38 3.53396e-35 6.83718e-35
3085 1.28642e-38 6.80199e-35 5.01483e-35
3087.5 2.65514e-38 1.25472e-34 8.36437e-35
3090 1.30957e-38 2.51334e-34 3.99201e-35
3092.5 1.39329e-38 1.81609e-35 4.27609e-35
3095 1.42627e-38 1.12952e-34 3.06575e-35
3097.5 1.16251e-38 1.01148e-34 3.35488e-35
3100 1.8105e-38 1.52466e-34 4.98063e-35
3102.5 1.70145e-38 7.09826e-35 4.82542e-35
3105 2.09201e-38 9.82775e-35 4.70572e-35
3107.5 1.14268e-38 1.56431e-34 3.58597e-35
3110 1.1085e-38 4.07819e-35 3.62377e-35
3112.5 1.68277e-38 5.18595e-35 4.07212e-35
3115 1.31134e-38 1.55631e-34 5.11448e-35
3117.5 1.37232e-38 2.66949e-34 6.07147e-35
3120 1.72303e-38 7.07041e-35 6.71965e-35
3122.5 9.04875e-39 4.14086e-35 3.96159e-35
3125 1.54997e-38 1.25626e-34 3.479e-35
3127.5 1.31082e-38 2.20453e-35 2.49121e-35
3130 9.18279e-39 7.95909e-35 2.66008e-35
3132.5 1.69249e-38 1.28368e-34 3.40108e-35
3135 1.13e-38 7.86362e-35 3.42656e-35
3137.5 1.3495e-38 2.56343e-35 4.96167e-35
3140 8.03743e-39 5.45768e-35 5.79844e-35
3142.5 1.05292e-38 2.75591e-34 4.48255e-35
3145 1.45667e-38 9.56487e-35 3.99032e-35
3147.5 1.27621e-38 1.19732e-34 4.57345e-35
3150 1.39319e-38 3.77696e-35 4.02341e-35
3152.5 2.07403e-38 1.56301e-34 5.61485e-35
3155 5.68757e-39 1.42332e-35 3.04874e-35
3157.5 1.29497e-38 1.81397e-34 5.41893e-35
3160 1.28771e-38 8.39772e-35 3.70206e-35
3162.5 8.91807e-39 1.58277e-34 2.18659e-35
3165 1.23068e-38 5.50092e-35 3.20756e-35
3167.5 8.29647e-39 5.48893e-35 3.44358e-35
3170 1.17499e-38 1.56036e-34 5.65003e-35
3172.5 2.4549e-38 4.37096e-35 7.67125e-35
3175 1.13302e-38 5.38172e-35 6.83473e-35
3177.5 1.22364e-38 2.39257e-35 4.82226e-35
3180 1.16799e-38 2.31998e-34 4.59686e-35
3182.5 8.23923e-39 8.33981e-35 2.56612e-35
3185 1.24286e-38 1.12124e-34 3.45249e-35
3187.5 1.98285e-38 8.53495e-35 4.04259e-35
3190 2.03778e-38 3.06476e-34 5.30623e-35
3192.5 1.45969e-38 2.31658e-35 4.15679e-35
3195 1.28747e-38 5.51942e-35 3.69439e-35
3197.5 1.10633e-38 1.05086e-35 3.59568e-35
3200 1.16102e-38 1.69646e-34 3.79607e-35
3202.5 1.57074e-38 1.23922e-35 6.39467e-35
3205 1.75948e-38 5.73683e-35 6.21854e-35
3207.5 2.17374e-38 1.35724e-34 7.81553e-35
3210 1.13157e-38 1.27596e-34 6.76613e-35
3212.5 1.46824e-38 5.84927e-35 5.16601e-35
3215 1.19592e-38 7.37778e-35 3.24065e-35
3217.5 1.95716e-38 3.01838e-34 4.84924e-35
3220 9.36077e-39 3.28952e-35 1.4918e-35
3222.5 1.07591e-38 7.06335e-36 5.58479e-35
3225 2.53157e-38 3.04099e-35 6.91487e-35
3227.5 1.59722e-38 2.3338e-34 7.07996e-35
3230 2.04019e-38 4.8649e-35 5.16918e-35
3232.5 2.11319e-38 1.20628e-34 7.22372e-35
3235 2.13162e-38 1.04145e-34 5.82387e-35
3237.5 2.02078e-38 1.59977e-34 4.79782e-35
3240 1.42601e-38 6.44172e-35 5.07107e-35
3242.5 1.0678e-38 8.72947e-35 6.17771e-35
3245 2.25761e-38 1.31896e-34 7.07993e-35
3247.5 1.75725e-38 1.90973e-35 3.23884e-35
3250 2.33804e-38 4.47621e-35 3.99942e-35
3252.5 9.61142e-39 4.52494e-35 2.08894e-35
3255 1.78612e-38 2.1116e-34 4.1906e-35
3257.5 1.55393e-38 1.30383e-34 5.96749e-35
3260 2.30523e-38 3.2923e-35 7.30079e-35
3262.5 1.35292e-38 8.75023e-35 6.18538e-35
3265 1.46472e-38 2.57215e-34 6.16231e-35
3267.5 1.48777e-38 1.9671e-34 4.44655e-35
3270 1.52197e-38 3.45108e-35 4.62497e-35
3272.5 9.17455e-39 2.19646e-35 4.42983e-35
3275 1.20881e-38 8.28071e-35 3.42846e-35
3277.5 1.14286e-38 1.15066e-35 4.7439e-35
3280 9.30649e-39 5.47901e-35 4.36795e-35
3282.5 8.29061e-39 1.04421e-34 3.27854e-35
3285 1.37261e-38 8.09619e-35 2.70015e-35
3287.5 1.34445e-38 5.80871e-35 3.0203e-35
3290 7.90096e-39 1.10041e-34 3.13368e-35
3292.5 1.33876e-38 1.76317e-34 7.06935e-35
3295 1.16913e-38 1.6215e-34 5.49115e-35
3297.5 1.26311e-38 9.00828e-35 7.26309e-35
3300 1.76115e-38 8.38627e-35 6.79612e-35
3302.5 1.55767e-38 1.36712e-34 4.29198e-35
3305 2.40682e-38 2.48112e-35 3.79745e-35
3307.5 1.77988e-38 2.99528e-35 3.98905e-35
3310 2.80551e-38 9.0612e-35 6.69233e-35
3312.5 1.62096e-38 8.62372e-35 4.80243e-35
3315 3.27399e-38 1.77389e-34 8.70475e-35
3317.5 2.04905e-38 8.2949e-35 5.97371e-35
3320 1.837e-38 6.71122e-35 5.78427e-35
3322.5 2.03274e-38 2.99247e-35 4.23351e-35
3325 2.00805e-38 1.30399e-34 5.72782e-35
3327.5 2.07595e-38 1.40363e-34 5.86623e-35
3330 1.97333e-38 7.14935e-35 7.15918e-35
3332.5 1.24662e-38 6.063e-35 5.3111e-35
3335 1.3761e-38 1.30064e-35 4.38823e-35
3337.5 1.25129e-38 9.23614e-35 4.71738e-35
3340 1.64528e-38 1.17637e-34 4.11442e-35
3342.5 1.31483e-38 2.64359e-34 3.80899e-35
3345 1.40462e-38 1.15226e-34 4.09498e-35
3347.5 1.65033e-38 5.2711e-35 7.26879e-35
3350 1.9032e-38 6.85668e-35 6.10272e-35
3352.5 9.53606e-39 7.16064e-35 5.24499e-35
3355 1.55285e-38 7.26738e-35 4.66856e-35
3357.5 1.43503e-38 5.66845e-35 5.34094e-35
3360 1.02935e-38 1.60449e-35 3.46726e-35
3362.5 1.84055e-38 4.12671e-35 6.31541e-35
3365 1.31771e-38 1.0252e-34 5.19305e-35
3367.5 3.24714e-38 2.02741e-34 5.2202e-35
3370 1.38317e-38 1.31431e-34 3.83569e-35
3372.5 1.342e-38 1.89277e-34 3.13974e-35
3375 1.46549e-38 1.83466e-34 3.72166e-35
3377.5 1.20421e-38 4.48795e-35 3.72378e-35
3380 8.78854e-39 5.84609e-35 5.47684e-35
3382.5 1.80014e-38 2.37736e-35 5.72367e-35
3385 2.30491e-38 7.03397e-35 7.36902e-35
3387.5 1.76795e-38 3.57333e-35 4.82485e-35
3390 1.27967e-38 1.58774e-34 4.84599e-35
3392.5 1.67409e-38 7.53613e-35 2.8075e-35
3395 1.45213e-38 1.33324e-34 3.30461e-35
3397.5 2.15058e-38 4.15322e-35 3.96288e-35
3400 2.89833e-38 1.84393e-34 5.91764e-35
3402.5 7.57221e-39 1.72154e-34 4.14969e-35
3405 1.42259e-38 5.42416e-35 4.69469e-35
3407.5 1.6977e-38 3.87434e-35 5.13306e-35
3410 1.71797e-38 1.62158e-35 4.48597e-35
3412.5 1.64978e-38 5.72439e-35 5.51068e-35
3415 9.8375e-39 1.64992e-34 6.00797e-35
3417.5 1.34502e-38 6.35572e-35 5.104e-35
3420 1.49455e-38 1.48749e-34 5.74464e-35
3422.5 1.87964e-38 5.67837e-35 4.34638e-35
3425 2.1453e-38 1.39077e-34 3.06419e-35
3427.5 1.41271e-38 1.51375e-34 2.36332e-35
3430 1.47385e-38 6.55326e-35 4.23252e-35
3432.5 2.31935e-38 1.30604e-35 4.04284e-35
3435 2.07398e-38 3.3935e-35 5.90146e-35
3437.5 2.11887e-38 2.49712e-35 5.579e-35
3440 1.63875e-38 3.86528e-35 5.04358e-35
3442.5 8.3481e-39 1.78847e-34 3.4207e-35
3445 1.90746e-38 1.24228e-35 5.27367e-35
3447.5 6.61726e-39 1.65711e-34 3.13757e-35
3450 2.11729e-38 1.85224e-34 5.3641e-35
3452.5 1.57764e-38 1.9901e-34 4.15663e-35
3455 3.54804e-38 8.83463e-35 8.53814e-35
3457.5 1.38891e-38 3.04149e-35 3.10916e-35
3460 1.73372e-38 2.55477e-35 5.55029e-35
3462.5 2.10409e-38 1.28144e-35 3.55169e-35
3465 2.44099e-38 3.8834e-35 5.62597e-35
3467.5 1.99795e-38 1.0274e-34 5.34693e-35
3470 1.96568e-38 9.15013e-35 7.96269e-35
3472.5 1.51373e-38 1.84725e-35 7.07083e-35
3475 1.43472e-38 1.30112e-34 5.99685e-35
3477.5 1.15702e-38 1.37033e-34 4.63432e-35
3480 1.81536e-38 1.9144e-34 3.87377e-35
3482.5 1.27585e-38 1.42472e-34 2.83408e-35
3485 1.55333e-38 1.01551e-34 5.15229e-35
3487.5 1.52478e-38 3.65596e-35 4.15656e-35
3490 2.07807e-38 4.62037e-35 7.08684e-35
3492.5 1.17154e-38 4.80259e-36 5.35825e-35
3495 1.9568e-38 1.00794e-34 5.8116e-35
3497.5 1.23542e-38 7.73927e-35 4.63958e-35
3500 1.77754e-38 9.4764e-35 5.5025e-35
3502.5 1.6025e-38 9.18109e-35 5.2318e-35
3505 1.15101e-38 9.19366e-35 6.26728e-35
3507.5 1.2104e-38 1.3413e-34 4.81232e-35
3510 1.56737e-38 6.87923e-35 6.01913e-35
3512.5 2.15834e-38 8.65517e-35 3.40426e-35
3515 1.2725e-38 3.81299e-35 2.83786e-35
3517.5 1.7381e-38 1.38279e-35 2.39984e-35
3520 1.83702e-38 3.19174e-35 5.39135e-35
3522.5 1.77798e-38 9.45742e-35 6.18076e-35
3525 1.83175e-38 1.78279e-34 7.59877e-35
3527.5 1.95963e-38 1.92867e-34 4.62848e-35
3530 1.98506e-38 9.71101e-35 7.15551e-35
3532.5 1.04961e-38 1.21666e-34 3.62298e-35
3535 1.09666e-38 1.07311e-34 5.5755e-35
3537.5 1.26774e-38 1.912e-35 5.32896e-35
3540 9.99588e-39 2.68325e-35 4.88989e-35
3542.5 1.16325e-38 4.08021e-35 5.43457e-35
3545 1.47647e-38 2.44919e-35 5.31916e-35
3547.5 1.97958e-38 2.8378e-35 4.80872e-35
3550 1.52182e-38 5.52272e-35 2.76682e-35
3552.5 1.71909e-38 2.46368e-34 7.3165e-35
3555 1.56705e-38 1.01191e-34 8.84249e-35
3557.5 2.04526e-38 1.18799e-34 6.8429e-35
3560 1.94046e-38 1.39733e-34 7.76102e-35
3562.5 1.76988e-38 6.63913e-35 1.04492e-34
3565 1.24276e-38 4.11943e-35 6.30518e-35
3567.5 7.34967e-39 2.9907e-35 2.8877e-35
3570 1.6646e-38 3.78187e-35 3.78887e-35
3572.5 2.45366e-38 3.85906e-35 7.60738e-35
3575 1.68277e-38 1.01091e-34 7.72503e-35
3577.5 1.9187e-38 4.0159e-35 6.0096e-35
3580 9.92399e-39 1.66133e-34 4.52812e-35
3582.5 1.60908e-38 8.2731e-35 5.73227e-35
3585 1.36907e-38 1.03996e-34 5.28019e-35
3587.5 1.77808e-38 7.09766e-35 7.13809e-35
3590 1.67447e-38 4.00294e-35 7.08766e-35
3592.5 1.86725e-38 1.03586e-34 7.74919e-35
3595 2.01824e-38 3.35217e-35 7.7828e-35
3597.5 1.94635e-38 2.14887e-35 8.31516e-35
3600 1.76806e-38 7.79115e-35 5.76437e-35
3602.5 1.23447e-38 7.57737e-35 3.03541e-35
3605 1.48605e-38 9.59713e-35 4.52116e-35
3607.5 1.46473e-38 1.66911e-34 5.87918e-35
3610 1.47037e-38 1.21457e-34 5.47516e-35
3612.5 1.42696e-38 6.72196e-35 5.77846e-35
3615 1.60751e-38 2.11052e-35 5.93645e-35
3617.5 1.69374e-38 3.2281e-35 5.76648e-35
3620 2.18655e-38 1.29017e-34 4.27184e-35
3622.5 3.74159e-38 4.11183e-35 7.46087e-35
3625 2.46597e-38 2.12765e-35 5.28368e-35
3627.5 2.4804e-38 1.55593e-34 6.03684e-35
3630 2.37942e-38 2.85544e-35 5.88036e-35
3632.5 1.94412e-38 6.61241e-35 7.19833e-35
3635 3.66363e-38 1.73186e-34 7.75846e-35
3637.5 2.36635e-38 1.33441e-34 4.66147e-35
3640 1.53999e-38 2.14817e-34 4.74772e-35
3642.5 1.49204e-38 3.65832e-35 6.26144e-35
3645 1.53403e-38 1.33177e-34 8.0238e-35
3647.5 2.90659e-38 3.69786e-35 8.28983e-35
3650 2.03923e-38 4.91426e-35 7.39066e-35
3652.5 1.14092e-38 4.34515e-35 4.45728e-35
3655 1.86484e-38 9.52411e-35 4.14645e-35
3657.5 4.08136e-38 5.54125e-35 5.1883e-35
3660 1.41348e-38 6.82889e-35 3.76571e-35
3662.5 1.46064e-38 6.14381e-35 3.77305e-35
3665 1.4347e-38 7.37816e-35 5.92714e-35
3667.5 2.26728e-38 3.41638e-34 7.39655e-35
3670 1.53383e-38 5.52174e-35 3.90432e-35
3672.5 1.45473e-38 4.47452e-35 5.15609e-35
3675 2.478e-38 2.07709e-35 5.30778e-35
3677.5 2.18465e-38 8.94119e-36 7.53748e-35
3680 1.83884e-38 2.19951e-35 6.43147e-35
3682.5 1.62545e-38 7.72044e-35 7.00591e-35
3685 1.29962e-38 1.07366e-34 5.19574e-35
3687.5 1.9737e-38 1.28982e-34 4.79951e-35
3690 1.20358e-38 2.70591e-35 2.00837e-35
3692.5 8.19037e-39 1.5652e-34 2.89992e-35
3695 7.28163e-39 1.85601e-34 2.93543e-35
3697.5 1.40667e-38 4.04556e-35 4.61263e-35
3700 1.93153e-38 2.86612e-35 7.13529e-35
3702.5 2.96507e-38 1.35807e-35 7.11241e-35
3705 1.65476e-38 5.56221e-36 4.86942e-35
3707.5 1.65465e-38 9.34478e-36 5.87769e-35
3710 1.10992e-38 9.55685e-35 6.89074e-35
3712.5 2.34484e-38 8.30217e-35 7.00618e-35
3715 1.02634e-38 2.38496e-34 6.20382e-35
3717.5 1.39692e-38 9.07274e-35 5.39749e-35
3720 1.04667e-38 2.03164e-34 6.2004e-35
3722.5 1.77167e-38 3.89672e-35 6.58393e-35
3725 2.04422e-38 1.38662e-35 3.571e-35
3727.5 2.05058e-38 1.76089e-35 7.00695e-35
3730 1.63389e-38 2.45776e-35 6.39649e-35
3732.5 1.539e-38 1.1423e-35 7.54418e-35
3735 1.21597e-38 1.61491e-35 6.36964e-35
3737.5 1.87066e-38 9.71159e-35 1.07188e-34
3740 1.29617e-38 8.12268e-35 4.10191e-35
3742.5 2.15797e-38 2.32788e-34 4.62386e-35
3745 1.24925e-38 2.08184e-34 4.24838e-35
3747.5 1.58994e-38 9.65143e-35 7.65842e-35
3750 1.16459e-38 4.63429e-35 4.0616e-35
3752.5 1.17708e-38 2.19621e-35 6.06538e-35
3755 1.25966e-38 2.1368e-35 5.30574e-35
3757.5 1.90758e-38 2.90833e-35 9.46756e-35
3760 9.32552e-39 6.45782e-35 3.53711e-35
3762.5 1.97525e-38 3.63437e-35 4.49591e-35
3765 1.94911e-38 8.99795e-35 6.43688e-35
3767.5 1.60266e-38 1.25718e-34 6.22291e-35
3770 1.85777e-38 8.52144e-35 7.28545e-35
3772.5 2.52652e-38 1.26397e-34 6.84372e-35
3775 1.48161e-38 5.07463e-35 4.69955e-35
3777.5 1.70059e-38 1.07492e-34 3.33586e-35
3780 2.49372e-38 1.94291e-35 8.36755e-35
3782.5 1.87217e-38 3.20511e-35 4.828e-35
3785 1.59659e-38 4.91784e-35 4.68497e-35
3787.5 2.1207e-38 3.33837e-35 6.33286e-35
3790 1.96589e-38 6.87928e-35 1.37299e-34
3792.5 1.4058e-38 2.24134e-34 5.19888e-35
3795 2.24508e-38 1.45968e-34 5.95502e-35
3797.5 2.12496e-38 3.58714e-35 5.49249e-35
3800 2.27055e-38 3.72055e-35 1.21433e-34
3802.5 1.92207e-38 6.53845e-35 5.3551e-35
3805 2.27918e-38 7.75444e-35 7.17363e-35
3807.5 1.61048e-38 2.59987e-35 4.98503e-35
3810 2.62836e-38 1.93615e-35 7.87827e-35
3812.5 2.70822e-38 2.54337e-35 4.8828e-35
3815 2.10912e-38 2.28844e-35 4.72045e-35
3817.5 1.48059e-38 4.53497e-35 3.9692e-35
3820 2.42232e-38 2.54384e-34 5.26399e-35
3822.5 2.21979e-38 1.80537e-34 8.9284e-35
3825 2.58885e-38 1.51439e-34 7.60344e-35
3827.5 3.02186e-38 3.03106e-35 7.50362e-35
3830 1.65107e-38 7.13973e-35 4.65861e-35
3832.5 3.20497e-38 3.43708e-35 6.79747e-35
3835 1.85327e-38 2.7233e-35 5.14712e-35
3837.5 1.9008e-38 2.57208e-35 6.35714e-35
3840 1.94859e-38 7.21945e-35 9.23029e-35
3842.5 2.38538e-38 6.56442e-35 9.48449e-35
3845 3.00554e-38 3.46312e-35 8.00721e-35
3847.5 2.21184e-38 1.47201e-34 4.85628e-35
3850 3.0086e-38 5.38211e-35 1.09455e-34
3852.5 2.16391e-38 1.81101e-34 8.2911e-35
3855 2.21241e-38 5.89196e-35 1.03592e-34
3857.5 2.66326e-38 5.94268e-35 7.80715e-35
3860 2.58301e-38 4.18035e-35 1.28957e-34
3862.5 1.08554e-38 7.99774e-36 6.96676e-35
3865 2.50456e-38 1.46415e-35 6.71402e-35
3867.5 1.73898e-38 1.34185e-34 3.0024e-35
3870 2.08036e-38 1.08003e-34 7.35534e-35
3872.5 2.48924e-38 2.17008e-35 7.20198e-35
3875 1.21694e-38 6.55422e-35 6.52332e-35
3877.5 8.95251e-39 6.81244e-35 5.19521e-35
3880 1.68236e-38 1.09553e-34 9.08699e-35
3882.5 1.65569e-38 5.28506e-35 5.53268e-35
3885 1.23076e-38 2.17718e-35 4.25865e-35
3887.5 1.8659e-38 3.24662e-35 6.59629e-35
3890 1.53544e-38 2.46068e-35 7.94474e-35
3892.5 1.32558e-38 4.24394e-35 5.45583e-35
3895 1.57297e-38 1.06867e-34 4.28952e-35
3897.5 1.90071e-38 6.04423e-35 5.69144e-35
3900 1.52969e-38 1.19663e-34 5.396e-35
3902.5 1.43509e-38 1.38311e-34 4.25898e-35
3905 1.64181e-38 8.73602e-35 3.66758e-35
3907.5 1.65284e-38 6.13704e-35 7.38366e-35
3910 1.67107e-38 8.56564e-36 8.00845e-35
3912.5 1.2723e-38 1.902e-35 6.28522e-35
3915 1.62027e-38 4.33705e-35 6.22892e-35
3917.5 1.28678e-38 9.10695e-35 6.6025e-35
3920 1.78762e-38 2.34533e-35 5.93613e-35
3922.5 1.23474e-38 7.20487e-35 4.08226e-35
3925 1.58419e-38 4.02445e-35 5.76423e-35
3927.5 1.88663e-38 1.12046e-34 7.37103e-35
3930 1.1225e-38 1.70027e-34 5.90367e-35
3932.5 2.11415e-38 3.8518e-35 6.86021e-35
3935 1.87154e-38 1.06905e-34 5.50407e-35
3937.5 1.38363e-38 1.96552e-35 4.58491e-35
3940 1.22829e-38 1.29261e-34 5.36725e-35
3942.5 1.82283e-38 3.0036e-35 9.46762e-35
3945 1.6504e-38 1.59606e-34 7.59215e-35
3947.5 1.67404e-38 1.61125e-35 6.30737e-35
3950 1.44109e-38 8.23246e-35 5.58564e-35
3952.5 1.89066e-38 5.05416e-35 6.62248e-35
3955 2.33919e-38 4.9783e-35 3.56503e-35
3957.5 2.88108e-38 5.46094e-35 4.16587e-35
3960 1.8697e-38 2.84788e-35 4.63659e-35
3962.5 2.13064e-38 1.57178e-34 8.26674e-35
3965 2.94116e-38 2.96899e-35 6.31056e-35
3967.5 1.87535e-38 1.2557e-34 6.36469e-35
3970 1.3532e-38 5.24632e-35 6.16321e-35
3972.5 2.40446e-38 4.26944e-35 5.62482e-35
3975 1.21754e-38 2.8197e-35 4.2831e-35
3977.5 2.06198e-38 1.4781e-34 4.71459e-35
3980 1.5141e-38 4.30363e-35 6.42186e-35
3982.5 1.59772e-38 1.05147e-34 5.09915e-35
3985 1.20478e-38 1.69098e-35 3.06247e-35
3987.5 2.50241e-38 1.03116e-34 3.83968e-35
3990 1.74745e-38 6.77748e-35 3.09848e-35
3992.5 2.20997e-38 9.98325e-35 3.99664e-35
3995 3.21465e-38 4.62437e-35 6.61548e-35
3997.5 3.97343e-38 1.49572e-35 5.654e-35
4000 3.41407e-38 1.53409e-35 6.12175e-35
4002.5 2.41549e-38 2.62591e-35 8.12177e-35
4005 1.81965e-38 1.20476e-34 5.77821e-35
4007.5 1.13444e-38 3.72482e-35 3.25535e-35
4010 2.78225e-38 2.13416e-34 5.63457e-35
4012.5 1.32439e-38 6.41454e-35 4.53707e-35
4015 1.69306e-38 1.14968e-34 4.82287e-35
4017.5 4.78482e-38 4.14909e-35 1.02748e-34
4020 2.50561e-38 9.53447e-35 5.00525e-35
4022.5 3.1531e-38 6.81535e-36 5.3887e-35
4025 2.14985e-38 4.12025e-35 3.55039e-35
4027.5 2.31384e-38 4.80648e-35 4.15352e-35
4030 2.0697e-38 4.06023e-35 5.51895e-35
4032.5 1.57641e-38 6.31386e-35 7.62758e-35
4035 2.23322e-38 6.81321e-35 5.97154e-35
4037.5 9.39593e-39 1.8396e-34 5.11267e-35
4040 1.08424e-38 7.73448e-35 3.11619e-35
4042.5 1.78626e-38 5.86168e-35 4.13536e-35
4045 1.42975e-38 7.79675e-35 4.45543e-35
4047.5 2.6867e-38 4.8419e-35 4.14345e-35
4050 1.95274e-38 3.7177e-35 6.18541e-35
4052.5 1.39461e-38 1.02744e-34 5.10689e-35
4055 1.56383e-38 5.08047e-35 6.42642e-35
4057.5 1.88534e-38 3.4644e-35 4.13119e-35
4060 2.47741e-38 5.00001e-35 5.23163e-35
4062.5 1.87403e-38 1.48411e-34 4.11064e-35
4065 2.9357e-38 9.90858e-35 6.61504e-35
4067.5 3.07529e-38 6.98649e-35 5.97168e-35
4070 1.5298e-38 1.81169e-35 6.83197e-35
4072.5 3.20496e-38 6.35986e-35 5.77137e-35
4075 2.73005e-38 3.83075e-35 3.2597e-35
4077.5 1.51168e-38 9.77849e-35 2.97368e-35
4080 1.65733e-38 5.11573e-35 2.68482e-35
4082.5 1.9853e-38 4.67973e-35 4.80235e-35
4085 1.65181e-38 8.23914e-35 5.32327e-35
4087.5 1.27277e-38 1.07146e-34 4.85476e-35
4090 1.90875e-38 9.37175e-35 4.7986e-35
4092.5 2.13477e-38 8.7481e-35 4.59146e-35
4095 2.72884e-38 1.90206e-35 3.82175e-35
4097.5 1.01083e-38 2.83991e-35 3.61577e-35
4100 1.33832e-38 3.41396e-35 3.42199e-35
4102.5 1.71824e-38 9.77144e-35 5.61296e-35
4105 2.95224e-38 3.55581e-35 5.2194e-35
4107.5 2.04643e-38 3.65605e-35 4.83025e-35
4110 1.22461e-38 4.1678e-35 4.35735e-35
4112.5 7.66701e-39 3.68473e-35 2.99717e-35
4115 1.07216e-38 1.40475e-34 4.30555e-35
4117.5 1.98088e-38 2.54319e-35 5.10023e-35
4120 1.85946e-38 1.55648e-34 6.14759e-35
4122.5 1.86745e-38 1.98874e-35 4.79186e-35
4125 1.41302e-38 9.19172e-35 7.34406e-35
4127.5 2.45614e-38 1.88723e-35 4.71511e-35
4130 2.954e-38 6.56077e-35 3.20141e-35
4132.5 2.01067e-38 3.67899e-35 3.10296e-35
4135 1.41366e-38 1.5258e-34 5.57413e-35
4137.5 1.94806e-38 7.13625e-35 5.00556e-35
4140 9.16891e-39 1.05283e-35 5.94663e-35
4142.5 1.58162e-38 3.28655e-35 4.32807e-35
4145 1.6142e-38 1.90142e-35 5.31732e-35
4147.5 2.40074e-38 1.62952e-34 5.45578e-35
4150 1.62104e-38 4.0259e-35 3.8712e-35
4152.5 1.05409e-38 7.12333e-35 5.14595e-35
4155 2.30919e-38 3.09242e-35 6.19719e-35
4157.5 2.34847e-38 1.77698e-35 7.6329e-35
4160 1.88317e-38 3.72651e-35 5.20208e-35
4162.5 1.37234e-38 1.94944e-34 5.11438e-35
4165 1.57363e-38 1.05785e-34 4.64846e-35
4167.5 1.4632e-38 4.89101e-35 3.77389e-35
4170 1.64736e-38 2.49538e-35 3.53725e-35
4172.5 1.5704e-38 4.89405e-35 5.24892e-35
4175 1.39714e-38 6.79731e-35 6.46841e-35
4177.5 2.75469e-38 5.8543e-35 9.1281e-35
4180 1.98748e-38 4.04174e-35 6.11199e-35
4182.5 4.32262e-38 1.43135e-35 7.42455e-35
4185 3.73937e-38 4.69664e-35 5.53638e-35
4187.5 1.58744e-38 4.30816e-35 4.75274e-35
4190 1.23613e-38 7.86534e-35 4.6563e-35
4192.5 1.94845e-38 4.15723e-35 4.55301e-35
4195 1.31542e-38 1.46507e-34 4.66045e-35
4197.5 2.56857e-38 9.78533e-35 4.69352e-35
4200 1.2705e-38 6.77586e-35 4.85423e-35
4202.5 2.10275e-38 5.34235e-35 4.0501e-35
4205 1.46117e-38 3.14043e-35 4.87646e-35
4207.5 1.99946e-38 5.13151e-35 6.41481e-35
4210 1.56434e-38 1.75096e-35 6.83295e-35
4212.5 1.58824e-38 8.1228e-35 6.32634e-35
4215 1.32157e-38 5.79284e-36 3.482e-35
4217.5 1.48607e-38 3.38419e-35 3.14301e-35
4220 1.45636e-38 3.26123e-35 2.30847e-35
4222.5 2.73883e-38 6.31215e-35 3.39171e-35
4225 2.23786e-38 1.22984e-34 4.92781e-35
4227.5 2.08681e-38 3.67987e-35 5.37166e-35
4230 2.45774e-38 8.81606e-35 5.07796e-35
4232.5 2.37327e-38 2.39095e-35 6.71707e-35
4235 1.86164e-38 7.04432e-35 4.7461e-35
4237.5 1.61219e-38 2.31996e-35 5.33924e-35
4240 1.46617e-38 8.35302e-35 5.62898e-35
4242.5 1.44411e-38 3.44602e-35 6.28362e-35
4245 3.56822e-38 1.00973e-34 7.16568e-35
4247.5 2.67507e-38 8.18461e-35 5.97591e-35
4250 1.17876e-38 6.63596e-35 5.28493e-35
4252.5 2.26581e-38 5.36548e-35 3.15876e-35
4255 1.9937e-38 1.55638e-35 3.60946e-35
4257.5 3.03377e-38 3.01156e-35 4.46015e-35
4260 2.76596e-38 6.54609e-35 7.14826e-35
4262.5 4.22592e-38 1.14944e-34 8.21556e-35
4265 1.6344e-38 2.48152e-35 7.75466e-35
4267.5 1.72797e-38 2.56501e-35 5.52345e-35
4270 1.91377e-38 9.45755e-35 6.11887e-35
4272.5 1.6996e-38 1.5688e-34 4.47457e-35
4275 2.39408e-38 5.74897e-35 5.40326e-35
4277.5 2.14959e-38 9.87358e-35 6.49322e-35
4280 1.89366e-38 4.72517e-35 5.36892e-35
4282.5 1.46003e-38 4.49805e-35 4.61754e-35
4285 2.11072e-38 2.28397e-35 4.94524e-35
4287.5 1.19001e-38 1.61423e-34 2.84451e-35
4290 1.48594e-38 6.00536e-35 3.37224e-35
4292.5 1.30901e-38 1.98926e-35 4.8374e-35
4295 1.70032e-38 4.68248e-35 5.7313e-35
4297.5 1.8415e-38 4.54052e-35 6.79894e-35
4300 4.05682e-38 1.24575e-34 6.37686e-35
4302.5 4.02613e-38 1.09946e-35 7.07313e-35
4305 3.49299e-38 5.73423e-35 6.51609e-35
4307.5 2.06346e-38 3.61939e-35 3.49267e-35
4310 2.01728e-38 1.33229e-34 6.70871e-35
4312.5 1.63584e-38 4.84963e-35 4.48142e-35
4315 1.54136e-38 1.10586e-34 4.71903e-35
4317.5 3.15761e-38 2.4015e-35 5.94994e-35
4320 2.68442e-38 7.51606e-35 4.69005e-35
4322.5 1.91534e-38 3.14592e-35 5.30571e-35
4325 2.49683e-38 1.68882e-35 5.60776e-35
4327.5 1.99142e-38 6.20104e-35 6.00106e-35
4330 1.59265e-38 2.14606e-35 5.61292e-35
4332.5 2.86472e-38 3.32657e-35 6.7895e-35
4335 1.52171e-38 6.74661e-35 4.04092e-35
4337.5 1.72167e-38 5.13977e-35 3.68366e-35
4340 1.7486e-38 8.9121e-35 4.49705e-35
4342.5 3.46782e-38 2.85566e-35 4.38914e-35
4345 1.14008e-38 7.45148e-35 3.62721e-35
4347.5 1.75067e-38 1.05335e-34 5.1628e-35
4350 2.45302e-38 4.11298e-35 6.18464e-35
4352.5 1.4153e-38 3.022e-35 5.6812e-35
4355 1.24945e-38 4.32502e-35 5.40997e-35
4357.5 2.09592e-38 4.78984e-35 6.02294e-35
4360 1.69032e-38 8.65014e-35 4.34569e-35
4362.5 2.64171e-38 7.69068e-35 5.09895e-35
4365 3.26207e-38 1.58403e-35 4.88032e-35
4367.5 1.39502e-38 3.70996e-35 4.97496e-35
4370 1.39103e-38 6.69271e-35 4.67249e-35
4372.5 1.18207e-38 1.16122e-34 3.02543e-35
4375 1.94296e-38 4.29665e-35 2.16069e-35
4377.5 1.73836e-38 2.54075e-35 5.52562e-35
4380 2.29371e-38 7.03829e-35 3.29463e-35
4382.5 1.90269e-38 6.04905e-35 5.22704e-35
4385 2.3819e-38 2.88933e-35 7.77805e-35
4387.5 2.10974e-38 1.22078e-34 5.52051e-35
4390 1.90102e-38 4.05598e-35 7.0374e-35
4392.5 2.14952e-38 8.63983e-35 4.20517e-35
4395 1.0671e-38 5.07779e-35 3.6979e-35
4397.5 1.73693e-38 1.31916e-34 3.34243e-35
4400 1.72946e-38 8.13113e-35 6.46547e-35
4402.5 1.83482e-38 7.03124e-35 4.58144e-35
4405 1.60155e-38 2.55423e-35 5.65789e-35
4407.5 1.19954e-38 3.31837e-35 3.97849e-35
4410 1.94211e-38 4.15348e-35 4.17453e-35
4412.5 1.42097e-38 2.54673e-35 3.9016e-35
4415 1.68831e-38 1.00832e-34 5.08552e-35
4417.5 1.03018e-38 4.07707e-35 5.3366e-35
4420 1.54333e-38 1.78427e-34 5.59136e-35
4422.5 1.61085e-38 3.6705e-35 5.90209e-35
4425 1.5605e-38 7.41372e-35 3.98964e-35
4427.5 1.37896e-38 6.71678e-35 2.98767e-35
4430 1.95246e-38 9.70942e-35 2.35661e-35
4432.5 1.71133e-38 3.29835e-35 4.29233e-35
4435 1.28155e-38 2.69954e-35 4.433e-35
4437.5 1.62602e-38 1.63426e-35 4.89925e-35
4440 3.98729e-38 1.20889e-35 8.70195e-35
4442.5 2.19841e-38 2.59041e-35 5.44006e-35
4445 2.747e-38 1.17763e-34 6.06962e-35
4447.5 2.9085e-38 9.8851e-35 4.51263e-35
4450 2.0568e-38 1.75233e-35 6.34121e-35
4452.5 2.00259e-38 2.67464e-35 4.80124e-35
4455 2.32701e-38 9.70647e-35 8.0181e-35
4457.5 1.30122e-38 5.57905e-35 3.39252e-35
4460 1.23413e-38 1.78067e-35 4.78562e-35
4462.5 1.3713e-38 5.39983e-35 2.98144e-35
4465 2.0501e-38 2.43472e-35 4.51122e-35
4467.5 3.69729e-38 3.81141e-35 6.31644e-35
4470 3.59842e-38 1.72587e-35 7.44226e-35
4472.5 2.30939e-38 1.27109e-34 7.86685e-35
4475 2.64695e-38 6.05231e-35 7.02787e-35
4477.5 2.92359e-38 3.37996e-35 6.4638e-35
4480 1.56219e-38 5.37925e-35 4.68128e-35
4482.5 1.34586e-38 5.10866e-35 3.19969e-35
4485 1.68771e-38 3.14902e-35 3.39793e-35
4487.5 1.85195e-38 1.93538e-35 3.73828e-35
4490 2.52977e-38 3.94813e-35 5.9769e-35
4492.5 2.6835e-38 3.69389e-35 9.64765e-35
4495 1.36192e-38 9.5743e-35 4.25174e-35
4497.5 1.22822e-38 7.13259e-35 4.98548e-35
4500 3.17651e-38 8.19602e-35 6.20293e-35
4502.5 2.25149e-38 1.20176e-34 6.05281e-35
4505 2.55581e-38 6.35901e-35 6.57554e-35
4507.5 2.55692e-38 7.56468e-35 8.22391e-35
4510 1.80771e-38 1.1402e-35 6.01535e-35
4512.5 2.47646e-38 7.25557e-35 5.39963e-35
4515 2.33812e-38 2.33701e-35 5.00499e-35
4517.5 2.16252e-38 2.03018e-35 3.57181e-35
4520 2.37453e-38 6.93388e-35 5.86165e-35
4522.5 1.73042e-38 5.47908e-35 4.64028e-35
4525 2.09538e-38 7.96214e-35 6.69748e-35
4527.5 2.72817e-38 6.21563e-35 6.28448e-35
4530 3.39878e-38 8.88551e-35 7.23084e-35
4532.5 2.56539e-38 2.84086e-35 6.10257e-35
4535 3.73301e-38 9.46393e-35 8.66079e-35
4537.5 2.84082e-38 5.79101e-35 5.43686e-35
4540 2.45084e-38 7.85879e-35 8.84768e-35
4542.5 1.56628e-38 4.59292e-35 7.66104e-35
4545 1.43532e-38 3.77486e-35 6.21492e-35
4547.5 2.62481e-38 6.29383e-35 5.82887e-35
4550 2.35008e-38 1.41707e-35 4.29355e-35
4552.5 2.37878e-38 2.7667e-35 6.41611e-35
4555 1.76669e-38 7.09836e-35 3.96572e-35
4557.5 3.84604e-38 8.21395e-35 6.6791e-35
4560 1.55572e-38 3.75977e-35 6.90716e-35
4562.5 1.50767e-38 2.14077e-35 6.75366e-35
4565 2.04041e-38 9.134e-35 5.92322e-35
4567.5 4.16141e-38 9.52975e-35 8.38709e-35
4570 4.58454e-38 6.34503e-35 5.40702e-35
4572.5 3.06223e-38 1.00904e-34 5.77901e-35
4575 3.3858e-38 3.68528e-35 6.3832e-35
4577.5 1.71482e-38 3.0464e-35 4.23696e-35
4580 3.30427e-38 8.15164e-36 5.81017e-35
4582.5 3.65783e-38 5.29487e-35 5.73441e-35
4585 2.16175e-38 4.87149e-35 4.75375e-35
4587.5 2.05249e-38 5.01052e-35 2.86827e-35
4590 2.40006e-38 7.1977e-35 6.34423e-35
4592.5 2.75349e-38 1.5363e-35 4.52461e-35
4595 2.83563e-38 6.77314e-35 8.42194e-35
4597.5 2.80207e-38 5.92246e-35 6.13377e-35
4600 3.39556e-38 5.94823e-35 8.12936e-35
4602.5 3.10231e-38 2.47417e-35 5.29945e-35
4605 1.81475e-38 6.33967e-35 4.12901e-35
4607.5 1.59752e-38 2.65651e-35 4.00445e-35
4610 1.66052e-38 3.04383e-35 3.8645e-35
4612.5 3.16241e-38 9.53204e-35 6.06403e-35
4615 2.61069e-38 8.3201e-35 6.89336e-35
4617.5 2.5399e-38 1.09487e-34 7.01848e-35
4620 1.89672e-38 4.74316e-35 4.27051e-35
4622.5 1.85956e-38 2.12906e-35 4.96532e-35
4625 1.74409e-38 3.11601e-35 3.99837e-35
4627.5 3.5632e-38 2.842e-35 6.70387e-35
4630 1.7358e-38 4.78243e-35 6.61957e-35
4632.5 1.86183e-38 3.02643e-35 5.62009e-35
4635 1.77259e-38 2.56143e-35 5.66496e-35
4637.5 9.76935e-39 5.54387e-35 1.80448e-35
4640 2.3787e-38 7.98105e-35 3.07498e-35
4642.5 1.4686e-38 6.01498e-35 3.49317e-35
4645 4.14206e-38 8.37667e-35 7.15954e-35
4647.5 2.30004e-38 8.72052e-35 7.43556e-35
4650 5.31246e-38 6.40311e-35 1.0654e-34
4652.5 1.71736e-38 8.2945e-35 6.35042e-35
4655 2.88101e-38 7.81019e-35 5.93354e-35
4657.5 3.59468e-38 3.1092e-35 5.35508e-35
4660 1.69397e-38 3.15353e-35 4.24225e-35
4662.5 2.8914e-38 1.15692e-35 4.86469e-35
4665 1.65526e-38 1.33426e-34 5.44791e-35
4667.5 3.29708e-38 1.60433e-35 6.9774e-35
4670 1.49465e-38 1.04455e-35 4.84925e-35
4672.5 2.17345e-38 4.96408e-35 2.8146e-35
4675 3.05182e-38 3.4864e-35 4.15787e-35
4677.5 2.35825e-38 5.35909e-35 5.36848e-35
4680 2.92895e-38 1.23895e-34 4.80708e-35
4682.5 1.84489e-38 1.0193e-34 5.79701e-35
4685 3.09453e-38 2.26047e-35 7.29614e-35
4687.5 1.54531e-38 6.36629e-35 5.86445e-35
4690 2.35103e-38 3.20238e-35 5.41265e-35
4692.5 2.15138e-38 1.12542e-34 4.16733e-35
4695 1.56813e-38 3.07091e-35 2.30612e-35
4697.5 1.73761e-38 5.45612e-35 4.20933e-35
4700 1.11334e-38 4.56295e-35 4.52611e-35
4702.5 1.74995e-38 1.66058e-35 5.07657e-35
4705 1.34897e-38 1.79682e-35 6.2851e-35
4707.5 2.48142e-38 6.51366e-35 4.66304e-35
4710 2.30682e-38 7.0448e-35 5.35046e-35
4712.5 1.84885e-38 7.14358e-35 4.47944e-35
4715 2.90322e-38 5.49814e-35 9.74967e-35
4717.5 1.7705e-38 2.42325e-35 4.23356e-35
4720 2.25381e-38 4.53662e-35 5.84032e-35
4722.5 3.41394e-38 3.00234e-35 5.2556e-35
4725 1.40002e-38 5.32218e-35 7.76944e-35
4727.5 2.75232e-38 9.97061e-35 4.48208e-35
4730 2.92765e-38 5.19601e-35 5.68638e-35
4732.5 2.05558e-38 1.19163e-35 4.8605e-35
4735 1.86709e-38 1.78325e-35 6.45327e-35
4737.5 1.0262e-38 2.44661e-35 6.00472e-35
4740 1.76377e-38 9.63202e-35 6.62325e-35
4742.5 2.71225e-38 5.16088e-35 6.91199e-35
4745 2.07098e-38 1.57539e-35 5.55736e-35
4747.5 2.97648e-38 3.00692e-35 6.78534e-35
4750 2.57656e-38 4.4812e-35 4.58836e-35
4752.5 3.02377e-38 9.1819e-36 6.8864e-35
4755 2.26669e-38 6.97243e-35 5.92374e-35
4757.5 2.46004e-38 8.83995e-35 6.19995e-35
4760 3.32947e-38 6.44914e-35 5.34648e-35
4762.5 1.88611e-38 6.79835e-35 5.54164e-35
4765 1.90293e-38 5.68858e-35 3.9738e-35
4767.5 2.10382e-38 5.30014e-35 5.7772e-35
4770 1.68038e-38 5.63744e-35 6.55406e-35
4772.5 1.2452e-38 2.81123e-35 6.98306e-35
4775 2.80788e-38 7.51786e-35 1.03582e-34
4777.5 3.91654e-38 1.02747e-35 6.17484e-35
4780 1.70588e-38 3.64529e-35 3.98624e-35
4782.5 2.1708e-38 6.91539e-35 4.79727e-35
4785 2.06598e-38 5.48102e-35 5.82646e-35
4787.5 2.9151e-38 1.29781e-34 5.21521e-35
4790 2.093e-38 1.12371e-34 5.91609e-35
4792.5 1.89341e-38 3.05601e-35 5.61857e-35
4795 1.75419e-38 3.88912e-35 5.49034e-35
4797.5 1.01289e-38 1.15007e-34 3.28727e-35
4800 2.43874e-38 2.76519e-35 6.18663e-35
4802.5 1.44987e-38 8.17468e-35 4.87013e-35
4805 2.1712e-38 3.82811e-35 7.46689e-35
4807.5 4.02853e-38 8.03167e-35 7.09264e-35
4810 3.2094e-38 3.24524e-35 8.06004e-35
4812.5 2.31471e-38 5.77827e-35 6.21817e-35
4815 1.72616e-38 7.67998e-35 2.62627e-35
4817.5 2.05554e-38 4.01286e-35 4.01463e-35
4820 2.92258e-38 3.91373e-35 4.45667e-35
4822.5 3.29107e-38 6.27544e-35 7.54894e-35
4825 2.30673e-38 1.15955e-34 5.49415e-35
4827.5 1.64603e-38 2.92229e-35 7.70206e-35
4830 4.31243e-38 7.01691e-35 6.20722e-35
4832.5 1.70462e-38 3.79506e-35 4.90571e-35
4835 2.18626e-38 3.51228e-35 3.79985e-35
4837.5 2.11569e-38 1.03936e-34 4.76425e-35
4840 2.0148e-38 6.13993e-35 4.12685e-35
4842.5 3.45334e-38 3.35773e-35 6.90724e-35
4845 1.36656e-38 3.33616e-35 4.45773e-35
4847.5 2.47043e-38 2.68909e-35 4.79405e-35
4850 1.88836e-38 7.49182e-35 5.59591e-35
4852.5 2.72696e-38 5.54708e-35 6.26312e-35
4855 4.47418e-38 4.94955e-35 7.46093e-35
4857.5 2.60878e-38 4.80934e-35 9.59625e-35
4860 2.65597e-38 3.30139e-35 8.41753e-35
4862.5 2.95753e-38 1.38839e-35 7.14539e-35
4865 2.10779e-38 7.08971e-35 7.83193e-35
4867.5 2.81543e-38 2.72889e-35 4.59743e-35
4870 3.61172e-38 2.34992e-35 4.33443e-35
4872.5 4.06141e-38 9.23195e-35 4.98496e-35
4875 2.93575e-38 2.8353e-35 7.86398e-35
4877.5 2.93569e-38 5.6356e-35 7.33205e-35
4880 3.14124e-38 5.63252e-35 4.74699e-35
4882.5 2.42229e-38 5.17977e-35 7.0379e-35
4885 1.35557e-38 6.86121e-35 4.51115e-35
4887.5 3.03938e-38 1.72172e-35 6.45214e-35
4890 2.26807e-38 2.10786e-35 5.76585e-35
4892.5 1.97541e-38 2.17333e-35 7.7509e-35
4895 2.8548e-38 1.45171e-35 6.28241e-35
4897.5 1.66051e-38 8.91329e-35 5.99554e-35
4900 2.14213e-38 9.92845e-35 4.42709e-35
4902.5 3.50224e-38 1.4484e-35 5.17174e-35
4905 1.57676e-38 3.71649e-35 2.53215e-35
4907.5 2.7364e-38 8.94256e-35 5.29635e-35
4910 2.04316e-38 3.36059e-35 6.63573e-35
4912.5 2.43513e-38 1.2559e-34 9.83397e-35
4915 1.85991e-38 6.40213e-35 7.13356e-35
4917.5 1.54351e-38 3.80828e-35 5.44971e-35
4920 2.68366e-38 4.4506e-35 1.04515e-34
4922.5 2.45008e-38 4.08932e-35 5.69904e-35
4925 1.67321e-38 1.12324e-34 1.11104e-34
4927.5 2.29736e-38 5.06592e-35 5.91528e-35
4930 1.33906e-38 4.19351e-35 5.91107e-35
4932.5 1.50596e-38 2.28402e-35 5.34424e-35
4935 1.96076e-38 9.83302e-35 6.24933e-35
4937.5 1.97981e-38 3.79462e-35 5.94677e-35
4940 2.34879e-38 8.9164e-35 3.15331e-35
4942.5 3.25984e-38 2.74279e-35 6.84283e-35
4945 3.48788e-38 7.26242e-35 7.23932e-35
4947.5 2.9245e-38 8.2432e-35 8.16233e-35
4950 2.60921e-38 3.66966e-35 8.37988e-35
4952.5 2.41761e-38 2.88127e-35 7.19567e-35
4955 2.20753e-38 6.6317e-35 4.2299e-35
4957.5 2.22655e-38 7.07141e-35 4.57156e-35
4960 3.5524e-38 9.23312e-35 5.18648e-35
4962.5 5.10154e-38 3.06145e-35 8.77377e-35
4965 4.58897e-38 5.65786e-35 7.90234e-35
4967.5 1.67492e-38 2.97313e-35 5.33078e-35
4970 2.73004e-38 1.62673e-35 5.63349e-35
4972.5 4.31524e-38 7.4663e-35 6.78309e-35
4975 2.8237e-38 9.01571e-35 4.87407e-35
4977.5 3.19265e-38 4.61904e-35 5.03317e-35
4980 1.72084e-38 3.64863e-35 5.62155e-35
4982.5 2.65686e-38 1.14706e-34 5.25253e-35
4985 1.91677e-38 2.29776e-35 8.14926e-35
4987.5 4.01583e-38 1.09887e-34 6.05692e-35
4990 2.56117e-38 2.70901e-35 4.66721e-35
4992.5 2.84372e-38 6.49942e-35 3.28558e-35
4995 2.28017e-38 3.14168e-35 4.51812e-35
4997.5 3.97144e-38 5.06766e-35 5.12497e-35
